Player=game:GetService("Players").LocalPlayer
Character=Player.Character 
PlayerGui=Player.PlayerGui
Backpack=Player.Backpack 
Torso=Character.Torso 
Head=Character.Head 
Humanoid=Character.Humanoid
m=Instance.new('Model',Character)
LeftArm=Character["Left Arm"] 
LeftLeg=Character["Left Leg"] 
RightArm=Character["Right Arm"] 
RightLeg=Character["Right Leg"] 
LS=Torso["Left Shoulder"] 
LH=Torso["Left Hip"] 
RS=Torso["Right Shoulder"] 
RH=Torso["Right Hip"] 
Face = Head.face
Neck=Torso.Neck
it=Instance.new
attacktype=1
vt=Vector3.new
cf=CFrame.new
euler=CFrame.fromEulerAnglesXYZ
angles=CFrame.Angles
cloaked=false
necko=cf(0, 1, 0, -1, -0, -0, 0, 0, 1, 0, 1, 0)
necko2=cf(0, -0.5, 0, -1, -0, -0, 0, 0, 1, 0, 1, 0)
LHC0=cf(-1,-1,0,-0,-0,-1,0,1,0,1,0,0)
LHC1=cf(-0.5,1,0,-0,-0,-1,0,1,0,1,0,0)
RHC0=cf(1,-1,0,0,0,1,0,1,0,-1,-0,-0)
RHC1=cf(0.5,1,0,0,0,1,0,1,0,-1,-0,-0)
RootPart=Character.HumanoidRootPart
RootJoint=RootPart.RootJoint
RootCF=euler(-1.57,0,3.14)
attack = false 
attackdebounce = false 
deb=false
equipped=true
hand=false
MMouse=nil
combo=0
mana=0
trispeed=.2
attackmode='none'
local idle=0
local Anim="Idle"
local Effects={}
local gun=false
local shoot=false
player=nil 
mana=0

mouse=Player:GetMouse()
--save shoulders 
RSH, LSH=nil, nil 
--welds 
RW, LW=Instance.new("Weld"), Instance.new("Weld") 
RW.Name="Right Shoulder" LW.Name="Left Shoulder"
LH=Torso["Left Hip"]
RH=Torso["Right Hip"]
TorsoColor=Torso.BrickColor
function NoOutline(Part)
Part.TopSurface,Part.BottomSurface,Part.LeftSurface,Part.RightSurface,Part.FrontSurface,Part.BackSurface = 10,10,10,10,10,10
end
player=Player 
ch=Character
RSH=ch.Torso["Right Shoulder"] 
LSH=ch.Torso["Left Shoulder"] 
-- 
RSH.Parent=nil 
LSH.Parent=nil 
-- 
RW.Name="Right Shoulder"
RW.Part0=ch.Torso 
RW.C0=cf(1.5, 0.5, 0) --* CFrame.fromEulerAnglesXYZ(1.3, 0, -0.5) 
RW.C1=cf(0, 0.5, 0) 
RW.Part1=ch["Right Arm"] 
RW.Parent=ch.Torso 
-- 
LW.Name="Left Shoulder"
LW.Part0=ch.Torso 
LW.C0=cf(-1.5, 0.5, 0) --* CFrame.fromEulerAnglesXYZ(1.7, 0, 0.8) 
LW.C1=cf(0, 0.5, 0) 
LW.Part1=ch["Left Arm"] 
LW.Parent=ch.Torso 

    Player=game:GetService('Players').LocalPlayer
    Character=Player.Character
    Mouse=Player:GetMouse()
    m=Instance.new('Model',Character)


    local function weldBetween(a, b)
        local weldd = Instance.new("ManualWeld")
        weldd.Part0 = a
        weldd.Part1 = b
        weldd.C0 = CFrame.new()
        weldd.C1 = b.CFrame:inverse() * a.CFrame
        weldd.Parent = a
        return weldd
    end
    
    function swait(num)
    if num==0 or num==nil then
    game:service'RunService'.Stepped:wait(0)
    else
    for i=0,num do
    game:service'RunService'.Stepped:wait(0)
    end
    end
        end
    
    function nooutline(part)
        part.TopSurface,part.BottomSurface,part.LeftSurface,part.RightSurface,part.FrontSurface,part.BackSurface = 10,10,10,10,10,10
    end
    
    Player=game:GetService('Players').LocalPlayer
    Character=Player.Character
    Mouse=Player:GetMouse()
    m=Instance.new('Model',Character)


    local function weldBetween(a, b)
        local weldd = Instance.new("ManualWeld")
        weldd.Part0 = a
        weldd.Part1 = b
        weldd.C0 = CFrame.new()
        weldd.C1 = b.CFrame:inverse() * a.CFrame
        weldd.Parent = a
        return weldd
    end
    
    it=Instance.new
    
    function nooutline(part)
        part.TopSurface,part.BottomSurface,part.LeftSurface,part.RightSurface,part.FrontSurface,part.BackSurface = 10,10,10,10,10,10
    end
    
    function part(formfactor,parent,material,reflectance,transparency,brickcolor,name,size)
        local fp=it("Part")
        fp.formFactor=formfactor
        fp.Parent=parent
        fp.Reflectance=reflectance
        fp.Transparency=transparency
        fp.CanCollide=false
        fp.Locked=true
        fp.BrickColor=BrickColor.new(tostring(brickcolor))
        fp.Name=name
        fp.Size=size
        fp.Position=Character.Torso.Position
        nooutline(fp)
        fp.Material=material
        fp:BreakJoints()
        return fp
    end
    
    function mesh(Mesh,part,meshtype,meshid,offset,scale)
        local mesh=it(Mesh)
        mesh.Parent=part
        if Mesh=="SpecialMesh" then
            mesh.MeshType=meshtype
            mesh.MeshId=meshid
        end
        mesh.Offset=offset
        mesh.Scale=scale
        return mesh
    end
    
    function weld(parent,part0,part1,c0,c1)
        local weld=it("Weld")
        weld.Parent=parent
        weld.Part0=part0
        weld.Part1=part1
        weld.C0=c0
        weld.C1=c1
        return weld
    end

Aether=part(Enum.FormFactor.Custom,m,Enum.Material.SmoothPlastic,0,0,"Really black","Handle",Vector3.new(0.628554821, 1.32748795, 0.200000003))
Aetherweld=weld(m,Character["Left Arm"],Aether,CFrame.new(0, 0, 0, 1, 0, 0, 0, 1, 0, 0, 0, 1),CFrame.new(0.859289527, -0.0968446732, 0.0218138695, 0.0220653266, 0.99975431, -0.00205104053, 0.00974609517, 0.00183633971, 0.999950826, 0.99970907, -0.0220842306, -0.00970318168))
mesh("CylinderMesh",Aether,"","",Vector3.new(0, 0, 0),Vector3.new(1, 1, 0.934888721))
Neon=part(Enum.FormFactor.Custom,m,Enum.Material.Neon,0,0,"Lily white","Neon",Vector3.new(0.200000003, 0.200000003, 0.200000003))
Neonweld=weld(m,Aether,Neon,CFrame.new(0, 0, 0, 1, 0, 0, 0, 1, 0, 0, 0, 1),CFrame.new(-0.0482299328, -0.46901834, -0.00140285492, 0.866025388, 0.5, 4.34461981e-007, 0.5, -0.866025388, 2.34693289e-007, 4.92460458e-007, 1.21071935e-008, -1))
mesh("SpecialMesh",Neon,Enum.MeshType.Sphere,"",Vector3.new(0, 0, 0),Vector3.new(0.474570572, 0.50816983, 0.470371157))
Neon=part(Enum.FormFactor.Custom,m,Enum.Material.Neon,0,0,"Lily white","Neon",Vector3.new(0.200000003, 0.200000003, 0.200000003))
Neonweld=weld(m,Aether,Neon,CFrame.new(0, 0, 0, 1, 0, 0, 0, 1, 0, 0, 0, 1),CFrame.new(-0.0408809185, 0.540866375, -0.0013794899, 5.68735413e-006, -1.00000012, -1.12690032e-007, -1.00000012, -5.68758696e-006, 8.57362465e-008, -8.7031367e-008, 1.12690032e-007, -1))
mesh("SpecialMesh",Neon,Enum.MeshType.Sphere,"",Vector3.new(0, 0, 0),Vector3.new(0.474570572, 0.50816983, 0.470371157))
Neon=part(Enum.FormFactor.Brick,m,Enum.Material.Neon,0,0,"Lily white","Neon",Vector3.new(0.414578706, 0.267470866, 0.508193612))
Neonweld=weld(m,Aether,Neon,CFrame.new(0, 0, 0, 1, 0, 0, 0, 1, 0, 0, 0, 1),CFrame.new(-0.00239992142, -0.0296115875, 0.771736503, 8.24144081e-007, -5.30853868e-008, -1.00000012, -0.965925813, -0.258818716, -7.82543793e-007, -0.258818716, 0.965925992, -2.64495611e-007))
mesh("CylinderMesh",Neon,"","",Vector3.new(0, 0, 0),Vector3.new(1, 1, 0.400000006))
Neon=part(Enum.FormFactor.Brick,m,Enum.Material.Neon,0,0,"Lily white","Neon",Vector3.new(0.414578706, 0.267470866, 0.508193612))
Neonweld=weld(m,Aether,Neon,CFrame.new(0, 0, 0, 1, 0, 0, 0, 1, 0, 0, 0, 1),CFrame.new(0.00250148773, 0.0349569321, 0.746231079, -8.24144081e-007, 5.30853868e-008, 1.00000012, -5.69061376e-006, 1, -5.30853868e-008, -1, -5.69084659e-006, -8.25148163e-007))
mesh("CylinderMesh",Neon,"","",Vector3.new(0, 0, 0),Vector3.new(1, 1, 0.400000006))
Neon=part(Enum.FormFactor.Custom,m,Enum.Material.Neon,0,0,"Lily white","Neon",Vector3.new(0.200000003, 0.200000003, 0.200000003))
Neonweld=weld(m,Aether,Neon,CFrame.new(0, 0, 0, 1, 0, 0, 0, 1, 0, 0, 0, 1),CFrame.new(-0.00358104706, -0.869184017, -0.00138282776, -0.866025507, -0.49999997, -2.67289579e-007, -0.49999994, 0.866025507, -2.67289579e-007, 3.64165317e-007, -9.96515155e-008, -1))
mesh("SpecialMesh",Neon,Enum.MeshType.Sphere,"",Vector3.new(0, 0, 0),Vector3.new(0.474570572, 0.50816983, 0.470371157))
Neon=part(Enum.FormFactor.Custom,m,Enum.Material.Neon,0,0,"Lily white","Neon",Vector3.new(0.200000003, 0.75464201, 0.200000003))
Neonweld=weld(m,Aether,Neon,CFrame.new(0, 0, 0, 1, 0, 0, 0, 1, 0, 0, 0, 1),CFrame.new(-0.048207283, 0.848121047, 0.00165987015, 0.866025388, 0.5, 4.34461981e-007, -0.5, 0.866025388, -2.34693289e-007, -4.92460458e-007, -1.21071935e-008, 1))
mesh("CylinderMesh",Neon,"","",Vector3.new(0, 0, 0),Vector3.new(0.471740097, 1, 0.682904243))
Neon=part(Enum.FormFactor.Custom,m,Enum.Material.Neon,0,0,"Lily white","Neon",Vector3.new(0.200000003, 0.200000003, 0.200000003))
Neonweld=weld(m,Aether,Neon,CFrame.new(0, 0, 0, 1, 0, 0, 0, 1, 0, 0, 0, 1),CFrame.new(-0.0408153534, 1.29684615, -0.00142383575, 5.68735413e-006, -1.00000012, -1.12690032e-007, -1.00000012, -5.68758696e-006, 8.57362465e-008, -8.7031367e-008, 1.12690032e-007, -1))
mesh("SpecialMesh",Neon,Enum.MeshType.Sphere,"",Vector3.new(0, 0, 0),Vector3.new(0.474570572, 0.50816983, 0.470371157))
Neon=part(Enum.FormFactor.Brick,m,Enum.Material.Neon,0,0,"Lily white","Neon",Vector3.new(0.414578706, 0.267470866, 0.508193612))
Neonweld=weld(m,Aether,Neon,CFrame.new(0, 0, 0, 1, 0, 0, 0, 1, 0, 0, 0, 1),CFrame.new(-0.00249433517, -0.030421257, 0.769461155, 8.24144081e-007, -5.30853868e-008, -1.00000012, -0.866025567, -0.499999732, -6.88713044e-007, -0.499999762, 0.866025686, -4.59142029e-007))
mesh("CylinderMesh",Neon,"","",Vector3.new(0, 0, 0),Vector3.new(1, 1, 0.400000006))
Neon=part(Enum.FormFactor.Brick,m,Enum.Material.Neon,0,0,"Lily white","Neon",Vector3.new(0.414578706, 0.200274855, 0.508193612))
Neonweld=weld(m,Aether,Neon,CFrame.new(0, 0, 0, 1, 0, 0, 0, 1, 0, 0, 0, 1),CFrame.new(0.00255298615, 0.0175304413, 0.694089413, -8.24144081e-007, 5.30853868e-008, 1.00000012, -1, 5.00585884e-008, -8.24971721e-007, -5.00585884e-008, -1.00000012, 5.21540642e-008))
mesh("CylinderMesh",Neon,"","",Vector3.new(0, 0, 0),Vector3.new(1, 1, 0.400000006))
Neon=part(Enum.FormFactor.Custom,m,Enum.Material.Neon,0,0,"Lily white","Neon",Vector3.new(0.200000003, 0.200000003, 0.200000003))
Neonweld=weld(m,Aether,Neon,CFrame.new(0, 0, 0, 1, 0, 0, 0, 1, 0, 0, 0, 1),CFrame.new(-0.00361680984, -1.62502837, -0.00139760971, -0.866025507, -0.49999997, -2.67289579e-007, -0.49999994, 0.866025507, -2.67289579e-007, 3.64165317e-007, -9.96515155e-008, -1))
mesh("SpecialMesh",Neon,Enum.MeshType.Sphere,"",Vector3.new(0, 0, 0),Vector3.new(0.474570572, 0.50816983, 0.470371157))
Neon=part(Enum.FormFactor.Brick,m,Enum.Material.Neon,0,0,"Lily white","Neon",Vector3.new(0.414578706, 0.267470866, 0.508193612))
Neonweld=weld(m,Aether,Neon,CFrame.new(0, 0, 0, 1, 0, 0, 0, 1, 0, 0, 0, 1),CFrame.new(0.00245523453, -0.0160694122, -0.768128753, -8.24144081e-007, 5.30853868e-008, 1.00000012, -1, 5.00585884e-008, -8.24971721e-007, -5.00585884e-008, -1.00000012, 5.21540642e-008))
mesh("CylinderMesh",Neon,"","",Vector3.new(0, 0, 0),Vector3.new(1, 1, 0.400000006))
Neon=part(Enum.FormFactor.Brick,m,Enum.Material.Neon,0,0,"Lily white","Neon",Vector3.new(0.414578706, 0.267470866, 0.508193612))
Neonweld=weld(m,Aether,Neon,CFrame.new(0, 0, 0, 1, 0, 0, 0, 1, 0, 0, 0, 1),CFrame.new(-0.00248527527, -0.0654726028, 0.760480046, 8.24144081e-007, -5.30853868e-008, -1.00000012, -0.499997318, -0.866026998, -3.66941094e-007, -0.866027057, 0.499997318, -7.41332769e-007))
mesh("CylinderMesh",Neon,"","",Vector3.new(0, 0, 0),Vector3.new(1, 1, 0.400000006))
Neon=part(Enum.FormFactor.Brick,m,Enum.Material.Neon,0,0,"Lily white","Neon",Vector3.new(0.414578706, 0.267470866, 0.508193612))
Neonweld=weld(m,Aether,Neon,CFrame.new(0, 0, 0, 1, 0, 0, 0, 1, 0, 0, 0, 1),CFrame.new(-0.00253629684, -0.0646264553, 0.748324633, 8.24144081e-007, -5.30853868e-008, -1.00000012, -0.258814603, -0.965927124, -1.62981451e-007, -0.965927064, 0.258814663, -8.11880454e-007))
mesh("CylinderMesh",Neon,"","",Vector3.new(0, 0, 0),Vector3.new(1, 1, 0.400000006))
Neon=part(Enum.FormFactor.Custom,m,Enum.Material.Neon,0,0,"Lily white","Neon",Vector3.new(0.200000003, 0.200000003, 0.200000003))
Neonweld=weld(m,Aether,Neon,CFrame.new(0, 0, 0, 1, 0, 0, 0, 1, 0, 0, 0, 1),CFrame.new(-0.0167102814, -0.91748333, -0.00139427185, -0.866026878, 0.499997616, 1.37835741e-007, 0.499997616, 0.866026759, -4.64729965e-007, -3.52476491e-007, -3.34344804e-007, -1.00000012))
mesh("SpecialMesh",Neon,Enum.MeshType.Sphere,"",Vector3.new(0, 0, 0),Vector3.new(0.474570572, 0.50816983, 0.470371157))
Neon=part(Enum.FormFactor.Brick,m,Enum.Material.Neon,0,0,"Lily white","Neon",Vector3.new(0.414578706, 0.267470866, 0.508193612))
Neonweld=weld(m,Aether,Neon,CFrame.new(0, 0, 0, 1, 0, 0, 0, 1, 0, 0, 0, 1),CFrame.new(0.00250673294, -0.0676466227, 0.777448893, -8.24144081e-007, 5.30853868e-008, 1.00000012, 0.258824974, -0.965924323, 2.64495611e-007, 0.965924263, 0.258824974, 7.8510493e-007))
mesh("CylinderMesh",Neon,"","",Vector3.new(0, 0, 0),Vector3.new(1, 1, 0.400000006))
Neon=part(Enum.FormFactor.Symmetric,m,Enum.Material.Neon,0,0,"Lily white","Neon",Vector3.new(0.201587483, 0.204107866, 0.20326753))
Neonweld=weld(m,Aether,Neon,CFrame.new(0, 0, 0, 1, 0, 0, 0, 1, 0, 0, 0, 1),CFrame.new(0.102931261, 0.746011496, -0.00346374512, 5.68735413e-006, -1.00000012, -1.12690032e-007, -1.00000012, -5.68758696e-006, 8.57362465e-008, -8.7031367e-008, 1.12690032e-007, -1))
mesh("SpecialMesh",Neon,Enum.MeshType.Sphere,"",Vector3.new(0, 0, 0),Vector3.new(1, 1, 1))
Neon=part(Enum.FormFactor.Brick,m,Enum.Material.Neon,0,0,"Lily white","Neon",Vector3.new(0.414578706, 0.267470866, 0.508193612))
Neonweld=weld(m,Aether,Neon,CFrame.new(0, 0, 0, 1, 0, 0, 0, 1, 0, 0, 0, 1),CFrame.new(0.00245761871, 0.0617038012, 0.698882341, -8.24144081e-007, 5.30853868e-008, 1.00000012, -0.86602658, 0.499997973, -7.40401447e-007, -0.499997973, -0.8660267, -3.67872417e-007))
mesh("CylinderMesh",Neon,"","",Vector3.new(0, 0, 0),Vector3.new(1, 1, 0.400000006))
Neon=part(Enum.FormFactor.Brick,m,Enum.Material.Neon,0,0,"Lily white","Neon",Vector3.new(0.414578706, 0.267470866, 0.508193612))
Neonweld=weld(m,Aether,Neon,CFrame.new(0, 0, 0, 1, 0, 0, 0, 1, 0, 0, 0, 1),CFrame.new(0.00255489349, -0.0120299459, 0.792168617, -8.24144081e-007, 5.30853868e-008, 1.00000012, 0.86602658, -0.499997973, 7.40401447e-007, 0.499997973, 0.8660267, 3.67872417e-007))
mesh("CylinderMesh",Neon,"","",Vector3.new(0, 0, 0),Vector3.new(1, 1, 0.400000006))
Neon=part(Enum.FormFactor.Custom,m,Enum.Material.Neon,0,0,"Lily white","Neon",Vector3.new(0.200000003, 0.75464201, 0.200000003))
Neonweld=weld(m,Aether,Neon,CFrame.new(0, 0, 0, 1, 0, 0, 0, 1, 0, 0, 0, 1),CFrame.new(-0.0407748222, -0.917782784, 0.00175046921, 5.68735413e-006, -1.00000012, -1.12690032e-007, 1.00000012, 5.68758696e-006, -8.57362465e-008, 8.7031367e-008, -1.12690032e-007, 1))
mesh("CylinderMesh",Neon,"","",Vector3.new(0, 0, 0),Vector3.new(0.471740097, 1, 0.682904243))
Neon=part(Enum.FormFactor.Custom,m,Enum.Material.Neon,0,0,"Lily white","Neon",Vector3.new(0.207467124, 0.200000003, 0.200747684))
Neonweld=weld(m,Aether,Neon,CFrame.new(0, 0, 0, 1, 0, 0, 0, 1, 0, 0, 0, 1),CFrame.new(0.698031425, 0.199667215, -0.0031504631, -0.499997377, -0.866026998, 2.65426934e-007, -0.866026998, 0.499997318, -1.53668225e-007, -2.34831532e-009, -3.08267772e-007, -1))
mesh("SpecialMesh",Neon,Enum.MeshType.Sphere,"",Vector3.new(0, 0, 0),Vector3.new(1, 0.974342167, 1))
Neon=part(Enum.FormFactor.Brick,m,Enum.Material.Neon,0,0,"Lily white","Neon",Vector3.new(0.414578706, 0.267470866, 0.508193612))
Neonweld=weld(m,Aether,Neon,CFrame.new(0, 0, 0, 1, 0, 0, 0, 1, 0, 0, 0, 1),CFrame.new(-0.0024805069, 0.0297365189, 0.693201661, 8.24144081e-007, -5.30853868e-008, -1.00000012, 0.866025567, 0.499999732, 6.88713044e-007, 0.499999762, -0.866025686, 4.59142029e-007))
mesh("CylinderMesh",Neon,"","",Vector3.new(0, 0, 0),Vector3.new(1, 1, 0.400000006))
Neon=part(Enum.FormFactor.Custom,m,Enum.Material.Neon,0,0,"Lily white","Neon",Vector3.new(0.200000003, 0.75464201, 0.200000003))
Neonweld=weld(m,Aether,Neon,CFrame.new(0, 0, 0, 1, 0, 0, 0, 1, 0, 0, 0, 1),CFrame.new(-0.0246095657, 0.946931005, 0.00160741806, 5.68735413e-006, -1.00000012, -1.12690032e-007, 1.00000012, 5.68758696e-006, -8.57362465e-008, 8.7031367e-008, -1.12690032e-007, 1))
mesh("CylinderMesh",Neon,"","",Vector3.new(0, 0, 0),Vector3.new(0.471740097, 1, 0.682904243))
Neon=part(Enum.FormFactor.Brick,m,Enum.Material.Neon,0,0,"Lily white","Neon",Vector3.new(0.414578706, 0.267470866, 0.508193612))
Neonweld=weld(m,Aether,Neon,CFrame.new(0, 0, 0, 1, 0, 0, 0, 1, 0, 0, 0, 1),CFrame.new(0.00253391266, -0.0274742842, 0.799907207, -8.24144081e-007, 5.30853868e-008, 1.00000012, 0.707110167, -0.707103372, 6.20726496e-007, 0.707103372, 0.707110226, 5.46686351e-007))
mesh("CylinderMesh",Neon,"","",Vector3.new(0, 0, 0),Vector3.new(1, 1, 0.400000006))
Neon=part(Enum.FormFactor.Custom,m,Enum.Material.Neon,0,0,"Lily white","Neon",Vector3.new(0.200000003, 0.75464201, 0.200000003))
Neonweld=weld(m,Aether,Neon,CFrame.new(0, 0, 0, 1, 0, 0, 0, 1, 0, 0, 0, 1),CFrame.new(-0.00361967087, 1.24815178, 0.00166797638, -0.866025507, -0.49999997, -2.67289579e-007, 0.49999994, -0.866025507, 2.67289579e-007, -3.64165317e-007, 9.96515155e-008, 1))
mesh("CylinderMesh",Neon,"","",Vector3.new(0, 0, 0),Vector3.new(0.471740097, 1, 0.682904243))
Neon=part(Enum.FormFactor.Brick,m,Enum.Material.Neon,0,0,"Lily white","Neon",Vector3.new(0.414578706, 0.267470866, 0.508193612))
Neonweld=weld(m,Aether,Neon,CFrame.new(0, 0, 0, 1, 0, 0, 0, 1, 0, 0, 0, 1),CFrame.new(0.00258970261, -0.0367918015, 0.760182619, -8.24144081e-007, 5.30853868e-008, 1.00000012, 5.69061376e-006, -1, 5.30853868e-008, 1, 5.69084659e-006, 8.25148163e-007))
mesh("CylinderMesh",Neon,"","",Vector3.new(0, 0, 0),Vector3.new(1, 1, 0.400000006))
Neon=part(Enum.FormFactor.Brick,m,Enum.Material.Neon,0,0,"Lily white","Neon",Vector3.new(0.414578706, 0.267470866, 0.508193612))
Neonweld=weld(m,Aether,Neon,CFrame.new(0, 0, 0, 1, 0, 0, 0, 1, 0, 0, 0, 1),CFrame.new(-0.00249910355, 0.0319302082, 0.736921787, 8.24144081e-007, -5.30853868e-008, -1.00000012, 0.258814603, 0.965927124, 1.62981451e-007, 0.965927064, -0.258814663, 8.11880454e-007))
mesh("CylinderMesh",Neon,"","",Vector3.new(0, 0, 0),Vector3.new(1, 1, 0.400000006))
Neon=part(Enum.FormFactor.Custom,m,Enum.Material.Neon,0,0,"Lily white","Neon",Vector3.new(0.200000003, 0.200000003, 0.200000003))
Neonweld=weld(m,Aether,Neon,CFrame.new(0, 0, 0, 1, 0, 0, 0, 1, 0, 0, 0, 1),CFrame.new(-0.0245614052, -1.32380986, -0.00139141083, 5.68735413e-006, -1.00000012, -1.12690032e-007, -1.00000012, -5.68758696e-006, 8.57362465e-008, -8.7031367e-008, 1.12690032e-007, -1))
mesh("SpecialMesh",Neon,Enum.MeshType.Sphere,"",Vector3.new(0, 0, 0),Vector3.new(0.474570572, 0.50816983, 0.470371157))
Neon=part(Enum.FormFactor.Brick,m,Enum.Material.Neon,0,0,"Lily white","Neon",Vector3.new(0.414578706, 0.267470866, 0.508193612))
Neonweld=weld(m,Aether,Neon,CFrame.new(0, 0, 0, 1, 0, 0, 0, 1, 0, 0, 0, 1),CFrame.new(0.0024394989, -0.00593090057, 0.788860798, -8.24144081e-007, 5.30853868e-008, 1.00000012, 0.965926111, -0.25881815, 8.12113285e-007, 0.25881812, 0.965926111, 1.62050128e-007))
mesh("CylinderMesh",Neon,"","",Vector3.new(0, 0, 0),Vector3.new(1, 1, 0.400000006))
Neon=part(Enum.FormFactor.Brick,m,Enum.Material.Neon,0,0,"Lily white","Neon",Vector3.new(0.414578706, 0.267470866, 0.508193612))
Neonweld=weld(m,Aether,Neon,CFrame.new(0, 0, 0, 1, 0, 0, 0, 1, 0, 0, 0, 1),CFrame.new(-0.00250387192, 0.0384171009, 0.715082526, 8.24144081e-007, -5.30853868e-008, -1.00000012, 0.707106292, 0.707107365, 5.46686351e-007, 0.707107306, -0.707106292, 6.21192157e-007))
mesh("CylinderMesh",Neon,"","",Vector3.new(0, 0, 0),Vector3.new(1, 1, 0.400000006))
Neon=part(Enum.FormFactor.Custom,m,Enum.Material.Neon,0,0,"Lily white","Neon",Vector3.new(0.200000003, 0.200000003, 0.200000003))
Neonweld=weld(m,Aether,Neon,CFrame.new(0, 0, 0, 1, 0, 0, 0, 1, 0, 0, 0, 1),CFrame.new(-0.0245568752, -0.567831755, -0.00136518478, 5.68735413e-006, -1.00000012, -1.12690032e-007, -1.00000012, -5.68758696e-006, 8.57362465e-008, -8.7031367e-008, 1.12690032e-007, -1))
mesh("SpecialMesh",Neon,Enum.MeshType.Sphere,"",Vector3.new(0, 0, 0),Vector3.new(0.474570572, 0.50816983, 0.470371157))
Neon=part(Enum.FormFactor.Brick,m,Enum.Material.Neon,0,0,"Lily white","Neon",Vector3.new(0.414578706, 0.267470866, 0.508193612))
Neonweld=weld(m,Aether,Neon,CFrame.new(0, 0, 0, 1, 0, 0, 0, 1, 0, 0, 0, 1),CFrame.new(0.0024433136, 0.00553488731, 0.692357302, -8.24144081e-007, 5.30853868e-008, 1.00000012, -0.965926111, 0.25881815, -8.12113285e-007, -0.25881812, -0.965926111, -1.62050128e-007))
mesh("CylinderMesh",Neon,"","",Vector3.new(0, 0, 0),Vector3.new(1, 1, 0.400000006))
Neon=part(Enum.FormFactor.Brick,m,Enum.Material.Neon,0,0,"Lily white","Neon",Vector3.new(0.414578706, 0.267470866, 0.508193612))
Neonweld=weld(m,Aether,Neon,CFrame.new(0, 0, 0, 1, 0, 0, 0, 1, 0, 0, 0, 1),CFrame.new(-0.00244855881, 0.0087852478, 0.682419538, 8.24144081e-007, -5.30853868e-008, -1.00000012, 0.965925813, 0.258818716, 7.82543793e-007, 0.258818716, -0.965925992, 2.64495611e-007))
mesh("CylinderMesh",Neon,"","",Vector3.new(0, 0, 0),Vector3.new(1, 1, 0.400000006))
Neon=part(Enum.FormFactor.Brick,m,Enum.Material.Neon,0,0,"Lily white","Neon",Vector3.new(0.414578706, 0.267470866, 0.508193612))
Neonweld=weld(m,Aether,Neon,CFrame.new(0, 0, 0, 1, 0, 0, 0, 1, 0, 0, 0, 1),CFrame.new(0.00248146057, -0.0610060692, 0.789432049, -8.24144081e-007, 5.30853868e-008, 1.00000012, 0.500005364, -0.866022348, 4.58210707e-007, 0.866022289, 0.500005364, 6.88247383e-007))
mesh("CylinderMesh",Neon,"","",Vector3.new(0, 0, 0),Vector3.new(1, 1, 0.400000006))
Neon=part(Enum.FormFactor.Brick,m,Enum.Material.Neon,0,0,"Lily white","Neon",Vector3.new(0.414578706, 0.267470866, 0.508193612))
Neonweld=weld(m,Aether,Neon,CFrame.new(0, 0, 0, 1, 0, 0, 0, 1, 0, 0, 0, 1),CFrame.new(-0.00248479843, 0.0247051716, 0.724541545, 8.24144081e-007, -5.30853868e-008, -1.00000012, 0.499997318, 0.866026998, 3.66941094e-007, 0.866027057, -0.499997318, 7.41332769e-007))
mesh("CylinderMesh",Neon,"","",Vector3.new(0, 0, 0),Vector3.new(1, 1, 0.400000006))
Neon=part(Enum.FormFactor.Custom,m,Enum.Material.Neon,0,0,"Lily white","Neon",Vector3.new(0.200000003, 0.75464201, 0.200000003))
Neonweld=weld(m,Aether,Neon,CFrame.new(0, 0, 0, 1, 0, 0, 0, 1, 0, 0, 0, 1),CFrame.new(0.0618763566, 0.844838619, 0.00165748596, 0.866026819, -0.499997675, -1.76951289e-008, 0.499997675, 0.866026819, -8.7544322e-008, 5.87260729e-008, 6.61239028e-008, 1.00000012))
mesh("CylinderMesh",Neon,"","",Vector3.new(0, 0, 0),Vector3.new(0.471740097, 1, 0.682904243))
Neon=part(Enum.FormFactor.Custom,m,Enum.Material.Neon,0,0,"Lily white","Neon",Vector3.new(0.200000003, 0.200000003, 0.200000003))
Neonweld=weld(m,Aether,Neon,CFrame.new(0, 0, 0, 1, 0, 0, 0, 1, 0, 0, 0, 1),CFrame.new(0.061909318, -1.22174335, -0.00138807297, 0.866026819, -0.499997675, -1.76951289e-008, -0.499997675, -0.866026819, 8.7544322e-008, -5.87260729e-008, -6.61239028e-008, -1.00000012))
mesh("SpecialMesh",Neon,Enum.MeshType.Sphere,"",Vector3.new(0, 0, 0),Vector3.new(0.474570572, 0.50816983, 0.470371157))
Neon=part(Enum.FormFactor.Custom,m,Enum.Material.Neon,0,0,"Lily white","Neon",Vector3.new(0.200000003, 0.200000003, 0.200000003))
Neonweld=weld(m,Aether,Neon,CFrame.new(0, 0, 0, 1, 0, 0, 0, 1, 0, 0, 0, 1),CFrame.new(-0.0167390108, -1.67346716, -0.0013666153, -0.866026878, 0.499997616, 1.37835741e-007, 0.499997616, 0.866026759, -4.64729965e-007, -3.52476491e-007, -3.34344804e-007, -1.00000012))
mesh("SpecialMesh",Neon,Enum.MeshType.Sphere,"",Vector3.new(0, 0, 0),Vector3.new(0.474570572, 0.50816983, 0.470371157))
Neon=part(Enum.FormFactor.Custom,m,Enum.Material.Neon,0,0,"Lily white","Neon",Vector3.new(0.200000003, 0.200000003, 0.200000003))
Neonweld=weld(m,Aether,Neon,CFrame.new(0, 0, 0, 1, 0, 0, 0, 1, 0, 0, 0, 1),CFrame.new(-0.0481948853, -1.22510386, -0.0013961792, 0.866025388, 0.5, 4.34461981e-007, 0.5, -0.866025388, 2.34693289e-007, 4.92460458e-007, 1.21071935e-008, -1))
mesh("SpecialMesh",Neon,Enum.MeshType.Sphere,"",Vector3.new(0, 0, 0),Vector3.new(0.474570572, 0.50816983, 0.470371157))
Neon=part(Enum.FormFactor.Custom,m,Enum.Material.Neon,0,0,"Lily white","Neon",Vector3.new(0.200000003, 0.75464201, 0.200000003))
Neonweld=weld(m,Aether,Neon,CFrame.new(0, 0, 0, 1, 0, 0, 0, 1, 0, 0, 0, 1),CFrame.new(-0.0167447329, 1.29658318, 0.00167179108, -0.866026878, 0.499997616, 1.37835741e-007, -0.499997616, -0.866026759, 4.64729965e-007, 3.52476491e-007, 3.34344804e-007, 1.00000012))
mesh("CylinderMesh",Neon,"","",Vector3.new(0, 0, 0),Vector3.new(0.471740097, 1, 0.682904243))
Neon=part(Enum.FormFactor.Custom,m,Enum.Material.Neon,0,0,"Lily white","Neon",Vector3.new(0.200000003, 0.200000003, 0.200000003))
Neonweld=weld(m,Aether,Neon,CFrame.new(0, 0, 0, 1, 0, 0, 0, 1, 0, 0, 0, 1),CFrame.new(0.0619024634, -0.465797901, -0.00137424469, 0.866026819, -0.499997675, -1.76951289e-008, -0.499997675, -0.866026819, 8.7544322e-008, -5.87260729e-008, -6.61239028e-008, -1.00000012))
mesh("SpecialMesh",Neon,Enum.MeshType.Sphere,"",Vector3.new(0, 0, 0),Vector3.new(0.474570572, 0.50816983, 0.470371157))
Neon=part(Enum.FormFactor.Brick,m,Enum.Material.Neon,0,0,"Lily white","Neon",Vector3.new(0.414578706, 0.267470866, 0.508193612))
Neonweld=weld(m,Aether,Neon,CFrame.new(0, 0, 0, 1, 0, 0, 0, 1, 0, 0, 0, 1),CFrame.new(-0.00246477127, -0.0393984318, 0.773224831, 8.24144081e-007, -5.30853868e-008, -1.00000012, -0.707106292, -0.707107365, -5.46686351e-007, -0.707107306, 0.707106292, -6.21192157e-007))
mesh("CylinderMesh",Neon,"","",Vector3.new(0, 0, 0),Vector3.new(1, 1, 0.400000006))
NeonLetter=part(Enum.FormFactor.Custom,m,Enum.Material.Neon,0,0,"Lily white","NeonLetter",Vector3.new(0.270463198, 0.200000003, 0.200000003))
NeonLetterweld=weld(m,Aether,NeonLetter,CFrame.new(0, 0, 0, 1, 0, 0, 0, 1, 0, 0, 0, 1),CFrame.new(0.00296783447, -0.892157197, -0.0495495796, -8.24144081e-007, 5.30853868e-008, 1.00000012, -0.289944708, -0.957043409, -1.89058483e-007, 0.957043409, -0.289944708, 8.03964213e-007))
mesh("SpecialMesh",NeonLetter,Enum.MeshType.Wedge,"",Vector3.new(0, 0, 0),Vector3.new(1, 0.0965944752, 0.0839949176))
NeonLetter=part(Enum.FormFactor.Custom,m,Enum.Material.Neon,0,0,"Lily white","NeonLetter",Vector3.new(0.200000003, 0.200000003, 0.272143304))
NeonLetterweld=weld(m,Aether,NeonLetter,CFrame.new(0, 0, 0, 1, 0, 0, 0, 1, 0, 0, 0, 1),CFrame.new(-0.0220781565, -0.875856161, -0.00244951248, 0.965505719, -0.260382056, 1.36205927e-007, -0.260382056, -0.965505779, 2.00234354e-007, 7.75817171e-008, -2.28174031e-007, -1.00000012))
mesh("SpecialMesh",NeonLetter,Enum.MeshType.Brick,"",Vector3.new(0, 0, 0),Vector3.new(0.0839947835, 0.0839950144, 1))
NeonLetter=part(Enum.FormFactor.Custom,m,Enum.Material.Neon,0,0,"Lily white","NeonLetter",Vector3.new(0.270463198, 0.200000003, 0.200000003))
NeonLetterweld=weld(m,Aether,NeonLetter,CFrame.new(0, 0, 0, 1, 0, 0, 0, 1, 0, 0, 0, 1),CFrame.new(0.00298309326, 0.739748716, 0.227409244, -8.24144081e-007, 5.30853868e-008, 1.00000012, 0.485118002, 0.874448776, 3.55765224e-007, -0.874448717, 0.485117972, -7.45989382e-007))
mesh("SpecialMesh",NeonLetter,Enum.MeshType.Wedge,"",Vector3.new(0, 0, 0),Vector3.new(1, 0.251985252, 0.0839949176))
NeonLetter=part(Enum.FormFactor.Custom,m,Enum.Material.Neon,0,0,"Lily white","NeonLetter",Vector3.new(0.200000003, 0.200000003, 0.272143304))
NeonLetterweld=weld(m,Aether,NeonLetter,CFrame.new(0, 0, 0, 1, 0, 0, 0, 1, 0, 0, 0, 1),CFrame.new(-1.17238736, 0.25947094, -0.00244283676, -0.104480669, -0.994526982, -3.21306288e-007, -0.994526863, 0.104480661, -2.65077688e-007, 2.96309736e-007, 2.90572643e-007, -1.00000012))
mesh("SpecialMesh",NeonLetter,Enum.MeshType.Brick,"",Vector3.new(0, 0, 0),Vector3.new(0.0839947835, 0.390576929, 1))
NeonLetter=part(Enum.FormFactor.Custom,m,Enum.Material.Neon,0,0,"Lily white","NeonLetter",Vector3.new(0.200000003, 0.200000003, 0.272143304))
NeonLetterweld=weld(m,Aether,NeonLetter,CFrame.new(0, 0, 0, 1, 0, 0, 0, 1, 0, 0, 0, 1),CFrame.new(-0.192257524, -0.812019348, -0.00239419937, 0.895354569, -0.445353955, -4.33064997e-008, -0.445353985, -0.895354629, -4.56348062e-007, 1.6192098e-007, 4.25614417e-007, -1))
mesh("SpecialMesh",NeonLetter,Enum.MeshType.Brick,"",Vector3.new(0, 0, 0),Vector3.new(0.0839947835, 0.390576929, 1))
NeonLetter=part(Enum.FormFactor.Custom,m,Enum.Material.Neon,0,0,"Lily white","NeonLetter",Vector3.new(0.200000003, 0.422494948, 0.272143304))
NeonLetterweld=weld(m,Aether,NeonLetter,CFrame.new(0, 0, 0, 1, 0, 0, 0, 1, 0, 0, 0, 1),CFrame.new(0.0329217911, -0.964554191, 0.00242137909, -0.995991826, 0.0894442722, -2.12225132e-007, -0.0894442648, -0.995991766, 1.67638063e-008, -2.07572157e-007, 3.63215804e-008, 1))
mesh("SpecialMesh",NeonLetter,Enum.MeshType.Brick,"",Vector3.new(0, 0, 0),Vector3.new(0.306580961, 1, 1))
NeonLetter=part(Enum.FormFactor.Custom,m,Enum.Material.Neon,0,0,"Lily white","NeonLetter",Vector3.new(0.200000003, 0.291462719, 0.272143304))
NeonLetterweld=weld(m,Aether,NeonLetter,CFrame.new(0, 0, 0, 1, 0, 0, 0, 1, 0, 0, 0, 1),CFrame.new(-0.875645757, -0.439057112, 0.00245189667, -0.451866388, -0.892085612, -2.87778676e-007, 0.892085731, -0.451866418, 9.17352736e-008, -2.08923666e-007, -2.1327287e-007, 1.00000012))
mesh("SpecialMesh",NeonLetter,Enum.MeshType.Brick,"",Vector3.new(0, 0, 0),Vector3.new(0.0839947835, 1, 1))
NeonLetter=part(Enum.FormFactor.Custom,m,Enum.Material.Neon,0,0,"Lily white","NeonLetter",Vector3.new(0.200000003, 0.200000003, 0.272143304))
NeonLetterweld=weld(m,Aether,NeonLetter,CFrame.new(0, 0, 0, 1, 0, 0, 0, 1, 0, 0, 0, 1),CFrame.new(-1.16988111, -0.0580990314, -0.00243186951, 0.137960076, -0.990437865, 4.65661287e-009, -0.990437746, -0.137960061, -3.53320502e-007, 3.50833943e-007, 4.28408384e-008, -1))
mesh("SpecialMesh",NeonLetter,Enum.MeshType.Brick,"",Vector3.new(0, 0, 0),Vector3.new(0.0839947835, 0.390576929, 1))
NeonLetter=part(Enum.FormFactor.Custom,m,Enum.Material.Neon,0,0,"Lily white","NeonLetter",Vector3.new(0.270463198, 0.200000003, 0.200000003))
NeonLetterweld=weld(m,Aether,NeonLetter,CFrame.new(0, 0, 0, 1, 0, 0, 0, 1, 0, 0, 0, 1),CFrame.new(0.00295591354, 0.59362936, 0.516537428, -8.24144081e-007, 5.30853868e-008, 1.00000012, 0.485118002, 0.874448776, 3.55765224e-007, -0.874448717, 0.485117972, -7.45989382e-007))
mesh("SpecialMesh",NeonLetter,Enum.MeshType.Wedge,"",Vector3.new(0, 0, 0),Vector3.new(1, 0.432574511, 0.352778435))
NeonLetter=part(Enum.FormFactor.Custom,m,Enum.Material.Neon,0,0,"Lily white","NeonLetter",Vector3.new(0.200000003, 0.415775359, 0.272143304))
NeonLetterweld=weld(m,Aether,NeonLetter,CFrame.new(0, 0, 0, 1, 0, 0, 0, 1, 0, 0, 0, 1),CFrame.new(0.505042911, -0.851142645, 0.00249242783, -0.882199347, 0.470876366, -3.75322998e-007, -0.470876336, -0.882199347, 2.17929482e-007, -2.28741555e-007, 3.6880374e-007, 1.00000012))
mesh("SpecialMesh",NeonLetter,Enum.MeshType.Brick,"",Vector3.new(0, 0, 0),Vector3.new(0.34437868, 1, 1))
NeonLetter=part(Enum.FormFactor.Custom,m,Enum.Material.Neon,0,0,"Lily white","NeonLetter",Vector3.new(0.200000003, 0.200000003, 0.272143304))
NeonLetterweld=weld(m,Aether,NeonLetter,CFrame.new(0, 0, 0, 1, 0, 0, 0, 1, 0, 0, 0, 1),CFrame.new(-1.04437017, -0.460815907, -0.0024471283, 0.462649375, -0.886541367, -6.97560608e-007, -0.886541307, -0.462649375, -1.11293048e-007, -2.22287781e-007, 6.69620931e-007, -1.00000012))
mesh("SpecialMesh",NeonLetter,Enum.MeshType.Brick,"",Vector3.new(0, 0, 0),Vector3.new(0.0839947835, 0.848349869, 1))
Part=part(Enum.FormFactor.Brick,m,Enum.Material.SmoothPlastic,0,0,"Really black","Part",Vector3.new(0.628554821, 0.267470866, 0.922772646))
Partweld=weld(m,Aether,Part,CFrame.new(0, 0, 0, 1, 0, 0, 0, 1, 0, 0, 0, 1),CFrame.new(3.61204147e-005, 0.00246715546, -0.952003956, 1, 0, 1.11867848e-009, 2.55931809e-009, 2.05822289e-007, 1, 0, -1, 2.05822289e-007))
mesh("CylinderMesh",Part,"","",Vector3.new(0, 0, 0),Vector3.new(1, 1, 1))
BladeNeon=part(Enum.FormFactor.Custom,m,Enum.Material.Neon,0,0,"Lily white","BladeNeon",Vector3.new(0.405694813, 5.90820885, 0.200000003))
BladeNeonweld=weld(m,Aether,BladeNeon,CFrame.new(0, 0, 0, 1, 0, 0, 0, 1, 0, 0, 0, 1),CFrame.new(0.00310599804, -4.01893425, 0.000883102417, 1, 0, 1.11867848e-009, 0, -1, 0, -1.11867848e-009, 0, -1))
mesh("SpecialMesh",BladeNeon,Enum.MeshType.Brick,"",Vector3.new(0, 0, 0),Vector3.new(1.29999995, 1, 0.377976805))
BladeNeon=part(Enum.FormFactor.Custom,m,Enum.Material.Neon,0,0,"Lily white","BladeNeon",Vector3.new(0.200000003, 0.64424175, 0.260384023))
BladeNeonweld=weld(m,Aether,BladeNeon,CFrame.new(0, 0, 0, 1, 0, 0, 0, 1, 0, 0, 0, 1),CFrame.new(0.00020647049, -7.29191971, 0.136616588, -8.24144081e-007, 5.30853868e-008, 1.00000012, 5.75021841e-006, -1, 5.21540642e-008, 1, 5.75045124e-006, 8.24569725e-007))
mesh("SpecialMesh",BladeNeon,Enum.MeshType.Wedge,"",Vector3.new(0, 0, 0),Vector3.new(0.362857431, 1, 1))
BladeNeon=part(Enum.FormFactor.Custom,m,Enum.Material.Neon,0,0,"Lily white","BladeNeon",Vector3.new(0.200000003, 0.64424175, 0.264583766))
BladeNeonweld=weld(m,Aether,BladeNeon,CFrame.new(0, 0, 0, 1, 0, 0, 0, 1, 0, 0, 0, 1),CFrame.new(-0.000224590302, -7.2902317, 0.127586007, 8.24144081e-007, -5.30853868e-008, -1.00000012, 5.75021841e-006, -1, 5.21540642e-008, -1, -5.75045124e-006, -8.24569725e-007))
mesh("SpecialMesh",BladeNeon,Enum.MeshType.Wedge,"",Vector3.new(0, 0, 0),Vector3.new(0.362857431, 1, 1))
Blade=part(Enum.FormFactor.Custom,m,Enum.Material.SmoothPlastic,0,0,"Really black","Blade",Vector3.new(0.405694813, 5.84185266, 0.200000003))
Bladeweld=weld(m,Aether,Blade,CFrame.new(0, 0, 0, 1, 0, 0, 0, 1, 0, 0, 0, 1),CFrame.new(0.00318789482, -4.05222178, 0.000928878784, 1, 0, 1.11867848e-009, 0, -1, 0, -1.11867848e-009, 0, -1))
mesh("SpecialMesh",Blade,Enum.MeshType.Brick,"",Vector3.new(0, 0, 0),Vector3.new(1, 1, 0.419974238))
Blade=part(Enum.FormFactor.Custom,m,Enum.Material.SmoothPlastic,0,0,"Really black","Blade",Vector3.new(0.200000003, 0.522449017, 0.209147185))
Bladeweld=weld(m,Aether,Blade,CFrame.new(0, 0, 0, 1, 0, 0, 0, 1, 0, 0, 0, 1),CFrame.new(-0.000205039978, -7.23093414, 0.0965009928, 8.24144081e-007, -5.30853868e-008, -1.00000012, 5.75021841e-006, -1, 5.21540642e-008, -1, -5.75045124e-006, -8.24569725e-007))
mesh("SpecialMesh",Blade,Enum.MeshType.Wedge,"",Vector3.new(0, 0, 0),Vector3.new(0.403174937, 1, 1))
Blade=part(Enum.FormFactor.Custom,m,Enum.Material.SmoothPlastic,0,0,"Really black","Blade",Vector3.new(0.200000003, 0.522449017, 0.200000003))
Bladeweld=weld(m,Aether,Blade,CFrame.new(0, 0, 0, 1, 0, 0, 0, 1, 0, 0, 0, 1),CFrame.new(0.000283241272, -7.2334938, 0.1067518, -8.24144081e-007, 5.30853868e-008, 1.00000012, 5.75021841e-006, -1, 5.21540642e-008, 1, 5.75045124e-006, 8.24569725e-007))
mesh("SpecialMesh",Blade,Enum.MeshType.Wedge,"",Vector3.new(0, 0, 0),Vector3.new(0.403174937, 1, 0.995338917))

Nether=part(Enum.FormFactor.Custom,m,Enum.Material.SmoothPlastic,0,0,"Really black","Handle",Vector3.new(0.628554821, 1.32748795, 0.200000003))
Netherweld=weld(m,Character["Right Arm"],Nether,CFrame.new(0, 0, 0, 1, 0, 0, 0, 1, 0, 0, 0, 1),CFrame.new(0.87177372, -0.0829503536, 0.0382533073, -0.0281696357, 0.999596834, -0.00352261961, -0.000984552898, 0.00349627063, 0.999993443, 0.999602675, 0.0281729139, 0.000885667396))
mesh("CylinderMesh",Nether,"","",Vector3.new(0, 0, 0),Vector3.new(1, 1, 0.934888721))
Blade=part(Enum.FormFactor.Custom,m,Enum.Material.SmoothPlastic,0,0,"Really black","Blade",Vector3.new(0.405694813, 5.84185266, 0.200000003))
Bladeweld=weld(m,Nether,Blade,CFrame.new(0, 0, 0, 1, 0, 0, 0, 1, 0, 0, 0, 1),CFrame.new(0.0030772686, -4.05209923, 0.000898361206, 1, 0, 6.13908924e-011, 0, -1.00000012, 0, -6.13908924e-011, 0, -1))
mesh("SpecialMesh",Blade,Enum.MeshType.Brick,"",Vector3.new(0, 0, 0),Vector3.new(1, 1, 0.419974238))
Blade=part(Enum.FormFactor.Custom,m,Enum.Material.SmoothPlastic,0,0,"Really black","Blade",Vector3.new(0.200000003, 0.522449017, 0.209147185))
Bladeweld=weld(m,Nether,Blade,CFrame.new(0, 0, 0, 1, 0, 0, 0, 1, 0, 0, 0, 1),CFrame.new(-0.000222921371, -7.23093987, 0.0966489315, -1.9498998e-007, -1.84983946e-007, -1, 5.25335781e-006, -1.00000012, 1.84983946e-007, -1, -5.25335781e-006, 1.94589347e-007))
mesh("SpecialMesh",Blade,Enum.MeshType.Wedge,"",Vector3.new(0, 0, 0),Vector3.new(0.403174937, 1, 1))
Blade=part(Enum.FormFactor.Custom,m,Enum.Material.SmoothPlastic,0,0,"Really black","Blade",Vector3.new(0.200000003, 0.522449017, 0.200000003))
Bladeweld=weld(m,Nether,Blade,CFrame.new(0, 0, 0, 1, 0, 0, 0, 1, 0, 0, 0, 1),CFrame.new(0.000254154205, -7.23342943, 0.106646538, 1.9498998e-007, 1.84983946e-007, 1, 5.25335781e-006, -1.00000012, 1.84983946e-007, 1, 5.25335781e-006, -1.94589347e-007))
mesh("SpecialMesh",Blade,Enum.MeshType.Wedge,"",Vector3.new(0, 0, 0),Vector3.new(0.403174937, 1, 0.995338917))
BladeNeon=part(Enum.FormFactor.Custom,m,Enum.Material.Neon,0,0,"Really black","BladeNeon",Vector3.new(0.200000003, 0.64424175, 0.264583766))
BladeNeonweld=weld(m,Nether,BladeNeon,CFrame.new(0, 0, 0, 1, 0, 0, 0, 1, 0, 0, 0, 1),CFrame.new(-0.000238418579, -7.29017735, 0.127707481, -1.9498998e-007, -1.84983946e-007, -1, 5.25335781e-006, -1.00000012, 1.84983946e-007, -1, -5.25335781e-006, 1.94589347e-007))
mesh("SpecialMesh",BladeNeon,Enum.MeshType.Wedge,"",Vector3.new(0, 0, 0),Vector3.new(0.362857431, 1, 1))
BladeNeon=part(Enum.FormFactor.Custom,m,Enum.Material.Neon,0,0,"Really black","BladeNeon",Vector3.new(0.200000003, 0.64424175, 0.260384023))
BladeNeonweld=weld(m,Nether,BladeNeon,CFrame.new(0, 0, 0, 1, 0, 0, 0, 1, 0, 0, 0, 1),CFrame.new(0.00025844574, -7.29181671, 0.136456728, 1.9498998e-007, 1.84983946e-007, 1, 5.25335781e-006, -1.00000012, 1.84983946e-007, 1, 5.25335781e-006, -1.94589347e-007))
mesh("SpecialMesh",BladeNeon,Enum.MeshType.Wedge,"",Vector3.new(0, 0, 0),Vector3.new(0.362857431, 1, 1))
BladeNeon=part(Enum.FormFactor.Custom,m,Enum.Material.Neon,0,0,"Really black","BladeNeon",Vector3.new(0.405694813, 5.90820885, 0.200000003))
BladeNeonweld=weld(m,Nether,BladeNeon,CFrame.new(0, 0, 0, 1, 0, 0, 0, 1, 0, 0, 0, 1),CFrame.new(0.00305366516, -4.01884222, 0.000908613205, 1, 0, 6.13908924e-011, 0, -1.00000012, 0, -6.13908924e-011, 0, -1))
mesh("SpecialMesh",BladeNeon,Enum.MeshType.Brick,"",Vector3.new(0, 0, 0),Vector3.new(1.29999995, 1, 0.377976805))
Neon=part(Enum.FormFactor.Custom,m,Enum.Material.Neon,0,0,"Really black","Neon",Vector3.new(0.200000003, 0.75464201, 0.200000003))
Neonweld=weld(m,Nether,Neon,CFrame.new(0, 0, 0, 1, 0, 0, 0, 1, 0, 0, 0, 1),CFrame.new(-0.0482237339, 0.848191738, 0.00165343285, 0.866025805, 0.499999255, -8.93487595e-008, -0.499999255, 0.866025925, -1.87952537e-007, -1.55712314e-008, 2.07568519e-007, 1))
mesh("CylinderMesh",Neon,"","",Vector3.new(0, 0, 0),Vector3.new(0.471740097, 1, 0.682904243))
Neon=part(Enum.FormFactor.Symmetric,m,Enum.Material.Neon,0,0,"Really black","Neon",Vector3.new(0.201587483, 0.204107866, 0.20326753))
Neonweld=weld(m,Nether,Neon,CFrame.new(0, 0, 0, 1, 0, 0, 0, 1, 0, 0, 0, 1),CFrame.new(0.102931023, 0.746085167, -0.00350427628, 5.15114516e-006, -1.00000012, 1.11933332e-007, -1, -5.15114516e-006, 8.4153271e-009, -8.98012331e-009, -1.11933332e-007, -1))
mesh("SpecialMesh",Neon,Enum.MeshType.Sphere,"",Vector3.new(0, 0, 0),Vector3.new(1, 1, 1))
Neon=part(Enum.FormFactor.Custom,m,Enum.Material.Neon,0,0,"Really black","Neon",Vector3.new(0.200000003, 0.200000003, 0.200000003))
Neonweld=weld(m,Nether,Neon,CFrame.new(0, 0, 0, 1, 0, 0, 0, 1, 0, 0, 0, 1),CFrame.new(-0.0245368481, -1.32375312, -0.00137233734, 5.2258838e-006, -1.00000012, 1.14087015e-007, -1, -5.2258838e-006, -6.55222721e-009, 5.92854121e-009, -1.14087015e-007, -1))
mesh("SpecialMesh",Neon,Enum.MeshType.Sphere,"",Vector3.new(0, 0, 0),Vector3.new(0.474570572, 0.50816983, 0.470371157))
Neon=part(Enum.FormFactor.Custom,m,Enum.Material.Neon,0,0,"Really black","Neon",Vector3.new(0.200000003, 0.200000003, 0.200000003))
Neonweld=weld(m,Nether,Neon,CFrame.new(0, 0, 0, 1, 0, 0, 0, 1, 0, 0, 0, 1),CFrame.new(-0.0245070457, -0.56784308, -0.00138664246, 5.2258838e-006, -1.00000012, 1.14087015e-007, -1, -5.2258838e-006, -6.55222721e-009, 5.92854121e-009, -1.14087015e-007, -1))
mesh("SpecialMesh",Neon,Enum.MeshType.Sphere,"",Vector3.new(0, 0, 0),Vector3.new(0.474570572, 0.50816983, 0.470371157))
Neon=part(Enum.FormFactor.Custom,m,Enum.Material.Neon,0,0,"Really black","Neon",Vector3.new(0.200000003, 0.75464201, 0.200000003))
