Player=game:GetService("Players").LocalPlayer
Character=Player.Character 
PlayerGui=Player.PlayerGui
Backpack=Player.Backpack 
Torso=Character.Torso 
Head=Character.Head 
Humanoid=Character.Humanoid
m=Instance.new('Model',Character)
LeftArm=Character["Left Arm"] 
LeftLeg=Character["Left Leg"] 
RightArm=Character["Right Arm"] 
RightLeg=Character["Right Leg"] 
LS=Torso["Left Shoulder"] 
LH=Torso["Left Hip"] 
RS=Torso["Right Shoulder"] 
RH=Torso["Right Hip"] 
Face = Head.face
Neck=Torso.Neck
it=Instance.new
attacktype=1
vt=Vector3.new
cf=CFrame.new
euler=CFrame.fromEulerAnglesXYZ
angles=CFrame.Angles
cloaked=false
necko=cf(0, 1, 0, -1, -0, -0, 0, 0, 1, 0, 1, 0)
necko2=cf(0, -0.5, 0, -1, -0, -0, 0, 0, 1, 0, 1, 0)
LHC0=cf(-1,-1,0,-0,-0,-1,0,1,0,1,0,0)
LHC1=cf(-0.5,1,0,-0,-0,-1,0,1,0,1,0,0)
RHC0=cf(1,-1,0,0,0,1,0,1,0,-1,-0,-0)
RHC1=cf(0.5,1,0,0,0,1,0,1,0,-1,-0,-0)
RootPart=Character.HumanoidRootPart
RootJoint=RootPart.RootJoint
RootCF=euler(-1.57,0,3.14)
attack = false 
attackdebounce = false 
deb=false
equipped=true
hand=false
MMouse=nil
combo=0
mana=0
trispeed=.2
attackmode='none'
local idle=0
local Anim="Idle"
local Effects={}
local gun=false
local shoot=false
player=nil 
mana=0
cam = workspace.CurrentCamera
ZTarget = nil
RocketTarget = nil

mouse=Player:GetMouse()
--save shoulders 
RSH, LSH=nil, nil 
--welds 
RW, LW=Instance.new("Weld"), Instance.new("Weld") 
RW.Name="Right Shoulder" LW.Name="Left Shoulder"
LH=Torso["Left Hip"]
RH=Torso["Right Hip"]
TorsoColor=Torso.BrickColor
function NoOutline(Part)
Part.TopSurface,Part.BottomSurface,Part.LeftSurface,Part.RightSurface,Part.FrontSurface,Part.BackSurface = 10,10,10,10,10,10
end
player=Player 
ch=Character
RSH=ch.Torso["Right Shoulder"] 
LSH=ch.Torso["Left Shoulder"] 
-- 
RSH.Parent=nil 
LSH.Parent=nil 
-- 
RW.Name="Right Shoulder"
RW.Part0=ch.Torso 
RW.C0=cf(1.5, 0.5, 0) --* CFrame.fromEulerAnglesXYZ(1.3, 0, -0.5) 
RW.C1=cf(0, 0.5, 0) 
RW.Part1=ch["Right Arm"] 
RW.Parent=ch.Torso 
-- 
LW.Name="Left Shoulder"
LW.Part0=ch.Torso 
LW.C0=cf(-1.5, 0.5, 0) --* CFrame.fromEulerAnglesXYZ(1.7, 0, 0.8) 
LW.C1=cf(0, 0.5, 0) 
LW.Part1=ch["Left Arm"] 
LW.Parent=ch.Torso 

	Player=game:GetService('Players').LocalPlayer
	Character=Player.Character
	Mouse=Player:GetMouse()
	m=Instance.new('Model',Character)


	local function weldBetween(a, b)
	    local weldd = Instance.new("ManualWeld")
	    weldd.Part0 = a
	    weldd.Part1 = b
	    weldd.C0 = CFrame.new()
	    weldd.C1 = b.CFrame:inverse() * a.CFrame
	    weldd.Parent = a
	    return weldd
	end
	
	function swait(num)
    if num==0 or num==nil then
    game:service'RunService'.Heartbeat:wait(0)
    else
    for i=0,num do
    game:service'RunService'.Heartbeat:wait(0)
    end
    end
	    end
	
	function nooutline(part)
		part.TopSurface,part.BottomSurface,part.LeftSurface,part.RightSurface,part.FrontSurface,part.BackSurface = 10,10,10,10,10,10
	end
	
	function part(formfactor,parent,material,reflectance,transparency,brickcolor,name,size)
		local fp=it("Part")
		fp.formFactor=formfactor
		fp.Parent=parent
		fp.Reflectance=reflectance
		fp.Transparency=transparency
		fp.CanCollide=false
		fp.Locked=true
		fp.BrickColor=BrickColor.new(tostring(brickcolor))
		fp.Name=name
		fp.Size=size
		fp.Position=Character.Torso.Position
		nooutline(fp)
		fp.Material=material
		fp:BreakJoints()
		return fp
	end
	
	function mesh(Mesh,part,meshtype,meshid,offset,scale)
		local mesh=it(Mesh)
		mesh.Parent=part
		if Mesh=="SpecialMesh" then
			mesh.MeshType=meshtype
			mesh.MeshId=meshid
		end
		mesh.Offset=offset
		mesh.Scale=scale
		return mesh
	end
	
	function weld(parent,part0,part1,c0,c1)
		local weld=it("Weld")
		weld.Parent=parent
		weld.Part0=part0
		weld.Part1=part1
		weld.C0=c0
		weld.C1=c1
		return weld
	end
	
	
local function CFrameFromTopBack(at, top, back)
local right = top:Cross(back)
return CFrame.new(at.x, at.y, at.z,
right.x, top.x, back.x,
right.y, top.y, back.y,
right.z, top.z, back.z)
end

function Triangle(a, b, c)
local edg1 = (c-a):Dot((b-a).unit)
local edg2 = (a-b):Dot((c-b).unit)
local edg3 = (b-c):Dot((a-c).unit)
if edg1 <= (b-a).magnitude and edg1 >= 0 then
a, b, c = a, b, c
elseif edg2 <= (c-b).magnitude and edg2 >= 0 then
a, b, c = b, c, a
elseif edg3 <= (a-c).magnitude and edg3 >= 0 then
a, b, c = c, a, b
else
assert(false, "unreachable")
end
 
local len1 = (c-a):Dot((b-a).unit)
local len2 = (b-a).magnitude - len1
local width = (a + (b-a).unit*len1 - c).magnitude
 
local maincf = CFrameFromTopBack(a, (b-a):Cross(c-b).unit, -(b-a).unit)
 
local list = {}

local TrailColor = ("Dark grey")
 
if len1 > 0.01 then
local w1 = Instance.new('WedgePart', m)
game:GetService("Debris"):AddItem(w1,5)
w1.Material = "SmoothPlastic"
w1.FormFactor = 'Custom'
w1.BrickColor = BrickColor.new(TrailColor)
w1.Transparency = 0
w1.Reflectance = 0
w1.Material = "SmoothPlastic"
w1.CanCollide = false
NoOutline(w1)
local sz = Vector3.new(0.2, width, len1)
w1.Size = sz
local sp = Instance.new("SpecialMesh",w1)
sp.MeshType = "Wedge"
sp.Scale = Vector3.new(0,1,1) * sz/w1.Size
w1:BreakJoints()
w1.Anchored = true
w1.Parent = workspace
w1.Transparency = 0.7
table.insert(Effects,{w1,"Disappear",.01})
w1.CFrame = maincf*CFrame.Angles(math.pi,0,math.pi/2)*CFrame.new(0,width/2,len1/2)
table.insert(list,w1)
end
 
if len2 > 0.01 then
local w2 = Instance.new('WedgePart', m)
game:GetService("Debris"):AddItem(w2,5)
w2.Material = "SmoothPlastic"
w2.FormFactor = 'Custom'
w2.BrickColor = BrickColor.new(TrailColor)
w2.Transparency = 0
w2.Reflectance = 0
w2.Material = "SmoothPlastic"
w2.CanCollide = false
NoOutline(w2)
local sz = Vector3.new(0.2, width, len2)
w2.Size = sz
local sp = Instance.new("SpecialMesh",w2)
sp.MeshType = "Wedge"
sp.Scale = Vector3.new(0,1,1) * sz/w2.Size
w2:BreakJoints()
w2.Anchored = true
w2.Parent = workspace
w2.Transparency = 0.7
table.insert(Effects,{w2,"Disappear",.01})
w2.CFrame = maincf*CFrame.Angles(math.pi,math.pi,-math.pi/2)*CFrame.new(0,width/2,-len1 - len2/2)
table.insert(list,w2)
end
return unpack(list)
end
	
	
so = function(id,par,vol,pit) 
coroutine.resume(coroutine.create(function()
local sou = Instance.new("Sound",par or workspace)
sou.Volume=vol
sou.Pitch=pit or 1
sou.SoundId=id
swait() 
sou:play() 
game:GetService("Debris"):AddItem(sou,6)
end))
end
 
function clerp(a,b,t) 
local qa = {QuaternionFromCFrame(a)}
local qb = {QuaternionFromCFrame(b)} 
local ax, ay, az = a.x, a.y, a.z 
local bx, by, bz = b.x, b.y, b.z
local _t = 1-t
return QuaternionToCFrame(_t*ax + t*bx, _t*ay + t*by, _t*az + t*bz,QuaternionSlerp(qa, qb, t)) 
end 
 
function QuaternionFromCFrame(cf) 
local mx, my, mz, m00, m01, m02, m10, m11, m12, m20, m21, m22 = cf:components() 
local trace = m00 + m11 + m22 
if trace > 0 then 
local s = math.sqrt(1 + trace) 
local recip = 0.5/s 
return (m21-m12)*recip, (m02-m20)*recip, (m10-m01)*recip, s*0.5 
else 
local i = 0 
if m11 > m00 then
i = 1
end
if m22 > (i == 0 and m00 or m11) then 
i = 2 
end 
if i == 0 then 
local s = math.sqrt(m00-m11-m22+1) 
local recip = 0.5/s 
return 0.5*s, (m10+m01)*recip, (m20+m02)*recip, (m21-m12)*recip 
elseif i == 1 then 
local s = math.sqrt(m11-m22-m00+1) 
local recip = 0.5/s 
return (m01+m10)*recip, 0.5*s, (m21+m12)*recip, (m02-m20)*recip 
elseif i == 2 then 
local s = math.sqrt(m22-m00-m11+1) 
local recip = 0.5/s return (m02+m20)*recip, (m12+m21)*recip, 0.5*s, (m10-m01)*recip 
end 
end 
end
 
function QuaternionToCFrame(px, py, pz, x, y, z, w) 
local xs, ys, zs = x + x, y + y, z + z 
local wx, wy, wz = w*xs, w*ys, w*zs 
local xx = x*xs 
local xy = x*ys 
local xz = x*zs 
local yy = y*ys 
local yz = y*zs 
local zz = z*zs 
return CFrame.new(px, py, pz,1-(yy+zz), xy - wz, xz + wy,xy + wz, 1-(xx+zz), yz - wx, xz - wy, yz + wx, 1-(xx+yy)) 
end
 
function QuaternionSlerp(a, b, t) 
local cosTheta = a[1]*b[1] + a[2]*b[2] + a[3]*b[3] + a[4]*b[4] 
local startInterp, finishInterp; 
if cosTheta >= 0.0001 then 
if (1 - cosTheta) > 0.0001 then 
local theta = math.acos(cosTheta) 
local invSinTheta = 1/math.sin(theta) 
startInterp = math.sin((1-t)*theta)*invSinTheta 
finishInterp = math.sin(t*theta)*invSinTheta  
else 
startInterp = 1-t 
finishInterp = t 
end 
else 
if (1+cosTheta) > 0.0001 then 
local theta = math.acos(-cosTheta) 
local invSinTheta = 1/math.sin(theta) 
startInterp = math.sin((t-1)*theta)*invSinTheta 
finishInterp = math.sin(t*theta)*invSinTheta 
else 
startInterp = t-1 
finishInterp = t 
end 
end 
return a[1]*startInterp + b[1]*finishInterp, a[2]*startInterp + b[2]*finishInterp, a[3]*startInterp + b[3]*finishInterp, a[4]*startInterp + b[4]*finishInterp 
end

--Example: Torso.Weld.C0 = clerp(Torso.Weld.C0, CFrame.new(0, 0, 0) * CFrame.Angles(math.rad(0), math.rad(0), math.rad(0)), 0.4)


function rayCast(Pos, Dir, Max, Ignore)  -- Origin Position , Direction, MaxDistance , IgnoreDescendants
return game:service("Workspace"):FindPartOnRay(Ray.new(Pos, Dir.unit * (Max or 999.999)), Ignore) 
end 

Damagefunc=function(hit,minim,maxim,knockback,Type,Property,Delay,KnockbackType,decreaseblock)
        if hit.Parent==nil then
                return
        end
        local h=hit.Parent:FindFirstChild("Humanoid")
        for _,v in pairs(hit.Parent:children()) do
        if v:IsA("Humanoid") then
        h=v
        end
        end
        if hit.Parent.Parent:FindFirstChild("Torso")~=nil then
        h=hit.Parent.Parent:FindFirstChild("Humanoid")
        end
        if hit.Parent.className=="Hat" then
        hit=hit.Parent.Parent:findFirstChild("Head")
        end
        if h~=nil and hit.Parent.Name~=Character.Name and hit.Parent:FindFirstChild("Torso")~=nil then
        if hit.Parent:findFirstChild("DebounceHit")~=nil then if hit.Parent.DebounceHit.Value==true then return end end
        --[[                if game.Players:GetPlayerFromCharacter(hit.Parent)~=nil then
                        return
                end]]
--                        hs(hit,1.2) 
                        local c=Instance.new("ObjectValue")
                        c.Name="creator"
                        c.Value=game:service("Players").LocalPlayer
                        c.Parent=h
                        game:GetService("Debris"):AddItem(c,.5)
                local Damage=math.random(minim,maxim)
--                h:TakeDamage(Damage)
                local blocked=false
                local block=hit.Parent:findFirstChild("Block")
                if block~=nil then
                print(block.className)
                if block.className=="NumberValue" then
                if block.Value>0 then
                blocked=true
                if decreaseblock==nil then
                block.Value=block.Value-1
                end
                end
                end
                if block.className=="IntValue" then
                if block.Value>0 then
                blocked=true
                if decreaseblock~=nil then
                block.Value=block.Value-1
                end
                end
                end
                end
                if blocked==false then
--                h:TakeDamage(Damage)
                h.Health=h.Health-Damage
                ShowDamage((Part.CFrame * CFrame.new(0, 0, (Part.Size.Z / 2)).p + Vector3.new(0, 1.5, 0)), -Damage, 1.5, Hitbox.BrickColor.Color)
                else
                h.Health=h.Health-(Damage/2)
                ShowDamage((Part.CFrame * CFrame.new(0, 0, (Part.Size.Z / 2)).p + Vector3.new(0, 1.5, 0)), -Damage, 1.5, BrickColor.new("Bright blue").Color)
                end
                if Type=="Knockdown" then
                local hum=hit.Parent.Humanoid
hum.PlatformStand=true
coroutine.resume(coroutine.create(function(HHumanoid)
swait(1)
HHumanoid.PlatformStand=false
end),hum)
                local angle=(hit.Position-(Property.Position+Vector3.new(0,0,0))).unit
--hit.CFrame=CFrame.new(hit.Position,Vector3.new(angle.x,hit.Position.y,angle.z))*CFrame.fromEulerAnglesXYZ(math.pi/4,0,0)
local bodvol=Instance.new("BodyVelocity")
bodvol.velocity=angle*knockback
bodvol.P=5000
bodvol.maxForce=Vector3.new(8e+003, 8e+003, 8e+003)
bodvol.Parent=hit
local rl=Instance.new("BodyAngularVelocity")
rl.P=3000
rl.maxTorque=Vector3.new(500000,500000,500000)*50000000000000
rl.angularvelocity=Vector3.new(math.random(-10,10),math.random(-10,10),math.random(-10,10))
rl.Parent=hit
game:GetService("Debris"):AddItem(bodvol,.5)
game:GetService("Debris"):AddItem(rl,.5)
                elseif Type=="Normal" then
                local vp=Instance.new("BodyVelocity")
                vp.P=500
                vp.maxForce=Vector3.new(math.huge,0,math.huge)
--                vp.velocity=Character.Torso.CFrame.lookVector*Knockback
                if KnockbackType==1 then
                vp.velocity=Property.CFrame.lookVector*knockback+Property.Velocity/1.05
                elseif KnockbackType==2 then
                vp.velocity=Property.CFrame.lookVector*knockback
                end
                if knockback>0 then
                        vp.Parent=hit.Parent.Torso
                end
                game:GetService("Debris"):AddItem(vp,.5)
                elseif Type=="Up" then
                local bodyVelocity=Instance.new("BodyVelocity")
                bodyVelocity.velocity=vt(0,60,0)
                bodyVelocity.P=5000
                bodyVelocity.maxForce=Vector3.new(8e+003, 8e+003, 8e+003)
                bodyVelocity.Parent=hit
                game:GetService("Debris"):AddItem(bodyVelocity,1)
                local rl=Instance.new("BodyAngularVelocity")
                rl.P=3000
                rl.maxTorque=Vector3.new(500000,500000,500000)*50000000000000
                rl.angularvelocity=Vector3.new(math.random(-30,30),math.random(-30,30),math.random(-30,30))
                rl.Parent=hit
                game:GetService("Debris"):AddItem(rl,.5)
                elseif Type=="Snare" then
                local bp=Instance.new("BodyPosition")
                bp.P=2000
                bp.D=100
                bp.maxForce=Vector3.new(math.huge,math.huge,math.huge)
                bp.position=hit.Parent.Torso.Position
                bp.Parent=hit.Parent.Torso
                game:GetService("Debris"):AddItem(bp,1)
                elseif Type=="Target" then
	            local Targetting = false
                if Targetting==false then
                ZTarget=hit.Parent.Torso
                coroutine.resume(coroutine.create(function(Part) 
                so("http://www.roblox.com/asset/?id=15666462",Part,1,1.5) 
                swait(5)
                so("http://www.roblox.com/asset/?id=15666462",Part,1,1.5) 
                end),ZTarget)
                local TargHum=ZTarget.Parent:findFirstChild("Humanoid")
                local  targetgui=Instance.new("BillboardGui")
                targetgui.Parent=ZTarget
                targetgui.Size=UDim2.new(10,100,10,100)
                local targ=Instance.new("ImageLabel")
                targ.Parent=targetgui
                targ.BackgroundTransparency=1
                targ.Image="rbxassetid://4834067"
                targ.Size=UDim2.new(1,0,1,0)
                cam.CameraType="Scriptable"
                cam.CoordinateFrame=CFrame.new(Head.CFrame.p,ZTarget.Position)
                local dir=Vector3.new(cam.CoordinateFrame.lookVector.x,0,cam.CoordinateFrame.lookVector.z)
                workspace.CurrentCamera.CoordinateFrame=CFrame.new(Head.CFrame.p,ZTarget.Position)
                Targetting=true
                RocketTarget=ZTarget
                for i=1,Property do
                --while Targetting==true and Humanoid.Health>0 and Character.Parent~=nil do
                if Humanoid.Health>0 and Character.Parent~=nil and TargHum.Health>0 and TargHum.Parent~=nil and Targetting==true then
                swait()
                end
                --workspace.CurrentCamera.CoordinateFrame=CFrame.new(Head.CFrame.p,Head.CFrame.p+rmdir*100)
                cam.CoordinateFrame=CFrame.new(Head.CFrame.p,ZTarget.Position)
                dir=Vector3.new(cam.CoordinateFrame.lookVector.x,0,cam.CoordinateFrame.lookVector.z)
                cam.CoordinateFrame=CFrame.new(Head.CFrame.p,ZTarget.Position)*cf(0,5,10)*euler(-0.3,0,0)
                end
                Targetting=false
                RocketTarget=nil
                targetgui.Parent=nil
                cam.CameraType="Custom"
                end
                end
                        local debounce=Instance.new("BoolValue")
                        debounce.Name="DebounceHit"
                        debounce.Parent=hit.Parent
                        debounce.Value=true
                        game:GetService("Debris"):AddItem(debounce,Delay)
                        c=Instance.new("ObjectValue")
                        c.Name="creator"
                        c.Value=Player
                        c.Parent=h
                        game:GetService("Debris"):AddItem(c,.5)
        end
end


function ShowDamage(Pos, Text, Time, Color)
	local Rate = (1 / 30)
	local Pos = (Pos or Vector3.new(0, 0, 0))
	local Text = (Text or "")
	local Time = (Time or 2)
	local Color = (Color or Color3.new(1, 0, 0))
	local EffectPart = part("Custom",workspace,"SmoothPlastic",0,1,BrickColor.new(Color),"Effect",vt(0,0,0))
	EffectPart.Anchored = true
	local BillboardGui = Instance.new("BillboardGui")
	BillboardGui.Size = UDim2.new(3, 0, 3, 0)
	BillboardGui.Adornee = EffectPart
	local TextLabel = Instance.new("TextLabel")
	TextLabel.BackgroundTransparency = 1
	TextLabel.Size = UDim2.new(1, 0, 1, 0)
	TextLabel.Text = Text
	TextLabel.TextColor3 = Color
	TextLabel.TextScaled = true
	TextLabel.Font = Enum.Font.ArialBold
	TextLabel.Parent = BillboardGui
	BillboardGui.Parent = EffectPart
	game.Debris:AddItem(EffectPart, (Time + 0.1))
	EffectPart.Parent = game:GetService("Workspace")
	Delay(0, function()
		local Frames = (Time / Rate)
		for Frame = 1, Frames do
			wait(Rate)
			local Percent = (Frame / Frames)
			EffectPart.CFrame = CFrame.new(Pos) + Vector3.new(0, Percent, 0)
			TextLabel.TextTransparency = Percent
		end
		if EffectPart and EffectPart.Parent then
			EffectPart:Destroy()
		end
	end)
end

Handle=part(Enum.FormFactor.Custom,m,Enum.Material.SmoothPlastic,0,0,"Dark stone grey","Handle",Vector3.new(0.60551995, 0.269119978, 0.200000003))
Handleweld=weld(m,Character["Right Arm"],Handle,CFrame.new(0, 0, 0, 1, 0, 0, 0, 1, 0, 0, 0, 1),CFrame.new(0.795875549, -0.616287231, 0.00760650635, -4.06663814e-009, 0.498903632, 0.866652966, 2.08201634e-009, -0.866652548, 0.498904079, 0.999992132, 3.83054477e-009, 2.48540166e-009))
Barrel=part(Enum.FormFactor.Custom,m,Enum.Material.SmoothPlastic,0,0,"Really black","Barrel",Vector3.new(0.336399913, 0.200000003, 0.403679967))
Barrelweld=weld(m,Handle,Barrel,CFrame.new(0, 0, 0, 1, 0, 0, 0, 1, 0, 0, 0, 1),CFrame.new(0.312599182, -3.04084301, -0.00192260742, 0.866652429, 0.498903751, 2.32525288e-009, -0.498903215, 0.866651833, -6.91664725e-010, -2.36209452e-009, -5.58050939e-010, 0.99999094))
mesh("CylinderMesh",Barrel,"","",Vector3.new(0, 0, 0),Vector3.new(1, 0.336399972, 1))
Part=part(Enum.FormFactor.Custom,m,Enum.Material.SmoothPlastic,0,0,"Dark stone grey","Part",Vector3.new(0.403679907, 0.538239956, 0.403679967))
Partweld=weld(m,Handle,Part,CFrame.new(0, 0, 0, 1, 0, 0, 0, 1, 0, 0, 0, 1),CFrame.new(0.318908691, -2.1293807, -0.00379943848, 0.866652429, 0.498903751, 2.27182828e-009, -0.498903215, 0.866651833, 8.23071211e-009, 2.13564766e-009, -8.26406144e-009, 0.99999094))
mesh("CylinderMesh",Part,"","",Vector3.new(0, 0, 0),Vector3.new(1, 1, 1))
Part=part(Enum.FormFactor.Custom,m,Enum.Material.SmoothPlastic,0,0,"Dark stone grey","Part",Vector3.new(0.201839954, 0.200000003, 0.200000003))
Partweld=weld(m,Handle,Part,CFrame.new(0, 0, 0, 1, 0, 0, 0, 1, 0, 0, 0, 1),CFrame.new(0.485198975, -0.112598419, -0.170608521, 0.866652429, 0.498903751, 1.90404603e-009, -0.498903215, 0.866651773, -9.24883459e-009, -6.26629104e-009, 7.06824999e-009, 0.999990821))
mesh("BlockMesh",Part,"","",Vector3.new(0, 0, 0),Vector3.new(1, 0.672800004, 0.336399972))
Part=part(Enum.FormFactor.Custom,m,Enum.Material.SmoothPlastic,0,0,"Navy blue","Part",Vector3.new(0.269119978, 0.200000003, 0.200000003))
Partweld=weld(m,Handle,Part,CFrame.new(0, 0, 0, 1, 0, 0, 0, 1, 0, 0, 0, 1),CFrame.new(-0.00299072266, -2.43161249, -0.0494918823, 4.00664067e-006, 2.29826651e-006, 0.99999094, -0.498903215, 0.866651833, 7.1333246e-009, -0.866652429, -0.498903751, 4.61897753e-006))
mesh("SpecialMesh",Part,Enum.MeshType.Wedge,"",Vector3.new(0, 0, 0),Vector3.new(1, 0.336399972, 0.672800004))
Part=part(Enum.FormFactor.Custom,m,Enum.Material.SmoothPlastic,0,0,"Dark stone grey","Part",Vector3.new(0.403679907, 0.269119978, 0.403679967))
Partweld=weld(m,Handle,Part,CFrame.new(0, 0, 0, 1, 0, 0, 0, 1, 0, 0, 0, 1),CFrame.new(0.318893433, -2.93703985, -0.00373840332, 0.866652429, 0.498903751, 1.76599568e-009, -0.498903215, 0.866651833, 7.95978394e-009, 2.43890108e-009, -7.77687248e-009, 0.99999094))
mesh("CylinderMesh",Part,"","",Vector3.new(0, 0, 0),Vector3.new(1, 1, 1))
Part=part(Enum.FormFactor.Custom,m,Enum.Material.SmoothPlastic,0,0,"Dark stone grey","Part",Vector3.new(0.403679907, 0.403679967, 0.403679967))
Partweld=weld(m,Handle,Part,CFrame.new(0, 0, 0, 1, 0, 0, 0, 1, 0, 0, 0, 1),CFrame.new(0.318466187, -1.86047745, -0.00106048584, 0.866650403, 0.498902589, 2.46652054e-009, -0.498901695, 0.866649151, -5.77466075e-009, -5.02151831e-009, 3.77818843e-009, 0.999985576))
mesh("SpecialMesh",Part,Enum.MeshType.Sphere,"",Vector3.new(0, 0, 0),Vector3.new(1, 1, 1))
Part=part(Enum.FormFactor.Custom,m,Enum.Material.SmoothPlastic,0,0,"Dark stone grey","Part",Vector3.new(0.200000003, 0.269119978, 0.200000003))
Partweld=weld(m,Handle,Part,CFrame.new(0, 0, 0, 1, 0, 0, 0, 1, 0, 0, 0, 1),CFrame.new(-0.0176925659, 0.00497436523, -0.210002899, 0.866652429, 0.498903751, 3.26658434e-009, 1.17902363e-008, -1.39329055e-008, -0.999990821, -0.498903215, 0.866651773, -1.79540258e-008))
mesh("CylinderMesh",Part,"","",Vector3.new(0, 0, 0),Vector3.new(0.672799945, 1, 0.336399972))
Part=part(Enum.FormFactor.Custom,m,Enum.Material.SmoothPlastic,0,0,"Dark stone grey","Part",Vector3.new(0.200000003, 0.200000003, 0.200000003))
Partweld=weld(m,Handle,Part,CFrame.new(0, 0, 0, 1, 0, 0, 0, 1, 0, 0, 0, 1),CFrame.new(-0.170783997, 0.112445831, 0.619483948, -3.24811595e-006, 5.63719959e-006, 0.999990821, 0.498903215, -0.866651773, 6.50599031e-006, 0.866652429, 0.498903751, 2.56824162e-009))
mesh("SpecialMesh",Part,Enum.MeshType.Wedge,"",Vector3.new(0, 0, 0),Vector3.new(0.336399972, 0.672799766, 0.336399972))
Part=part(Enum.FormFactor.Custom,m,Enum.Material.SmoothPlastic,0,0,"Really black","Part",Vector3.new(0.470959932, 0.200000003, 0.538240016))
Partweld=weld(m,Handle,Part,CFrame.new(0, 0, 0, 1, 0, 0, 0, 1, 0, 0, 0, 1),CFrame.new(0.318893433, -2.76884508, -0.00373840332, 0.866652429, 0.498903751, 1.76599568e-009, -0.498903215, 0.866651833, 7.95978394e-009, 2.43890108e-009, -7.77687248e-009, 0.99999094))
mesh("CylinderMesh",Part,"","",Vector3.new(0, 0, 0),Vector3.new(1, 0.336399972, 1))
Part=part(Enum.FormFactor.Custom,m,Enum.Material.SmoothPlastic,0,0,"Navy blue","Part",Vector3.new(0.200000003, 0.200000003, 0.269120038))
Partweld=weld(m,Handle,Part,CFrame.new(0, 0, 0, 1, 0, 0, 0, 1, 0, 0, 0, 1),CFrame.new(0.0154266357, -1.96068239, -0.00351715088, 0.866652429, 0.498903751, 2.26011188e-009, -0.498903215, 0.866651833, -7.97681921e-011, -2.00035988e-009, -1.05585696e-009, 0.99999094))
mesh("BlockMesh",Part,"","",Vector3.new(0, 0, 0),Vector3.new(0.336399972, 0.336399972, 1))
Part=part(Enum.FormFactor.Custom,m,Enum.Material.SmoothPlastic,0,0,"Dark stone grey","Part",Vector3.new(0.336399913, 0.200000003, 0.403679967))
Partweld=weld(m,Handle,Part,CFrame.new(0, 0, 0, 1, 0, 0, 0, 1, 0, 0, 0, 1),CFrame.new(0.318252563, -1.35538101, -0.00323486328, 0.866652429, 0.498903751, 2.26594099e-009, -0.498903215, 0.866651833, -1.6442292e-010, -2.04764627e-009, -9.85398652e-010, 0.99999094))
mesh("CylinderMesh",Part,"","",Vector3.new(0, 0, 0),Vector3.new(1, 0.336399972, 1))
Part=part(Enum.FormFactor.Custom,m,Enum.Material.SmoothPlastic,0,0,"Dark stone grey","Part",Vector3.new(0.201839954, 0.403679967, 0.200000003))
Partweld=weld(m,Handle,Part,CFrame.new(0, 0, 0, 1, 0, 0, 0, 1, 0, 0, 0, 1),CFrame.new(0.215965271, -0.380897522, 0.164527893, 0.866652429, 0.498903751, 2.28638819e-009, -0.498903215, 0.866651773, -1.34231595e-008, -8.68025474e-009, 1.04952145e-008, 0.99999088))
mesh("BlockMesh",Part,"","",Vector3.new(0, 0, 0),Vector3.new(1, 1, 0.336399972))
Part=part(Enum.FormFactor.Custom,m,Enum.Material.SmoothPlastic,0,0,"Navy blue","Part",Vector3.new(0.200000003, 0.200000003, 0.269120038))
Partweld=weld(m,Handle,Part,CFrame.new(0, 0, 0, 1, 0, 0, 0, 1, 0, 0, 0, 1),CFrame.new(0.0154266357, -2.22983122, -0.00350952148, 0.866652429, 0.498903751, 2.26122032e-009, -0.498903215, 0.866651833, -9.34297084e-011, -2.00813588e-009, -1.04457043e-009, 0.99999094))
mesh("BlockMesh",Part,"","",Vector3.new(0, 0, 0),Vector3.new(0.336399972, 0.336399972, 1))
Part=part(Enum.FormFactor.Custom,m,Enum.Material.SmoothPlastic,0,0,"Dark stone grey","Part",Vector3.new(0.200000003, 0.200000003, 0.269120038))
Partweld=weld(m,Handle,Part,CFrame.new(0, 0, 0, 1, 0, 0, 0, 1, 0, 0, 0, 1),CFrame.new(0.0485839844, -0.478780746, -0.00545501709, 0.86665231, 0.498903781, 1.85937044e-009, -0.498903096, 0.866651654, -6.03485262e-010, -1.91434224e-009, -4.0203596e-010, 0.999990821))
mesh("BlockMesh",Part,"","",Vector3.new(0, 0, 0),Vector3.new(0.672800004, 0.336399972, 1))
Part=part(Enum.FormFactor.Custom,m,Enum.Material.SmoothPlastic,0,0,"Navy blue","Part",Vector3.new(0.200000003, 1.07647991, 0.269120038))
Partweld=weld(m,Handle,Part,CFrame.new(0, 0, 0, 1, 0, 0, 0, 1, 0, 0, 0, 1),CFrame.new(0.0827178955, -1.85979414, -0.00352478027, 0.866652429, 0.498903751, 2.25933605e-009, -0.498903215, 0.866651833, -7.67306219e-011, -1.99817207e-009, -1.05810338e-009, 0.99999094))
mesh("BlockMesh",Part,"","",Vector3.new(0, 0, 0),Vector3.new(0.336399972, 1, 1))
Part=part(Enum.FormFactor.Custom,m,Enum.Material.SmoothPlastic,0,0,"Dark stone grey","Part",Vector3.new(0.201839939, 1.07647991, 0.269120038))
Partweld=weld(m,Handle,Part,CFrame.new(0, 0, 0, 1, 0, 0, 0, 1, 0, 0, 0, 1),CFrame.new(0.217285156, -1.85971975, -0.00333404541, 0.866643488, 0.498898774, 2.25623431e-009, -0.498896539, 0.866640627, -5.30833155e-011, -1.98837569e-009, -1.07037645e-009, 0.999968052))
Part=part(Enum.FormFactor.Custom,m,Enum.Material.SmoothPlastic,0,0,"Dark stone grey","Part",Vector3.new(0.336399913, 0.201839983, 0.403679967))
Partweld=weld(m,Handle,Part,CFrame.new(0, 0, 0, 1, 0, 0, 0, 1, 0, 0, 0, 1),CFrame.new(0.318962097, -1.75922298, -0.00379943848, 0.866652429, 0.498903751, 2.27182828e-009, -0.498903215, 0.866651833, 8.23071211e-009, 2.13564766e-009, -8.26406144e-009, 0.99999094))
mesh("CylinderMesh",Part,"","",Vector3.new(0, 0, 0),Vector3.new(1, 1, 1))
Part=part(Enum.FormFactor.Custom,m,Enum.Material.SmoothPlastic,0,0,"Dark stone grey","Part",Vector3.new(0.200000003, 0.269119978, 0.200000003))
Partweld=weld(m,Handle,Part,CFrame.new(0, 0, 0, 1, 0, 0, 0, 1, 0, 0, 0, 1),CFrame.new(-0.051071167, 0.00290679932, -0.2449646, 0.86664921, 0.498901874, 3.64214658e-009, 1.54552833e-008, -1.95462313e-008, -0.999982953, -0.49890098, 0.866647959, -2.46445477e-008))
mesh("CylinderMesh",Part,"","",Vector3.new(0, 0, 0),Vector3.new(0.336399972, 1, 0.672799945))
Part=part(Enum.FormFactor.Custom,m,Enum.Material.SmoothPlastic,0,0,"Dark stone grey","Part",Vector3.new(0.60551995, 0.336399972, 0.269120038))
Partweld=weld(m,Handle,Part,CFrame.new(0, 0, 0, 1, 0, 0, 0, 1, 0, 0, 0, 1),CFrame.new(0.418212891, -0.347076416, -0.00260162354, 0.866652429, 0.498903751, 2.19306129e-009, -0.498903215, 0.866651773, -4.24318314e-009, -4.01941147e-009, 2.58586197e-009, 0.999990821))
Part=part(Enum.FormFactor.Custom,m,Enum.Material.SmoothPlastic,0,0,"Dark stone grey","Part",Vector3.new(0.200000003, 0.201839983, 0.269120038))
Partweld=weld(m,Handle,Part,CFrame.new(0, 0, 0, 1, 0, 0, 0, 1, 0, 0, 0, 1),CFrame.new(-0.0512695313, -0.34427166, -0.00487518311, 0.866652429, 0.498903751, 1.84118321e-009, -0.498903215, 0.866651773, -4.18982626e-010, -1.80652915e-009, -5.52863089e-010, 0.999990821))
mesh("BlockMesh",Part,"","",Vector3.new(0, 0, 0),Vector3.new(0.336399972, 1, 1))
Part=part(Enum.FormFactor.Custom,m,Enum.Material.SmoothPlastic,0,0,"Dark stone grey","Part",Vector3.new(0.269120008, 0.200000003, 0.200000003))
Partweld=weld(m,Handle,Part,CFrame.new(0, 0, 0, 1, 0, 0, 0, 1, 0, 0, 0, 1),CFrame.new(0.00177764893, 0.548091888, -0.0154037476, 7.56223835e-006, -4.03065678e-006, -0.999992132, 0.498903811, -0.866652071, 7.26601274e-006, -0.866652608, -0.498904318, -4.54292012e-006))
mesh("SpecialMesh",Part,Enum.MeshType.Wedge,"",Vector3.new(0, 0, 0),Vector3.new(1, 0.336399972, 0.336399972))
Part=part(Enum.FormFactor.Custom,m,Enum.Material.SmoothPlastic,0,0,"Dark stone grey","Part",Vector3.new(0.200000003, 0.200000003, 0.403680056))
Partweld=weld(m,Handle,Part,CFrame.new(0, 0, 0, 1, 0, 0, 0, 1, 0, 0, 0, 1),CFrame.new(0.587188721, -0.615654945, -0.00296020508, 0.866652429, 0.498903751, 2.32280994e-009, -0.498903215, 0.866651833, 4.00462197e-009, -1.69655401e-011, -4.62691307e-009, 0.99999094))
mesh("BlockMesh",Part,"","",Vector3.new(0, 0, 0),Vector3.new(0.672799945, 0.336399972, 1))
Part=part(Enum.FormFactor.Custom,m,Enum.Material.SmoothPlastic,0,0,"Dark stone grey","Part",Vector3.new(0.201839983, 0.269119889, 0.269120038))
Partweld=weld(m,Handle,Part,CFrame.new(0, 0, 0, 1, 0, 0, 0, 1, 0, 0, 0, 1),CFrame.new(0.823150635, -0.985249519, -0.0020904541, 0.866652429, 0.498903751, 2.33383957e-009, -0.498903215, 0.866651833, 2.51370436e-009, -7.70352893e-010, -3.34029848e-009, 0.99999094))
Part=part(Enum.FormFactor.Custom,m,Enum.Material.SmoothPlastic,0,0,"Dark stone grey","Part",Vector3.new(0.200000003, 0.269119978, 0.200000003))
Partweld=weld(m,Handle,Part,CFrame.new(0, 0, 0, 1, 0, 0, 0, 1, 0, 0, 0, 1),CFrame.new(-0.051322937, 0.00497436523, -0.210004807, 0.866650403, 0.498902589, 3.26648864e-009, 1.17907248e-008, -1.39336134e-008, -0.999985576, -0.498901755, 0.86664921, -1.7953024e-008))
mesh("CylinderMesh",Part,"","",Vector3.new(0, 0, 0),Vector3.new(0.336399972, 1, 0.336399972))
Part=part(Enum.FormFactor.Custom,m,Enum.Material.SmoothPlastic,0,0,"Dark stone grey","Part",Vector3.new(0.200000003, 0.269119978, 0.200000003))
Partweld=weld(m,Handle,Part,CFrame.new(0, 0, 0, 1, 0, 0, 0, 1, 0, 0, 0, 1),CFrame.new(-0.0513305664, 0.00498199463, -0.479110718, 0.866651297, 0.498903036, 3.2652987e-009, 1.17921033e-008, -1.39385596e-008, -0.999988198, -0.498902291, 0.866650283, -1.79589303e-008))
mesh("CylinderMesh",Part,"","",Vector3.new(0, 0, 0),Vector3.new(0.336399972, 1, 0.336399972))
Part=part(Enum.FormFactor.Custom,m,Enum.Material.SmoothPlastic,0,0,"Dark stone grey","Part",Vector3.new(0.200000003, 0.200000003, 0.200000003))
Partweld=weld(m,Handle,Part,CFrame.new(0, 0, 0, 1, 0, 0, 0, 1, 0, 0, 0, 1),CFrame.new(0, 0.302749634, 0.168193817, -1.7881311e-007, 3.24895666e-012, -0.999992132, -0.999996006, 1.58250332e-005, 1.78813991e-007, 1.65402889e-005, 0.999995947, 2.64410716e-012))
mesh("SpecialMesh",Part,Enum.MeshType.Wedge,"",Vector3.new(0, 0, 0),Vector3.new(0.672800064, 0.672799945, 0.336399972))
Part=part(Enum.FormFactor.Custom,m,Enum.Material.SmoothPlastic,0,0,"Dark stone grey","Part",Vector3.new(0.200000003, 0.269119978, 0.200000003))
Partweld=weld(m,Handle,Part,CFrame.new(0, 0, 0, 1, 0, 0, 0, 1, 0, 0, 0, 1),CFrame.new(-0.336380005, -7.62939453e-006, 0, 0.999996066, -8.73208046e-006, -5.59419178e-012, 9.56654549e-006, 0.999995708, 9.69091474e-012, 4.03987954e-012, -7.46358531e-012, 0.999992132))
mesh("BlockMesh",Part,"","",Vector3.new(0, 0, 0),Vector3.new(0.336399972, 1, 0.672800243))
Part=part(Enum.FormFactor.Custom,m,Enum.Material.SmoothPlastic,0,0,"Dark stone grey","Part",Vector3.new(0.200000003, 0.200000003, 0.200000003))
Partweld=weld(m,Handle,Part,CFrame.new(0, 0, 0, 1, 0, 0, 0, 1, 0, 0, 0, 1),CFrame.new(-0.163887024, 0.111458778, -0.349739075, 8.04887259e-006, -1.38551368e-005, -0.999990821, 0.498901278, -0.866652668, 1.60232048e-005, -0.866653264, -0.498901874, -6.32306651e-008))
mesh("SpecialMesh",Part,Enum.MeshType.Wedge,"",Vector3.new(0, 0, 0),Vector3.new(0.336399972, 0.672799766, 0.336399972))
Part=part(Enum.FormFactor.Custom,m,Enum.Material.SmoothPlastic,0,0,"Dark stone grey","Part",Vector3.new(0.200000003, 0.200000003, 0.200000003))
Partweld=weld(m,Handle,Part,CFrame.new(0, 0, 0, 1, 0, 0, 0, 1, 0, 0, 0, 1),CFrame.new(-7.62939453e-006, 0.302688599, 0.168170929, -4.75004663e-006, -1.30574485e-008, 0.999984264, -0.999992192, -7.06315041e-006, -4.75000525e-006, 5.87105751e-006, -0.999991894, -1.30275053e-008))
mesh("SpecialMesh",Part,Enum.MeshType.Wedge,"",Vector3.new(0, 0, 0),Vector3.new(0.672800064, 0.672799945, 0.336399972))
Part=part(Enum.FormFactor.Custom,m,Enum.Material.SmoothPlastic,0,0,"Dark stone grey","Part",Vector3.new(0.200000003, 0.874640048, 0.200000003))
Partweld=weld(m,Handle,Part,CFrame.new(0, 0, 0, 1, 0, 0, 0, 1, 0, 0, 0, 1),CFrame.new(0.00477600098, -0.398108482, 0.518852234, -3.22403184e-006, 5.62819969e-006, 0.99998951, 0.498902708, -0.866650999, 6.48617106e-006, 0.866651773, 0.498903364, -1.38144181e-008))
mesh("SpecialMesh",Part,Enum.MeshType.Wedge,"",Vector3.new(0, 0, 0),Vector3.new(0.672800183, 1, 0.336399972))
Part=part(Enum.FormFactor.Custom,m,Enum.Material.SmoothPlastic,0,0,"Really black","Part",Vector3.new(0.200000003, 0.200000003, 0.200000003))
Partweld=weld(m,Handle,Part,CFrame.new(0, 0, 0, 1, 0, 0, 0, 1, 0, 0, 0, 1),CFrame.new(0.450813293, -0.00280761719, 0.970563889, 0.866649687, 0.498902202, -3.31878525e-009, -1.51858579e-008, 1.97283327e-008, -0.999984264, -0.498901367, 0.866648614, 2.46792311e-008))
mesh("CylinderMesh",Part,"","",Vector3.new(0, 0, 0),Vector3.new(0.336399972, 0.740079999, 0.672800183))
Part=part(Enum.FormFactor.Custom,m,Enum.Material.SmoothPlastic,0,0,"Dark stone grey","Part",Vector3.new(0.200000003, 0.200000003, 0.269120038))
Partweld=weld(m,Handle,Part,CFrame.new(0, 0, 0, 1, 0, 0, 0, 1, 0, 0, 0, 1),CFrame.new(0.0489349365, -0.209962845, -0.00468444824, 0.866652429, 0.498903751, 1.91206961e-009, -0.498903215, 0.866651773, -1.19068244e-009, -2.25297092e-009, 8.05715494e-011, 0.999990821))
mesh("BlockMesh",Part,"","",Vector3.new(0, 0, 0),Vector3.new(0.672800004, 0.336399972, 1))
Part=part(Enum.FormFactor.Custom,m,Enum.Material.SmoothPlastic,0,0,"Navy blue","Part",Vector3.new(0.200000003, 0.200000003, 0.269120038))
Partweld=weld(m,Handle,Part,CFrame.new(0, 0, 0, 1, 0, 0, 0, 1, 0, 0, 0, 1),CFrame.new(0.0154342651, -1.55697966, -0.00353240967, 0.866652429, 0.498903751, 2.2578952e-009, -0.498903215, 0.866651833, -5.24460475e-011, -1.98480765e-009, -1.07843046e-009, 0.99999094))
mesh("BlockMesh",Part,"","",Vector3.new(0, 0, 0),Vector3.new(0.336399972, 0.336399972, 1))
Part=part(Enum.FormFactor.Custom,m,Enum.Material.SmoothPlastic,0,0,"Really black","Part",Vector3.new(0.200000003, 0.200000003, 0.200000003))
Partweld=weld(m,Handle,Part,CFrame.new(0, 0, 0, 1, 0, 0, 0, 1, 0, 0, 0, 1),CFrame.new(0.383544922, -0.00280761719, 0.903319359, 0.866649687, 0.498902202, -3.31878658e-009, -1.51858668e-008, 1.9728347e-008, -0.999984264, -0.498901367, 0.866648614, 2.46792453e-008))
mesh("CylinderMesh",Part,"","",Vector3.new(0, 0, 0),Vector3.new(0.336399972, 0.740079999, 0.672800183))
Part=part(Enum.FormFactor.Custom,m,Enum.Material.SmoothPlastic,0,0,"Dark stone grey","Part",Vector3.new(0.336399972, 0.740079939, 0.200000003))
Partweld=weld(m,Handle,Part,CFrame.new(0, 0, 0, 1, 0, 0, 0, 1, 0, 0, 0, 1),CFrame.new(0.317024231, 0.463025093, 0.00568389893, 0.866651773, 0.498903364, -1.41873482e-008, -0.498902708, 0.866650999, 1.34257672e-009, 1.29633655e-008, 5.91760863e-009, 0.99998951))
mesh("BlockMesh",Part,"","",Vector3.new(0, 0, 0),Vector3.new(1, 1, 0.672800243))
Part=part(Enum.FormFactor.Custom,m,Enum.Material.SmoothPlastic,0,0,"Really black","Part",Vector3.new(0.200000003, 0.200000003, 0.200000003))
Partweld=weld(m,Handle,Part,CFrame.new(0, 0, 0, 1, 0, 0, 0, 1, 0, 0, 0, 1),CFrame.new(0.181915283, -0.00157928467, 0.9055233, 0.866649687, 0.498902202, -1.50724624e-008, -1.99105337e-008, 4.37652004e-009, -0.999984264, -0.498901367, 0.866648614, 1.37317357e-008))
mesh("CylinderMesh",Part,"","",Vector3.new(0, 0, 0),Vector3.new(0.336399972, 0.740079999, 0.672800183))
Part=part(Enum.FormFactor.Custom,m,Enum.Material.SmoothPlastic,0,0,"Dark stone grey","Part",Vector3.new(0.538240016, 0.269119918, 0.200000003))
Partweld=weld(m,Handle,Part,CFrame.new(0, 0, 0, 1, 0, 0, 0, 1, 0, 0, 0, 1),CFrame.new(0.283424377, 0.967119217, 0.00565338135, 0.866651773, 0.498903364, -1.33492808e-008, -0.498902708, 0.866650999, -9.34748989e-009, 6.90391699e-009, 1.4763736e-008, 0.99998951))
mesh("BlockMesh",Part,"","",Vector3.new(0, 0, 0),Vector3.new(1, 1, 0.672800243))
Part=part(Enum.FormFactor.Custom,m,Enum.Material.SmoothPlastic,0,0,"Really black","Part",Vector3.new(0.200000003, 0.200000003, 0.200000003))
Partweld=weld(m,Handle,Part,CFrame.new(0, 0, 0, 1, 0, 0, 0, 1, 0, 0, 0, 1),CFrame.new(0.18196106, -0.00176239014, 1.03994465, 0.866649687, 0.498902202, -3.39995543e-009, -1.34551961e-008, 1.65592748e-008, -0.999984264, -0.498901367, 0.866648614, 2.10693365e-008))
mesh("CylinderMesh",Part,"","",Vector3.new(0, 0, 0),Vector3.new(0.336399972, 0.740079999, 0.672800183))
Part=part(Enum.FormFactor.Custom,m,Enum.Material.SmoothPlastic,0,0,"Really black","Part",Vector3.new(0.200000003, 0.200000003, 0.200000003))
Partweld=weld(m,Handle,Part,CFrame.new(0, 0, 0, 1, 0, 0, 0, 1, 0, 0, 0, 1),CFrame.new(0.383544922, -0.00280761719, 1.03783798, 0.866649687, 0.498902202, -3.31878436e-009, -1.51858544e-008, 1.97283274e-008, -0.999984264, -0.498901367, 0.866648614, 2.46792276e-008))
mesh("CylinderMesh",Part,"","",Vector3.new(0, 0, 0),Vector3.new(0.336399972, 0.740079999, 0.672800183))
Part=part(Enum.FormFactor.Custom,m,Enum.Material.SmoothPlastic,0,0,"Dark stone grey","Part",Vector3.new(0.200000003, 0.269119978, 0.200000003))
Partweld=weld(m,Handle,Part,CFrame.new(0, 0, 0, 1, 0, 0, 0, 1, 0, 0, 0, 1),CFrame.new(-0.0176849365, -0.00373840332, 0.479958534, 0.866652429, 0.498903751, 1.34677836e-009, -1.69635683e-008, 2.67676299e-008, 0.999990821, 0.498903215, -0.866651773, 3.16582707e-008))
mesh("CylinderMesh",Part,"","",Vector3.new(0, 0, 0),Vector3.new(0.672799945, 1, 0.336399972))
Part=part(Enum.FormFactor.Custom,m,Enum.Material.SmoothPlastic,0,0,"Dark stone grey","Part",Vector3.new(0.200000003, 0.200000003, 0.200000003))
Partweld=weld(m,Handle,Part,CFrame.new(0, 0, 0, 1, 0, 0, 0, 1, 0, 0, 0, 1),CFrame.new(-0.00584411621, 0.767393112, 0.51902771, -1.75444547e-005, 2.97711194e-005, -0.999984264, -0.498901367, 0.866648614, 3.45541339e-005, 0.866649687, 0.498902202, -3.52023733e-007))
mesh("SpecialMesh",Part,Enum.MeshType.Wedge,"",Vector3.new(0, 0, 0),Vector3.new(0.672800183, 0.672800303, 0.336399972))
Part=part(Enum.FormFactor.Custom,m,Enum.Material.SmoothPlastic,0,0,"Navy blue","Part",Vector3.new(0.200000003, 0.200000003, 0.269120038))
Partweld=weld(m,Handle,Part,CFrame.new(0, 0, 0, 1, 0, 0, 0, 1, 0, 0, 0, 1),CFrame.new(0.0154266357, -2.0952754, -0.00350952148, 0.866652429, 0.498903751, 2.26122032e-009, -0.498903215, 0.866651833, -9.34297084e-011, -2.00813588e-009, -1.04457043e-009, 0.99999094))
mesh("BlockMesh",Part,"","",Vector3.new(0, 0, 0),Vector3.new(0.336399972, 0.336399972, 1))
Part=part(Enum.FormFactor.Custom,m,Enum.Material.SmoothPlastic,0,0,"Really black","Part",Vector3.new(0.200000003, 0.200000003, 0.200000003))
Partweld=weld(m,Handle,Part,CFrame.new(0, 0, 0, 1, 0, 0, 0, 1, 0, 0, 0, 1),CFrame.new(0.114692688, -0.00176239014, 0.972790718, 0.866649687, 0.498902202, -1.50588342e-008, -1.99821741e-008, 4.52828131e-009, -0.999984264, -0.498901367, 0.866648614, 1.3898994e-008))
mesh("CylinderMesh",Part,"","",Vector3.new(0, 0, 0),Vector3.new(0.336399972, 0.740079999, 0.672800183))
