Meshes = {
	Blast = '20329976',
	Crown = '1323306',
	Ring = '3270017',
	Claw = '10681506',
	Crystal = '9756362',
	Coil = '9753878',
	Cloud = '1095708',
}
clangsounds = {
	'199149119',
	'199149109',
	'199149072',
	'199149025',
	'199148971'
}
hitsounds = {
	'199149137',
	'199149186',
	'199149221',
	'199149235',
	'199149269',
	'199149297'
}
blocksounds = {
	'199148933',
	'199148947'
}
armorsounds = {
	'199149321',
	'199149338',
	'199149367',
	'199149409',
	'199149452'
}
woosh = {
	Heavy1 = '320557353',
	Heavy2 = '320557382',
	Heavy3 = '320557453',
	Heavy4 = '199144226',
	Heavy5 = '203691447',
	Heavy6 = '203691467',
	Heavy7 = '203691492',
	Light1 = '320557413',
	Light2 = '320557487',
	Light3 = '199145095',
	Light4 = '199145146',
	Light5 = '199145887',
	Light6 = '199145913',
	Light7 = '199145841',
	Medium1 = '320557518',
	Medium2 = '320557537',
	Medium3 = '320557563',
	Medium4 = '199145204'
}
Songs = {
	Breaking = '179281636',
	FinalReckoning = '357375770',
	NotDeadYet = '346175829',
	Intense = '151514610',
	JumpP1 = '160536628',
	JumpP2 = '60536666',
	SonsOfWar = '158929777',
	WrathOfSea = '165520893',
	ProtectorsOfEarth = '160542922',
	SkyTitans = '179282324',
	ArchAngel = '144043274',
	Anticipation = '168614529',
	TheMartyred = '186849544',
	AwakeP1 = '335631255',
	AwakeP2 = '335631297',
	ReadyAimFireP1 = '342455387',
	ReadyAimFireP2 = '342455399',
	DarkLordP1 = '209567483',
	DarkLordP2 = '209567529',
	BloodDrainP1 = '162914123',
	BloodDrainP2 = '162914203',
	DanceOfSwords = '320473062',
	Opal = '286415112',
	Calamity = '190454307',
	Hypnotica = '155968128',
	Nemisis = '160453802',
	Breathe = '276963903',
	GateToTheRift = '270655227',
	InfernalBeserking = '244143404',
	Trust = '246184492',
	AwakeningTheProject = '245121821',
	BloodPain = '242545577',
	Chaos = '247241693',
	NightmareFictionHighStake = '248062278',
	TheWhiteWeapon = '247236446',
	Gale = '256851659',
	ImperialCode = '256848383',
	Blitzkrieg = '306431437',
	RhapsodyRage = '348690251',
	TheGodFist = '348541501',
	BattleForSoul = '321185592',
	TheDarkColossus = '305976780',
	EmpireOfAngels = '302580452',
	Kronos = '302205297',
	Exorcist = '299796054',
	CrimsonFlames = '297799220',
	UltimatePower = '295753229',
	DrivingInTheDark = '295753229',
	AscendToPower = '293860654',
	GodOfTheSun = '293612495',
	DarkRider = '293861765',
	Vengeance = '293375555',
	SoundOfWar = '293376196',
	HellsCrusaders = '293012202',
	Legend = '293011823',
	RisingSouls = '290524959'
}
misc = {
	GroundSlam = '199145477',
	LaserSlash = '199145497',
	RailGunFire = '199145534',
	Charge1 = '199145659',
	Charge2 = '169380469',
	Charge3 = '169380479',
	EmptyGun = '203691822',
	GunShoot = '203691837',
	Stomp1 = '200632875',
	Stomp2 = '200632561',
	TelsaCannonCharge = '169445572',
	TelsaCannonShoot = '169445602',
	AncientHymm = '245313442'
}

wait(0.016666666666667)
Effects = {}
local Player = game.Players.localPlayer
local Character = Player.Character
local Humanoid = Character.Humanoid
local mouse = Player:GetMouse()
local m = Instance.new("Model", Character)
m.Name = "WeaponModel"
local LeftArm = Character["Left Arm"]
local RightArm = Character["Right Arm"]
local LeftLeg = Character["Left Leg"]
local RightLeg = Character["Right Leg"]
local Head = Character.Head
local Torso = Character.Torso
local RootPart = Character.HumanoidRootPart
local RootJoint = RootPart.RootJoint
local cam = game.Workspace.CurrentCamera
local equipped = false
local attack = false
local Anim = "Idle"
local idle = 0
local attacktype = 1
local Torsovelocity = RootPart.Velocity * Vector3.new(1, 0, 1).magnitude
local velocity = RootPart.Velocity.y
local sine = 0
local change = 1
local grabbed = false
local cn = CFrame.new
local mr = math.rad
local angles = CFrame.Angles
local ud = UDim2.new
local c3 = Color3.new
cf = CFrame.new
vt = Vector3.new
local NeckCF = cn(0, 1, 0, -1, 0, 0, 0, 0, 1, 0, 1, 0)
Humanoid.Animator:Destroy()
Character.Animate:Destroy()
local RootCF = CFrame.fromEulerAnglesXYZ(-1.57, 0, 3.14)
local RHCF = CFrame.fromEulerAnglesXYZ(0, 1.6, 0)
local LHCF = (CFrame.fromEulerAnglesXYZ(0, -1.6, 0))
RSH = nil
RW = Instance.new("Weld")
LW = Instance.new("Weld")
RH = Torso["Right Hip"]
LH = Torso["Left Hip"]
RSH = Torso["Right Shoulder"]
LSH = Torso["Left Shoulder"]
RSH.Parent = nil
LSH.Parent = nil
RW.Name = "RW"
RW.Part0 = Torso
RW.C0 = cn(1.5, 0.5, 0)
RW.C1 = cn(0, 0.5, 0)
RW.Part1 = RightArm
RW.Parent = Torso
LW.Name = "LW"
LW.Part0 = Torso
LW.C0 = cn(-1.5, 0.5, 0)
LW.C1 = cn(0, 0.5, 0)
LW.Part1 = LeftArm
LW.Parent = Torso


clerp = function(a, b, t)
  return a:lerp(b, t)
end


--[[--------------------------------------------------
LeftArm.Size = LeftArm.Size * 1
RightArm.Size = RightArm.Size * 1
LeftLeg.Size = LeftLeg.Size * 1
RightLeg.Size = RightLeg.Size * 1
Torso.Size = Torso.Size * 1
Head.Size = Head.Size * 1
RootPart.Size = RootPart.Size * 1
----------------------------------------------------]]


ArtificialHB = Instance.new("BindableEvent", script)
ArtificialHB.Name = "Heartbeat"
script:WaitForChild("Heartbeat")
frame = 0.033333333333333
tf = 0
allowframeloss = false
tossremainder = false
lastframe = tick()
script.Heartbeat:Fire()
game:GetService("RunService").Heartbeat:connect(function(s, p)
  tf = tf + s
  if frame <= tf then
    if allowframeloss then
      script.Heartbeat:Fire()
      lastframe = tick()
    else
      for i = 1, math.floor(tf / frame) do
        script.Heartbeat:Fire()
      end
      lastframe = tick()
    end
    if tossremainder then
      tf = 0
    else
      tf = tf - frame * math.floor(tf / frame)
    end
  end
end
)
swait = function(num)
  if num == 0 or num == nil then
    ArtificialHB.Event:wait()
  else
    for i = 0, num do
      ArtificialHB.Event:wait()
    end
  end
end

local RbxUtility = LoadLibrary("RbxUtility")
local Create = RbxUtility.Create
RemoveOutlines = function(part)
  part.TopSurface = 10
end





----------------------------------------------------
----------------------------------------------------



local dmgMultipyer = 0
local co1 = 3
local co2 = 3
local co3 = 3
local co4 = 70
local cooco = 3
local cooldown1 = 3
local cooldown2 = 3
local cooldown3 = 3
local cooldown4 = 70
local coolcool = 3
local maxEnergy = 200
local Energy = 20
local skill1stam = 10
local skill2stam = 30
local skill3stam = 40
local skill4stam = 60
local recovermana = 15
local skillcolorscheme = BrickColor.new("Teal").Color
local scrn = Instance.new("ScreenGui", Player.PlayerGui)
makeframe = function(par, trans, pos, size, color)
  local frame = Instance.new("Frame", par)
  frame.BackgroundTransparency = trans
  frame.BorderSizePixel = 0
  frame.Position = pos
  frame.Size = size
  frame.BackgroundColor3 = color
  return frame
end

makelabel = function(par, text)
  local label = Instance.new("TextLabel", par)
  label.BackgroundTransparency = 1
  label.Size = UDim2.new(1, 0, 1, 0)
  label.Position = UDim2.new(0, 0, 0, 0)
  label.TextColor3 = Color3.new(255, 255, 255)
  label.TextStrokeTransparency = 0
  label.FontSize = Enum.FontSize.Size32
  label.Font = Enum.Font.SourceSansBold
  label.BorderSizePixel = 0
  label.TextScaled = true
  label.Text = text
end

framesk1 = makeframe(scrn, 0.5, UDim2.new(0.8, 0, 0.85, 0), UDim2.new(0.16, 0, 0.1, 0), skillcolorscheme)
framesk2 = makeframe(scrn, 0.5, UDim2.new(0.8, 0, 0.74, 0), UDim2.new(0.16, 0, 0.1, 0), skillcolorscheme)
framesk3 = makeframe(scrn, 0.5, UDim2.new(0.8, 0, 0.63, 0), UDim2.new(0.16, 0, 0.1, 0), skillcolorscheme)
framesk4 = makeframe(scrn, 0.5, UDim2.new(0.8, 0, 0.52, 0), UDim2.new(0.16, 0, 0.1, 0), skillcolorscheme)
bar1 = makeframe(framesk1, 0, UDim2.new(0, 0, 0, 0), UDim2.new(1, 0, 1, 0), skillcolorscheme)
bar2 = makeframe(framesk2, 0, UDim2.new(0, 0, 0, 0), UDim2.new(1, 0, 1, 0), skillcolorscheme)
bar3 = makeframe(framesk3, 0, UDim2.new(0, 0, 0, 0), UDim2.new(1, 0, 1, 0), skillcolorscheme)
bar4 = makeframe(framesk4, 0, UDim2.new(0, 0, 0, 0), UDim2.new(1, 0, 1, 0), skillcolorscheme)

text1 = Instance.new("TextLabel", framesk1)
text1.BackgroundTransparency = 1
text1.Size = UDim2.new(1, 0, 1, 0)
text1.Position = UDim2.new(0, 0, 0, 0)
text1.TextColor3 = Color3.new(255, 255, 255)
text1.TextStrokeTransparency = 0
text1.FontSize = Enum.FontSize.Size18
text1.Font = Enum.Font.SourceSansBold
text1.BorderSizePixel = 0
text1.TextScaled = true
text1.Text = "[Z]\n Smek Combo"


text2 = Instance.new("TextLabel", framesk2)
text2.BackgroundTransparency = 1
text2.Size = UDim2.new(1, 0, 1, 0)
text2.Position = UDim2.new(0, 0, 0, 0)
text2.TextColor3 = Color3.new(255, 255, 255)
text2.TextStrokeTransparency = 0
text2.FontSize = Enum.FontSize.Size18
text2.Font = Enum.Font.SourceSansBold
text2.BorderSizePixel = 0
text2.TextScaled = true
text2.Text = "[X]\n Wavez of Sugar"


text3 = Instance.new("TextLabel", framesk3)
text3.BackgroundTransparency = 1
text3.Size = UDim2.new(1, 0, 1, 0)
text3.Position = UDim2.new(0, 0, 0, 0)
text3.TextColor3 = Color3.new(255, 255, 255)
text3.TextStrokeTransparency = 0
text3.FontSize = Enum.FontSize.Size18
text3.Font = Enum.Font.SourceSansBold
text3.BorderSizePixel = 0
text3.TextScaled = false
text3.Text = "[C]\n SpinCycle"


text4 = Instance.new("TextLabel", framesk4)
text4.BackgroundTransparency = 1
text4.Size = UDim2.new(1, 0, 1, 0)
text4.Position = UDim2.new(0, 0, 0, 0)
text4.TextColor3 = Color3.new(255, 255, 255)
text4.TextStrokeTransparency = 0
text4.FontSize = Enum.FontSize.Size18
text4.Font = Enum.Font.SourceSansBold
text4.BorderSizePixel = 0
text4.TextScaled = true
text4.Text = "[V]\n Yummie laz0r"



function NoOutline(Part)
	Part.TopSurface, Part.BottomSurface, Part.LeftSurface, Part.RightSurface, Part.FrontSurface, Part.BackSurface = 10, 10, 10, 10, 10, 10
end
	
function nooutline(part)
	part.TopSurface, part.BottomSurface, part.LeftSurface, part.RightSurface, part.FrontSurface, part.BackSurface = 10, 10, 10, 10, 10, 10
end


CreatePart = function(Parent, Material, Reflectance, Transparency, BColor, Name, Size)
  local Part = Create("Part")({Parent = Parent, Reflectance = Reflectance, Transparency = Transparency, CanCollide = false, Locked = true, BrickColor = BrickColor.new(tostring(BColor)), Name = Name, Size = Size, Material = Material})
  RemoveOutlines(Part)
   nooutline(Part)
  return Part
end

CreateMesh = function(Mesh, Part, MeshType, MeshId, OffSet, Scale)
  local Msh = Create(Mesh)({Parent = Part, Offset = OffSet, Scale = Scale})
  if Mesh == "SpecialMesh" then
    Msh.MeshType = MeshType
    Msh.MeshId = MeshId
  end
  return Msh
end

CreateWeld = function(Parent, Part0, Part1, C0, C1)
  local Weld = Create("Weld")({Parent = Parent, Part0 = Part0, Part1 = Part1, C0 = C0, C1 = C1})
  return Weld
end

rayCast = function(Position, Direction, Range, Ignore)
  return game:service("Workspace"):FindPartOnRay(Ray.new(Position, Direction.unit * (Range or 999.999)), Ignore)
end

CreateSound = function(id, par, vol, pit)
  coroutine.resume(coroutine.create(function()
    local sou = Instance.new("Sound", par or workspace)
    sou.Volume = vol
    sou.Pitch = pit or 1
    sou.SoundId = id
    swait()
    sou:play()
    game:GetService("Debris"):AddItem(sou, 6)
  end
))
end

local getclosest = function(obj, distance)
  local last, lastx = distance + 1, nil
  for i,v in pairs(workspace:GetChildren()) do
    if v:IsA("Model") and v ~= Character and v:findFirstChild("Humanoid") and v:findFirstChild("Torso") and v:findFirstChild("Humanoid").Health > 0 then
      local t = v.Torso
      local dist = t.Position - obj.Position.magnitude
      if dist <= distance and dist < last then
        last = dist
        lastx = v
      end
    end
  end
  return lastx
end

Damagefunc = function(Part, hit, minim, maxim, knockback, Type, Property, Delay, HitSound, HitPitch)
  if hit.Parent == nil then
    return 
  end
  local h = hit.Parent:FindFirstChild("Humanoid")
  for _,v in pairs(hit.Parent:children()) do
    if v:IsA("Humanoid") then
      h = v
    end
  end
  if h ~= nil and hit.Parent.Name ~= Character.Name and hit.Parent:FindFirstChild("Torso") ~= nil then
    if hit.Parent:findFirstChild("DebounceHit") ~= nil and hit.Parent.DebounceHit.Value == true then
      return 
    end
    local c = Create("ObjectValue")({Name = "creator", Value = game:service("Players").LocalPlayer, Parent = h})
    game:GetService("Debris"):AddItem(c, 0.5)
    if HitSound ~= nil and HitPitch ~= nil then
      CreateSound(HitSound, hit, 1, HitPitch)
    end
    local Damage = math.random(minim, maxim) + dmgMultipyer
    local blocked = false
    local block = hit.Parent:findFirstChild("Block")
    if block ~= nil and block.className == "IntValue" and block.Value > 0 then
      blocked = true
      block.Value = block.Value - 1
      print(block.Value)
    end
    if blocked == false then
      h.Health = h.Health - Damage
      ShowDamage(Part.CFrame * CFrame.new(0, 0, Part.Size.Z / 2).p + Vector3.new(0, 1.5, 0), -Damage, 1.5, Part.BrickColor.Color)
    else
      h.Health = h.Health - Damage / 2
      ShowDamage(Part.CFrame * CFrame.new(0, 0, Part.Size.Z / 2).p + Vector3.new(0, 1.5, 0), -Damage, 1.5, Part.BrickColor.Color)
    end
    if Type == "Knockdown" then
      local hum = hit.Parent.Humanoid
      hum.PlatformStand = true
      coroutine.resume(coroutine.create(function(HHumanoid)
    swait(1)
    HHumanoid.PlatformStand = false
  end
), hum)
      local angle = hit.Position - (Property.Position + Vector3.new(0, 0, 0)).unit
      local bodvol = Create("BodyVelocity")({velocity = angle * knockback, P = 5000, maxForce = Vector3.new(8000, 8000, 8000), Parent = hit})
      local rl = Create("BodyAngularVelocity")({P = 3000, maxTorque = Vector3.new(500000, 500000, 500000) * 50000000000000, angularvelocity = Vector3.new(math.random(-10, 10), math.random(-10, 10), math.random(-10, 10)), Parent = hit})
      game:GetService("Debris"):AddItem(bodvol, 0.5)
      game:GetService("Debris"):AddItem(rl, 0.5)
    else
      do
        if Type == "Normal" then
          local vp = Create("BodyVelocity")({P = 500, maxForce = Vector3.new(math.huge, 0, math.huge), velocity = Property.CFrame.lookVector * knockback + Property.Velocity / 1.05})
          if knockback > 0 then
            vp.Parent = hit.Parent.Torso
          end
          game:GetService("Debris"):AddItem(vp, 0.5)
        else
          do
            if Type == "Up" then
              local bodyVelocity = Create("BodyVelocity")({velocity = vt(0, 20, 0), P = 5000, maxForce = Vector3.new(8000, 8000, 8000), Parent = hit})
              game:GetService("Debris"):AddItem(bodyVelocity, 0.5)
            else
              do
                if Type == "DarkUp" then
                  coroutine.resume(coroutine.create(function()
    for i = 0, 1, 0.1 do
      swait()
      BlockEffect(BrickColor.new("Black"), hit.Parent.Torso.CFrame, 5, 5, 5, 1, 1, 1, 0.08, 1)
    end
  end
))
                  local bodyVelocity = Create("BodyVelocity")({velocity = vt(0, 20, 0), P = 5000, maxForce = Vector3.new(8000, 8000, 8000), Parent = hit})
                  game:GetService("Debris"):AddItem(bodyVelocity, 1)
                else
                  do
                    if Type == "Snare" then
                      local bp = Create("BodyPosition")({P = 2000, D = 100, maxForce = Vector3.new(math.huge, math.huge, math.huge), position = hit.Parent.Torso.Position, Parent = hit.Parent.Torso})
                      game:GetService("Debris"):AddItem(bp, 1)
                    else
                      do
                        if Type == "Freeze" then
                          local BodPos = Create("BodyPosition")({P = 50000, D = 1000, maxForce = Vector3.new(math.huge, math.huge, math.huge), position = hit.Parent.Torso.Position, Parent = hit.Parent.Torso})
                          local BodGy = Create("BodyGyro")({maxTorque = Vector3.new(400000, 400000, 400000) * math.huge, P = 20000, Parent = hit.Parent.Torso, cframe = hit.Parent.Torso.CFrame})
                          hit.Parent.Torso.Anchored = true
                          coroutine.resume(coroutine.create(function(Part)
    swait(1.5)
    Part.Anchored = false
  end
), hit.Parent.Torso)
                          game:GetService("Debris"):AddItem(BodPos, 3)
                          game:GetService("Debris"):AddItem(BodGy, 3)
                        end
                        do
                          local debounce = Create("BoolValue")({Name = "DebounceHit", Parent = hit.Parent, Value = true})
                          game:GetService("Debris"):AddItem(debounce, Delay)
                          c = Instance.new("ObjectValue")
                          c.Name = "creator"
                          c.Value = Player
                          c.Parent = h
                          game:GetService("Debris"):AddItem(c, 0.5)
                        end
                      end
                    end
                  end
                end
              end
            end
          end
        end
      end
    end
  end
end

MagniDamage = function(Part, magni, mindam, maxdam, knock, Type)
  for _,c in pairs(workspace:children()) do
    local hum = c:findFirstChild("Humanoid")
    if hum ~= nil then
      local head = c:findFirstChild("Torso")
      if head ~= nil then
        local targ = head.Position - Part.Position
        local mag = targ.magnitude
        if mag <= magni and c.Name ~= Player.Name then
          Damagefunc(head, head, mindam, maxdam, knock, Type, RootPart, 0.1, "http://www.roblox.com/asset/?id=231917784", 1)
        end
      end
    end
  end
end

ShowDamage = function(Pos, Text, Time, Color)
  local Rate = 0.033333333333333
  if not Pos then
    local Pos = Vector3.new(0, 0, 0)
  end
  local Text = Text or ""
  local Time = Time or 2
  if not Color then
    local Color = Color3.new(1, 0, 1)
  end
  local EffectPart = CreatePart(workspace, "SmoothPlastic", 0, 1, BrickColor.new(Color), "Effect", vt(0, 0, 0))
  EffectPart.Anchored = true
  local BillboardGui = Create("BillboardGui")({Size = UDim2.new(3, 0, 3, 0), Adornee = EffectPart, Parent = EffectPart})
  local TextLabel = Create("TextLabel")({BackgroundTransparency = 1, Size = UDim2.new(1, 0, 1, 0), Text = Text, TextColor3 = Color, TextScaled = true, Font = Enum.Font.ArialBold, Parent = BillboardGui})
  game.Debris:AddItem(EffectPart, Time + 0.1)
  EffectPart.Parent = game:GetService("Workspace")
  delay(0, function()
    local Frames = Time / Rate
    for Frame = 1, Frames do
      wait(Rate)
      local Percent = Frame / Frames
      EffectPart.CFrame = CFrame.new(Pos) + Vector3.new(0, Percent, 0)
      TextLabel.TextTransparency = Percent
    end
    if EffectPart and EffectPart.Parent then
      EffectPart:Destroy()
    end
  end
)
end


----------------------------------------------------
local player = game.Players.LocalPlayer
local pchar = player.Character
local mouse = player:GetMouse()
local cam = workspace.CurrentCamera

local rad = math.rad

local keysDown = {}
local flySpeed = 0
local MAX_FLY_SPEED = 150

local canFly = false
local flyToggled = false

local forward, side = 0, 0
local lastForward, lastSide = 0, 0

local floatBP = Instance.new("BodyPosition")
floatBP.maxForce = Vector3.new(0, math.huge, 0)
local flyBV = Instance.new("BodyVelocity")
flyBV.maxForce = Vector3.new(9e9, 9e9, 9e9)
local turnBG = Instance.new("BodyGyro")
turnBG.maxTorque = Vector3.new(math.huge, math.huge, math.huge)

mouse.KeyDown:connect(function(key)
        keysDown[key] = true

        if key == "f" then
                flyToggled = not flyToggled

        if not flyToggled then
                stanceToggle = "Normal"
                floatBP.Parent = nil
                flyBV.Parent = nil
                turnBG.Parent = nil
                RootPart.Velocity = Vector3.new()
                pchar.Humanoid.PlatformStand = false
        end
end

end)
mouse.KeyUp:connect(function(key)
        keysDown[key] = nil
end)

local function updateFly()

        if not flyToggled then return end

        lastForward = forward
        lastSide = side

        forward = 0
        side = 0

        if keysDown.w then
                forward = forward + 1
        end
        if keysDown.s then
                forward = forward - 1
        end
        if keysDown.a then
                side = side - 1
        end
        if keysDown.d then
                side = side + 1
        end

        canFly = (forward ~= 0 or side ~= 0)

        if canFly then
                stanceToggle = "Floating"
                turnBG.Parent = RootPart
                floatBP.Parent = nil
                flyBV.Parent = RootPart

                flySpeed = flySpeed + 1 + (flySpeed / MAX_FLY_SPEED)
                if flySpeed > MAX_FLY_SPEED then flySpeed = MAX_FLY_SPEED end
        else
                floatBP.position = RootPart.Position
                floatBP.Parent = RootPart

                flySpeed = flySpeed - 1
                if flySpeed < 0 then flySpeed = 0 end
        end

        local camCF = cam.CoordinateFrame
        local in_forward = canFly and forward or lastForward
        local in_side = canFly and side or lastSide

        flyBV.velocity = ((camCF.lookVector * in_forward) + (camCF * CFrame.new(in_side,
in_forward * 0.2, 0).p) - camCF.p) * flySpeed

        turnBG.cframe = camCF * CFrame.Angles(-rad(forward * (flySpeed / MAX_FLY_SPEED)), 0,
0)
end

game:service'RunService'.RenderStepped:connect(function()
        if flyToggled then
                pchar.Humanoid.PlatformStand = true
        end
        updateFly()
end)
-------------------------------



	Player=game:GetService('Players').LocalPlayer
	Character=Player.Character
	Mouse=Player:GetMouse()
	m=Instance.new('Model',Character)


	local function weldBetween(a, b)
	    local weldd = Instance.new("ManualWeld")
	    weldd.Part0 = a
	    weldd.Part1 = b
	    weldd.C0 = CFrame.new()
	    weldd.C1 = b.CFrame:inverse() * a.CFrame
	    weldd.Parent = a
	    return weldd
	end
	
	it=Instance.new
	
	function nooutline(part)
		part.TopSurface,part.BottomSurface,part.LeftSurface,part.RightSurface,part.FrontSurface,part.BackSurface = 10,10,10,10,10,10
	end
	
	function part(formfactor,parent,material,reflectance,transparency,brickcolor,name,size)
		local fp=it("Part")
		fp.formFactor=formfactor
		fp.Parent=parent
		fp.Reflectance=reflectance
		fp.Transparency=transparency
		fp.CanCollide=false
		fp.Locked=true
		fp.BrickColor=BrickColor.new(tostring(brickcolor))
		fp.Name=name
		fp.Size=size
		fp.Position=Character.Torso.Position
		nooutline(fp)
		fp.Material=material
		fp:BreakJoints()
		return fp
	end
	
	function mesh(Mesh,part,meshtype,meshid,offset,scale)
		local mesh=it(Mesh)
		mesh.Parent=part
		if Mesh=="SpecialMesh" then
			mesh.MeshType=meshtype
			mesh.MeshId=meshid
		end
		mesh.Offset=offset
		mesh.Scale=scale
		return mesh
	end
	
	function weld(parent,part0,part1,c0,c1)
		local weld=it("Weld")
		weld.Parent=parent
		weld.Part0=part0
		weld.Part1=part1
		weld.C0=c0
		weld.C1=c1
		return weld
	end
m = Instance.new("Model", Character)
m.Name = "Devine light"

handle=part(Enum.FormFactor.Custom,m,Enum.Material.SmoothPlastic,0,0,"Pastel light blue","Handle",Vector3.new(0.25000006, 1.20000005, 0.25000006))
handleweld=weld(m,Character["Right Arm"],handle,CFrame.new(0, 0, 0, 1, 0, 0, 0, 1, 0, 0, 0, 1),CFrame.new(0.141163945, -0.342636108, -0.847911835, -0.999825656, -0.0133569958, -0.0130459955, 0.009293437, 0.250005007, -0.968199968, 0.0161938071, -0.968152404, -0.249837279))
FakeHandle=part(Enum.FormFactor.Custom,m,Enum.Material.SmoothPlastic,0,0,"Pastel light blue","Handle",Vector3.new(0.25000006, 1.20000005, 0.25000006))
FakeHandleWeld=weld(m,handle,FakeHandle,CFrame.new(0, 0, 0, 1, 0, 0, 0, 1, 0, 0, 0, 1),CFrame.new(0.141163945, -0.342636108, -0.847911835, -0.999825656, -0.0133569958, -0.0130459955, 0.009293437, 0.250005007, -0.968199968, 0.0161938071, -0.968152404, -0.249837279))
mesh("CylinderMesh",handle,"","",Vector3.new(0, 0, 0),Vector3.new(1, 1, 1))
Part=part(Enum.FormFactor.Custom,m,Enum.Material.SmoothPlastic,0,0,"Quill grey","Part",Vector3.new(0.300000101, 0.200000003, 0.300000072))
Partweld=weld(m,handle,Part,CFrame.new(0, 0, 0, 1, 0, 0, 0, 1, 0, 0, 0, 1),CFrame.new(5.7220459e-005, -0.326431274, -0.0416107178, -3.77115794e-006, 4.57465649e-006, -1.00000012, -0.0871620625, 0.996194243, 4.87267971e-006, 0.996194184, 0.0871620774, -3.35648656e-006))
mesh("CylinderMesh",Part,"","",Vector3.new(0, 0, 0),Vector3.new(1, 1, 1))
Part=part(Enum.FormFactor.Custom,m,Enum.Material.SmoothPlastic,0,0,"Quill grey","Part",Vector3.new(0.300000101, 0.200000003, 0.300000072))
Partweld=weld(m,handle,Part,CFrame.new(0, 0, 0, 1, 0, 0, 0, 1, 0, 0, 0, 1),CFrame.new(4.82797623e-005, -0.151901245, -0.0220031738, -0.99999994, 0, -2.32830644e-010, -9.31322575e-010, 0.99619472, 0.0871562809, -2.32830644e-010, 0.087156266, -0.996194661))
mesh("CylinderMesh",Part,"","",Vector3.new(0, 0, 0),Vector3.new(1, 1, 1))
Part=part(Enum.FormFactor.Custom,m,Enum.Material.SmoothPlastic,0,0,"Quill grey","Part",Vector3.new(0.300000101, 0.200000003, 0.300000072))
Partweld=weld(m,handle,Part,CFrame.new(0, 0, 0, 1, 0, 0, 0, 1, 0, 0, 0, 1),CFrame.new(-1.52587891e-005, -0.676803589, -0.0636501312, 3.77115794e-006, -4.57465649e-006, 1.00000012, 0.0871523172, 0.996195018, 4.23192978e-006, -0.996195018, 0.0871523172, 4.15742397e-006))
mesh("CylinderMesh",Part,"","",Vector3.new(0, 0, 0),Vector3.new(1, 1, 1))
Part=part(Enum.FormFactor.Custom,m,Enum.Material.SmoothPlastic,0,0,"Quill grey","Part",Vector3.new(0.300000101, 0.200000003, 0.300000072))
Partweld=weld(m,handle,Part,CFrame.new(0, 0, 0, 1, 0, 0, 0, 1, 0, 0, 0, 1),CFrame.new(-0.000112533569, -0.851348877, -0.0831794739, -0.99999994, 0, -2.32830644e-010, -9.31322575e-010, 0.99619472, 0.0871562809, -2.32830644e-010, 0.087156266, -0.996194661))
mesh("CylinderMesh",Part,"","",Vector3.new(0, 0, 0),Vector3.new(1, 1, 1))
Part=part(Enum.FormFactor.Custom,m,Enum.Material.SmoothPlastic,0,0,"Quill grey","Part",Vector3.new(0.300000101, 0.200000003, 0.300000072))
Partweld=weld(m,handle,Part,CFrame.new(0, 0, 0, 1, 0, 0, 0, 1, 0, 0, 0, 1),CFrame.new(-4.19616699e-005, 0.0226287842, -0.00234031677, 3.77115794e-006, -4.57465649e-006, 1.00000012, 0.0871523172, 0.996195018, 4.23192978e-006, -0.996195018, 0.0871523172, 4.15742397e-006))
mesh("CylinderMesh",Part,"","",Vector3.new(0, 0, 0),Vector3.new(1, 1, 1))
Part=part(Enum.FormFactor.Custom,m,Enum.Material.SmoothPlastic,0,0,"Quill grey","Part",Vector3.new(0.300000101, 0.200000003, 0.300000072))
Partweld=weld(m,handle,Part,CFrame.new(0, 0, 0, 1, 0, 0, 0, 1, 0, 0, 0, 1),CFrame.new(7.86781311e-006, -1.55081177, -0.144371033, -0.99999994, 0, -2.32830644e-010, -9.31322575e-010, 0.99619472, 0.0871562809, -2.32830644e-010, 0.087156266, -0.996194661))
mesh("CylinderMesh",Part,"","",Vector3.new(0, 0, 0),Vector3.new(1, 1, 1))
Part=part(Enum.FormFactor.Custom,m,Enum.Material.SmoothPlastic,0,0,"Quill grey","Part",Vector3.new(0.300000101, 0.200000003, 0.300000072))
Partweld=weld(m,handle,Part,CFrame.new(0, 0, 0, 1, 0, 0, 0, 1, 0, 0, 0, 1),CFrame.new(-8.39233398e-005, -1.37628174, -0.12481308, 3.77115794e-006, -4.57465649e-006, 1.00000012, 0.0871523172, 0.996195018, 4.23192978e-006, -0.996195018, 0.0871523172, 4.15742397e-006))
mesh("CylinderMesh",Part,"","",Vector3.new(0, 0, 0),Vector3.new(1, 1, 1))
Part=part(Enum.FormFactor.Custom,m,Enum.Material.SmoothPlastic,0,0,"Quill grey","Part",Vector3.new(0.300000101, 0.200000003, 0.300000072))
Partweld=weld(m,handle,Part,CFrame.new(0, 0, 0, 1, 0, 0, 0, 1, 0, 0, 0, 1),CFrame.new(4.66108322e-005, -0.502304077, -0.0439300537, 0.99999994, 0, 2.32830644e-010, -9.31322575e-010, 0.996194839, -0.0871537775, -4.65661287e-010, 0.0871537924, 0.996194839))
mesh("CylinderMesh",Part,"","",Vector3.new(0, 0, 0),Vector3.new(1, 1, 1))
Part=part(Enum.FormFactor.Custom,m,Enum.Material.SmoothPlastic,0,0,"Quill grey","Part",Vector3.new(0.300000101, 0.200000003, 0.300000072))
Partweld=weld(m,handle,Part,CFrame.new(0, 0, 0, 1, 0, 0, 0, 1, 0, 0, 0, 1),CFrame.new(3.81469727e-006, -1.02586365, -0.102859497, -3.77115794e-006, 4.57465649e-006, -1.00000012, -0.0871620625, 0.996194243, 4.87267971e-006, 0.996194184, 0.0871620774, -3.35648656e-006))
mesh("CylinderMesh",Part,"","",Vector3.new(0, 0, 0),Vector3.new(1, 1, 1))
Part=part(Enum.FormFactor.Custom,m,Enum.Material.SmoothPlastic,0,0,"Quill grey","Part",Vector3.new(0.300000101, 0.200000003, 0.300000072))
Partweld=weld(m,handle,Part,CFrame.new(0, 0, 0, 1, 0, 0, 0, 1, 0, 0, 0, 1),CFrame.new(4.19616699e-005, -1.72532654, -0.16396904, -3.77115794e-006, 4.57465649e-006, -1.00000012, -0.0871620625, 0.996194243, 4.87267971e-006, 0.996194184, 0.0871620774, -3.35648656e-006))
mesh("CylinderMesh",Part,"","",Vector3.new(0, 0, 0),Vector3.new(1, 1, 1))
Part=part(Enum.FormFactor.Custom,m,Enum.Material.SmoothPlastic,0,0,"Quill grey","Part",Vector3.new(0.300000101, 0.200000003, 0.300000072))
Partweld=weld(m,handle,Part,CFrame.new(0, 0, 0, 1, 0, 0, 0, 1, 0, 0, 0, 1),CFrame.new(-4.00543213e-005, -1.20176697, -0.105155945, 0.99999994, 0, 2.32830644e-010, -9.31322575e-010, 0.996194839, -0.0871537775, -4.65661287e-010, 0.0871537924, 0.996194839))
mesh("CylinderMesh",Part,"","",Vector3.new(0, 0, 0),Vector3.new(1, 1, 1))
Part=part(Enum.FormFactor.Custom,m,Enum.Material.SmoothPlastic,0,0,"Quill grey","Part",Vector3.new(0.300000101, 0.200000003, 0.300000072))
Partweld=weld(m,handle,Part,CFrame.new(0, 0, 0, 1, 0, 0, 0, 1, 0, 0, 0, 1),CFrame.new(0.000135183334, 0.197174072, 0.0172729492, 0.99999994, 0, 2.32830644e-010, -9.31322575e-010, 0.996194839, -0.0871537775, -4.65661287e-010, 0.0871537924, 0.996194839))
mesh("CylinderMesh",Part,"","",Vector3.new(0, 0, 0),Vector3.new(1, 1, 1))
Part=part(Enum.FormFactor.Custom,m,Enum.Material.SmoothPlastic,0,0,"Quill grey","Part",Vector3.new(0.300000101, 0.200000003, 0.300000072))
Partweld=weld(m,handle,Part,CFrame.new(0, 0, 0, 1, 0, 0, 0, 1, 0, 0, 0, 1),CFrame.new(-2.88486481e-005, 0.547546387, 0.0391845703, -0.99999994, 0, -2.32830644e-010, -9.31322575e-010, 0.99619472, 0.0871562809, -2.32830644e-010, 0.087156266, -0.996194661))
mesh("CylinderMesh",Part,"","",Vector3.new(0, 0, 0),Vector3.new(1, 1, 1))
Part=part(Enum.FormFactor.Custom,m,Enum.Material.SmoothPlastic,0,0,"Quill grey","Part",Vector3.new(0.300000101, 0.200000003, 0.300000072))
Partweld=weld(m,handle,Part,CFrame.new(0, 0, 0, 1, 0, 0, 0, 1, 0, 0, 0, 1),CFrame.new(0.000205755234, -1.90118408, -0.166313171, 0.99999994, 0, 2.32830644e-010, -9.31322575e-010, 0.996194839, -0.0871537775, -4.65661287e-010, 0.0871537924, 0.996194839))
mesh("CylinderMesh",Part,"","",Vector3.new(0, 0, 0),Vector3.new(1, 1, 1))
Part=part(Enum.FormFactor.Custom,m,Enum.Material.SmoothPlastic,0,0,"Quill grey","Part",Vector3.new(0.300000101, 0.200000003, 0.300000072))
Partweld=weld(m,handle,Part,CFrame.new(0, 0, 0, 1, 0, 0, 0, 1, 0, 0, 0, 1),CFrame.new(4.97102737e-005, -2.2502594, -0.205524445, -0.99999994, 0, -2.32830644e-010, -9.31322575e-010, 0.99619472, 0.0871562809, -2.32830644e-010, 0.087156266, -0.996194661))
mesh("CylinderMesh",Part,"","",Vector3.new(0, 0, 0),Vector3.new(1, 1, 1))
Part=part(Enum.FormFactor.Custom,m,Enum.Material.SmoothPlastic,0,0,"Quill grey","Part",Vector3.new(0.300000101, 0.200000003, 0.300000072))
Partweld=weld(m,handle,Part,CFrame.new(0, 0, 0, 1, 0, 0, 0, 1, 0, 0, 0, 1),CFrame.new(0, -2.07572937, -0.185987473, 3.77115794e-006, -4.57465649e-006, 1.00000012, 0.0871523172, 0.996195018, 4.23192978e-006, -0.996195018, 0.0871523172, 4.15742397e-006))
mesh("CylinderMesh",Part,"","",Vector3.new(0, 0, 0),Vector3.new(1, 1, 1))
Part=part(Enum.FormFactor.Custom,m,Enum.Material.SmoothPlastic,0,0,"Quill grey","Part",Vector3.new(0.300000101, 0.200000003, 0.300000072))
Partweld=weld(m,handle,Part,CFrame.new(0, 0, 0, 1, 0, 0, 0, 1, 0, 0, 0, 1),CFrame.new(4.57763672e-005, 0.373001099, 0.0196170807, -3.77115794e-006, 4.57465649e-006, -1.00000012, -0.0871620625, 0.996194243, 4.87267971e-006, 0.996194184, 0.0871620774, -3.35648656e-006))
mesh("CylinderMesh",Part,"","",Vector3.new(0, 0, 0),Vector3.new(1, 1, 1))
Part=part(Enum.FormFactor.Custom,m,Enum.Material.SmoothPlastic,0,0,"Quill grey","Part",Vector3.new(0.300000101, 0.200000003, 0.300000072))
Partweld=weld(m,handle,Part,CFrame.new(0, 0, 0, 1, 0, 0, 0, 1, 0, 0, 0, 1),CFrame.new(-6.10351563e-005, 0.722076416, 0.0587940216, 3.77115794e-006, -4.57465649e-006, 1.00000012, 0.0871523172, 0.996195018, 4.23192978e-006, -0.996195018, 0.0871523172, 4.15742397e-006))
mesh("CylinderMesh",Part,"","",Vector3.new(0, 0, 0),Vector3.new(1, 1, 1))
Part=part(Enum.FormFactor.Custom,m,Enum.Material.SmoothPlastic,0,0,"Lily white","Part",Vector3.new(0.200000003, 0.275000006, 0.200000003))
Partweld=weld(m,handle,Part,CFrame.new(0, 0, 0, 1, 0, 0, 0, 1, 0, 0, 0, 1),CFrame.new(2.77497864, 0.000152587891, -0.350048065, 7.58934766e-006, -1, 1.81794167e-006, 1, 7.58748502e-006, -2.12341547e-006, 2.12457962e-006, 1.78813934e-006, 1))
mesh("CylinderMesh",Part,"","",Vector3.new(0, 0, 0),Vector3.new(0.600000024, 1, 0.600000024))
Part=part(Enum.FormFactor.Custom,m,Enum.Material.SmoothPlastic,0,0,"Lily white","Part",Vector3.new(0.200000003, 0.275000006, 0.200000003))
Partweld=weld(m,handle,Part,CFrame.new(0, 0, 0, 1, 0, 0, 0, 1, 0, 0, 0, 1),CFrame.new(2.7749939, 0.000155687332, 0.199939728, 7.58934766e-006, -1, 1.81794167e-006, 1, 7.58748502e-006, -2.12341547e-006, 2.12457962e-006, 1.78813934e-006, 1))
mesh("CylinderMesh",Part,"","",Vector3.new(0, 0, 0),Vector3.new(0.600000024, 1, 0.600000024))
Part=part(Enum.FormFactor.Custom,m,Enum.Material.SmoothPlastic,0,0,"Toothpaste","Part",Vector3.new(0.200000003, 0.399999976, 0.225000009))
Partweld=weld(m,handle,Part,CFrame.new(0, 0, 0, 1, 0, 0, 0, 1, 0, 0, 0, 1),CFrame.new(-3.73125076e-005, -1.82868958, -3.25964355, -0.99999994, 0, -2.32830644e-010, -1.39698386e-009, 0.374601722, 0.927185833, -9.31322575e-010, 0.927185893, -0.374601722))
mesh("BlockMesh",Part,"","",Vector3.new(0, 0, 0),Vector3.new(0.100000001, 1, 1))
Part=part(Enum.FormFactor.Custom,m,Enum.Material.SmoothPlastic,0,0,"Toothpaste","Part",Vector3.new(0.200000003, 0.475000054, 0.200000003))
Partweld=weld(m,handle,Part,CFrame.new(0, 0, 0, 1, 0, 0, 0, 1, 0, 0, 0, 1),CFrame.new(5.13792038e-005, -2.4438324, -2.6292572, -1.00000012, -1.4686957e-006, 1.68639235e-006, 4.6286732e-007, 0.601810455, 0.798638999, -2.18860805e-006, 0.798639059, -0.601810515))
mesh("BlockMesh",Part,"","",Vector3.new(0, 0, 0),Vector3.new(0.100000001, 1, 1))
Part=part(Enum.FormFactor.Custom,m,Enum.Material.SmoothPlastic,0,0,"Toothpaste","Part",Vector3.new(0.200000003, 0.475000054, 0.200000003))
Partweld=weld(m,handle,Part,CFrame.new(0, 0, 0, 1, 0, 0, 0, 1, 0, 0, 0, 1),CFrame.new(-6.94990158e-005, -3.39315796, -0.288171768, -0.99999994, 0, -2.32830644e-010, -9.31322575e-010, 0.984807909, 0.173647165, 6.98491931e-010, 0.173647195, -0.984807849))
mesh("BlockMesh",Part,"","",Vector3.new(0, 0, 0),Vector3.new(0.100000001, 1, 1))
Part=part(Enum.FormFactor.Custom,m,Enum.Material.SmoothPlastic,0,0,"Toothpaste","Part",Vector3.new(0.200000003, 0.525000036, 0.225000009))
Partweld=weld(m,handle,Part,CFrame.new(0, 0, 0, 1, 0, 0, 0, 1, 0, 0, 0, 1),CFrame.new(8.10623169e-005, -0.378733158, 3.05079651, -1, -1.21910125e-006, 7.18282536e-007, -1.04343053e-006, 0.292375863, -0.956303477, 9.55536962e-007, -0.956303596, -0.292375863))
mesh("BlockMesh",Part,"","",Vector3.new(0, 0, 0),Vector3.new(0.100000001, 1, 1))
Part=part(Enum.FormFactor.Custom,m,Enum.Material.SmoothPlastic,0,0,"Toothpaste","Part",Vector3.new(0.200000003, 0.475000054, 0.200000003))
Partweld=weld(m,handle,Part,CFrame.new(0, 0, 0, 1, 0, 0, 0, 1, 0, 0, 0, 1),CFrame.new(-0.000146508217, -2.83062744, 1.35781097, -1.00000012, -1.4686957e-006, 1.68639235e-006, -1.93715096e-006, 0.945518613, -0.325568199, -1.11572444e-006, -0.32556814, -0.945518553))
mesh("BlockMesh",Part,"","",Vector3.new(0, 0, 0),Vector3.new(0.100000001, 1, 1))
Part=part(Enum.FormFactor.Custom,m,Enum.Material.SmoothPlastic,0,0,"Pastel blue-green","Part",Vector3.new(0.200000003, 0.475000054, 0.200000003))
Partweld=weld(m,handle,Part,CFrame.new(0, 0, 0, 1, 0, 0, 0, 1, 0, 0, 0, 1),CFrame.new(-0.000108003616, -2.67617798, 1.5712738, -0.99999994, -2.50525773e-007, 9.68342647e-007, -6.5099448e-007, 0.898796022, -0.438367248, -7.62753189e-007, -0.438367248, -0.898795962))
mesh("BlockMesh",Part,"","",Vector3.new(0, 0, 0),Vector3.new(0.200000003, 1, 1))
Part=part(Enum.FormFactor.Custom,m,Enum.Material.SmoothPlastic,0,0,"Pastel blue-green","Part",Vector3.new(0.200000003, 0.475000054, 0.200000003))
Partweld=weld(m,handle,Part,CFrame.new(0, 0, 0, 1, 0, 0, 0, 1, 0, 0, 0, 1),CFrame.new(3.92198563e-005, -3.36148071, -0.0265235901, -1.00000012, -1.4686957e-006, 1.68639235e-006, -1.37928873e-006, 0.998629451, 0.0523391962, -1.76089816e-006, 0.0523392111, -0.998629391))
mesh("BlockMesh",Part,"","",Vector3.new(0, 0, 0),Vector3.new(0.200000003, 1, 1))
Part=part(Enum.FormFactor.Custom,m,Enum.Material.SmoothPlastic,0,0,"Pastel blue-green","Part",Vector3.new(0.200000003, 0.525000036, 0.225000009))
Partweld=weld(m,handle,Part,CFrame.new(0, 0, 0, 1, 0, 0, 0, 1, 0, 0, 0, 1),CFrame.new(-9.54866409e-005, -0.987586975, 2.83644104, -0.99999994, -2.50525773e-007, 9.68342647e-007, -9.75560397e-007, 0.453990608, -0.89100647, -2.16066837e-007, -0.891006529, -0.453990579))
mesh("BlockMesh",Part,"","",Vector3.new(0, 0, 0),Vector3.new(0.200000003, 1, 1))
Part=part(Enum.FormFactor.Custom,m,Enum.Material.SmoothPlastic,0,0,"Pastel blue-green","Part",Vector3.new(0.200000003, 0.475000054, 0.200000003))
Partweld=weld(m,handle,Part,CFrame.new(0, 0, 0, 1, 0, 0, 0, 1, 0, 0, 0, 1),CFrame.new(-7.9870224e-006, -0.783958435, -3.6051178, -1.00000012, -1.4686957e-006, 1.68639235e-006, 1.43796206e-006, 0.156430051, 0.987689137, -1.71456486e-006, 0.987689018, -0.156430021))
mesh("BlockMesh",Part,"","",Vector3.new(0, 0, 0),Vector3.new(0.200000003, 1, 1))
Part=part(Enum.FormFactor.Custom,m,Enum.Material.SmoothPlastic,0,0,"Pastel blue-green","Part",Vector3.new(0.200000003, 0.475000054, 0.200000003))
Partweld=weld(m,handle,Part,CFrame.new(0, 0, 0, 1, 0, 0, 0, 1, 0, 0, 0, 1),CFrame.new(3.09944153e-005, -2.59901428, -2.4163208, -1.00000012, -1.4686957e-006, 1.68639235e-006, 1.94646418e-007, 0.694655478, 0.719342709, -2.2277236e-006, 0.719342709, -0.694655418))
mesh("BlockMesh",Part,"","",Vector3.new(0, 0, 0),Vector3.new(0.200000003, 1, 1))
Part=part(Enum.FormFactor.Custom,m,Enum.Material.SmoothPlastic,0,0,"Medium stone grey","Part",Vector3.new(0.450000077, 0.200000048, 0.450000077))
Partweld=weld(m,handle,Part,CFrame.new(0, 0, 0, 1, 0, 0, 0, 1, 0, 0, 0, 1),CFrame.new(5.40018082e-005, 1.09999084, -1.14440918e-005, 0.99999994, 0, 2.32830644e-010, 0, 1, 0, 2.32830644e-010, 0, 1))
mesh("CylinderMesh",Part,"","",Vector3.new(0, 0, 0),Vector3.new(1, 0.5, 1))
Part=part(Enum.FormFactor.Custom,m,Enum.Material.SmoothPlastic,0,0,"Medium stone grey","Part",Vector3.new(0.350000083, 0.200000048, 0.350000083))
Partweld=weld(m,handle,Part,CFrame.new(0, 0, 0, 1, 0, 0, 0, 1, 0, 0, 0, 1),CFrame.new(0.000137090683, 1.00004578, -7.62939453e-006, 0.99999994, 0, 2.32830644e-010, 0, 1, 0, 2.32830644e-010, 0, 1))
mesh("CylinderMesh",Part,"","",Vector3.new(0, 0, 0),Vector3.new(1, 0.25, 1))
Part=part(Enum.FormFactor.Custom,m,Enum.Material.SmoothPlastic,0,0,"Medium stone grey","Part",Vector3.new(0.350000083, 0.200000048, 0.350000083))
Partweld=weld(m,handle,Part,CFrame.new(0, 0, 0, 1, 0, 0, 0, 1, 0, 0, 0, 1),CFrame.new(0.000110626221, 0.925003052, -7.62939453e-006, 0.99999994, 0, 2.32830644e-010, 0, 1, 0, 2.32830644e-010, 0, 1))
mesh("CylinderMesh",Part,"","",Vector3.new(0, 0, 0),Vector3.new(1, 0.25, 1))
Part=part(Enum.FormFactor.Custom,m,Enum.Material.SmoothPlastic,0,0,"Medium stone grey","Part",Vector3.new(0.300000072, 0.200000003, 0.300000072))
Partweld=weld(m,handle,Part,CFrame.new(0, 0, 0, 1, 0, 0, 0, 1, 0, 0, 0, 1),CFrame.new(8.45193863e-005, 0.974990845, 1.14440918e-005, 0.99999994, 0, 2.32830644e-010, 0, 1, 0, 2.32830644e-010, 0, 1))
mesh("CylinderMesh",Part,"","",Vector3.new(0, 0, 0),Vector3.new(1, 1, 1))
