Player = game.Players.LocalPlayer
repeat
  wait()
until Player.Character
Tool = Instance.new("HopperBin", Player.Backpack)
Tool.Name = "WAIT"
Effects = {}
ArtificialHB = Instance.new("BindableEvent", script)
ArtificialHB.Name = "Heartbeat"
script:WaitForChild("Heartbeat")
frame = 0.03333333333333333
tf = 0
allowframeloss = false
tossremainder = false
lastframe = tick()
script.Heartbeat:Fire()
game:GetService("RunService").Heartbeat:connect(function(s, p)
  tf = tf + s
  if tf >= frame then
    if allowframeloss then
      script.Heartbeat:Fire()
      lastframe = tick()
    else
      for i = 1, math.floor(tf / frame) do
        script.Heartbeat:Fire()
      end
      lastframe = tick()
    end
    if tossremainder then
      tf = 0
    else
      tf = tf - frame * math.floor(tf / frame)
    end
  end
end)
function swait(num)
  if num == 0 or num == nil then
    ArtificialHB.Event:wait()
  else
    for i = 0, num do
      ArtificialHB.Event:wait()
    end
  end
end
local Player = game.Players.localPlayer
local Character = Player.Character
local Humanoid = Character.Humanoid
local char = Character
local LeftArm = Character["Left Arm"]
local RightArm = Character["Right Arm"]
local LeftLeg = Character["Left Leg"]
local RightLeg = Character["Right Leg"]
local Head = Character.Head
local Torso = Character.Torso
local cam = game.Workspace.CurrentCamera
local RootPart = Character.HumanoidRootPart
local RootJoint = RootPart.RootJoint
local equipped = false
local attack = false
local Anim = "Idle"
local idle = 0
local attacktype = 1
local Torsovelocity = (RootPart.Velocity * Vector3.new(1, 0, 1)).magnitude
local velocity = RootPart.Velocity.y
local sine = 0
local change = 1
local grabbed = false
local cn = CFrame.new
local mr = math.rad
local angles = CFrame.Angles
local ud = UDim2.new
local c3 = Color3.new
local ORW = Torso["Right Shoulder"]
local OLW = Torso["Left Shoulder"]
local OLH = Torso["Left Hip"]
local ORH = Torso["Right Hip"]
EffectModel = Instance.new("Model", Character)
it = Instance.new
vt = Vector3.new
cf = CFrame.new
euler = CFrame.Angles
EffectModel.Name = "Effects"
local Animator = Humanoid.Animator
local Animate = char.Animate
local EffecMo = EffectModel
dcam = Instance.new("Script")--script.TWODCAM:Clone()
dcam.Parent = char
dcam.Disabled = false
local CANtwod = true
local controlsScript = game.Players.LocalPlayer.PlayerScripts.ControlScript
controlsScript.Disabled = false
AnimTab = {}
AnimTab.Idle = {
  Animation = function(frameN, sine)
    local frame = {}
    frame[1] = {
      CFrame.new(2.75671482E-7, 0.200000063, -0.0249774866, 0.642787576, 0.0378452428, 0.765109003, 0, 0.99877888, -0.0494034551, -0.766044438, 0.0317559317, 0.642002642) * CFrame.new(0, 0.05 * math.cos(sine / 16), 0) * CFrame.Angles(0, 0, 0),
      CFrame.new(-0.0189546123, 1.46292567, -0.106947616, 0.874095201, -0.0209516734, -0.485302508, 0.138642669, 0.968272209, 0.207911611, 0.465548784, -0.249018192, 0.849266887) * CFrame.new(0, 0.02 * math.cos(sine / 16), 0) * CFrame.Angles(math.rad(2 * math.cos(sine / 16)), 0, 0),
      CFrame.new(1.52564752, 0.0095030535, 0.16884166, 0.786316156, -0.464979529, -0.406817913, 0.489593357, 0.87058723, -0.0487444215, 0.376835734, -0.160846859, 0.912207723) * CFrame.new(0, 0.05 * math.cos(sine / 16), 0) * CFrame.Angles(0, 0, math.rad(3.5 * math.cos(sine / 16))),
      CFrame.new(-1.46113753, -0.0836579874, -0.3236444, -0.342537999, 0.264813662, 0.901410758, 0.508022189, 0.859293938, -0.0593911707, -0.790304303, 0.437592924, -0.428872049) * CFrame.new(0, 0.05 * math.cos(sine / 16), 0) * CFrame.Angles(math.rad(3.5 * math.cos(sine / 16)), 0, 0),
      CFrame.new(0.578392506, -2.03777266, 0.0416527689, 0.947437465, -0.0721113682, -0.31170848, 0.0828900337, 0.996327758, 0.0214513037, 0.309017092, -0.0461612977, 0.949935555) * CFrame.new(0, -0.05 * math.cos(sine / 16), 0) * CFrame.Angles(0, 0, 0),
      CFrame.new(-0.578392982, -2.03777266, 0.0416528434, 0.947437525, 0.0721113682, 0.31170857, -0.0828900337, 0.996327758, 0.0214513075, -0.309017003, -0.0461612903, 0.949935675) * CFrame.new(0, -0.05 * math.cos(sine / 16), 0) * CFrame.Angles(0, 0, 0)
    }
    return frame[frameN]
  end
}
AnimTab.Run = {
  Animation = function(frameN, sine, hee, hee2, num, o)
    local frame = {}
    frame[1] = {
      CFrame.new(0, 0, 0, 1, 0, 0, 0, 0.999998331, 0, 0, 0, 0.999998331) * CFrame.new(0, 0, 0) * CFrame.Angles(math.rad(-35), math.rad(5 * math.cos(sine / num)), 0),
      CFrame.new(0, 1.49999368, 8.34463322E-7, 1, 0, 0, 0, 0.999998033, -2.38418579E-7, 0, 2.38418579E-7, 0.999998033) * CFrame.Angles(math.rad(15), 0, 0),
      CFrame.new(1.4, hee + 0.36 * math.cos(sine / (num / 2)), -0.66 * math.cos(sine / num)) * CFrame.new(-0.35 * math.cos(sine / num), 0, 0) * CFrame.Angles(math.rad(30), 0, 0) * CFrame.Angles(math.rad(o * math.cos(sine / num)), 0, math.rad(-25 * math.cos(sine / num))),
      CFrame.new(-1.4, hee2 + 0.36 * math.cos(sine / (num / 2)), 0.66 * math.cos(sine / num)) * CFrame.new(-0.35 * math.cos(sine / num), 0, 0) * CFrame.Angles(math.rad(30), 0, 0) * CFrame.Angles(-math.rad(o * math.cos(sine / num)), 0, math.rad(-25 * math.cos(sine / num))),
      CFrame.new(0.5, -1.85 - 0.5 * math.cos(sine / num) / 2, 0 + 2 * math.sin(sine / num) / 2) * angles(math.rad(-60 * math.sin(sine / num)), math.rad(-5), math.rad(0)),
      CFrame.new(-0.5, -1.85 + 0.5 * math.cos(sine / num) / 2, 0 - 2 * math.sin(sine / num) / 2) * angles(math.rad(60 * math.sin(sine / num)), math.rad(5), math.rad(0))
    }
    return frame[frameN]
  end
}
AnimTab.BackWalk = {
  Animation = function(frameN, sine, num)
    local frame = {}
    frame[1] = {
      CFrame.new(0, 0, 0, 1, 0, 0, 0, 0.999998331, 0, 0, 0, 0.999998331) * CFrame.new(0, 0, 0) * CFrame.Angles(0, math.rad(9 * math.cos(sine / num)), 0),
      CFrame.new(0, 1.49999368, 8.34463322E-7, 1, 0, 0, 0, 0.999998033, -2.38418579E-7, 0, 2.38418579E-7, 0.999998033) * CFrame.Angles(math.rad(-15), 0, 0),
      CFrame.new(1.4, -0.045 * math.cos(sine / (num / 2)), -0.25 * math.cos(sine / num)) * CFrame.new(-0.03 * math.cos(sine / num), 0, 0) * CFrame.Angles(math.rad(25 * math.cos(sine / num)), 0, math.rad(-10 * math.cos(sine / num))),
      CFrame.new(-1.4, -0.045 * math.cos(sine / (num / 2)), 0.25 * math.cos(sine / num)) * CFrame.new(-0.03 * math.cos(sine / num), 0, 0) * CFrame.Angles(math.rad(-25 * math.cos(sine / num)), 0, math.rad(-10 * math.cos(sine / num))),
      CFrame.new(0.5, -1.85 - 0.25 * math.cos(sine / num) / 2, 0 + 1 * math.sin(sine / num) / 2) * angles(math.rad(-30 * math.sin(sine / num)), math.rad(-5), math.rad(0)),
      CFrame.new(-0.5, -1.85 + 0.25 * math.cos(sine / num) / 2, 0 - 1 * math.sin(sine / num) / 2) * angles(math.rad(30 * math.sin(sine / num)), math.rad(5), math.rad(0))
    }
    return frame[frameN]
  end
}
AnimTab.Jump = {
  Animation = function(frameN)
    local frame = {}
    frame[1] = {
      CFrame.new(0, 0, 0, 1, 0, 0, 0, 1, 0, 0, 0, 1) * CFrame.new(0, 0, 0) * CFrame.Angles(0, 0, 0),
      CFrame.new(0, 1.49104357, -0.0507529527, 1, 0, 0, 0, 0.984807849, 0.173647985, 0, -0.173647985, 0.984807849) * CFrame.new(0, 0, 0) * CFrame.Angles(0, 0, 0),
      CFrame.new(1.37250769, 0.121224046, 0.64733851, 0.173648015, 2.58755701E-8, -0.984807789, 0.852869093, 0.499999106, 0.150383696, 0.49240306, -0.866025925, 0.0868238285) * CFrame.new(0, 0, 0) * CFrame.Angles(0, 0, 0),
      CFrame.new(-1.57669723, 0.162346587, -0.26788035, 0.8611601, 0.435611397, -0.262004048, -0.489563048, 0.849481702, -0.196745664, 0.136863008, 0.297697008, 0.944798946) * CFrame.new(0, 0, 0) * CFrame.Angles(0, 0, 0),
      CFrame.new(0.49999693, -1.99999774, -8.94069672E-8, 0.965925872, 3.7422879E-7, -0.258818924, 0.0449429974, 0.984807849, 0.167731062, 0.254886955, -0.173647881, 0.951251388) * CFrame.new(0, 0, 0) * CFrame.Angles(0, 0, 0),
      CFrame.new(-0.598104358, -1.58444905, -0.345675468, 0.981060326, 0.0858319253, 0.173648298, -0.141065046, 0.930940628, 0.336823732, -0.132746041, -0.354940027, 0.925416648) * CFrame.new(0, 0, 0) * CFrame.Angles(0, 0, 0)
    }
    return frame[frameN]
  end
}
AnimTab.Fall = {
  Animation = function(frameN)
    local frame = {}
    frame[1] = {
      CFrame.new(0, 0, 0, 1, 0, 0, 0, 1, 0, 0, 0, 1) * CFrame.new(0, 0, 0) * CFrame.Angles(0, 0, 0),
      CFrame.new(0, 1.4910444, -0.0507505536, 1, 0, 0, 0, 0.965925872, 0.258818984, 0, -0.258818984, 0.965925872) * CFrame.new(0, 0, 0) * CFrame.Angles(0, 0, 0),
      CFrame.new(1.41551924, 0.430770516, 0.599072576, 0.163175896, -0.0593939237, -0.984807611, 0.972444415, 0.178148255, 0.150383249, 0.166509897, -0.982209563, 0.0868267864) * CFrame.new(0, 0, 0) * CFrame.Angles(0, 0, 0),
      CFrame.new(-1.53597856, 0.181962684, -0.0532567501, 0.748531938, 0.630958676, 0.203939021, -0.508304954, 0.743486166, -0.434573829, -0.425823927, 0.221629158, 0.877242625) * CFrame.new(0, 0, 0) * CFrame.Angles(0, 0, 0),
      CFrame.new(0.525004327, -1.77186298, -0.282919437, 0.965925634, -0.0885212198, -0.24321124, 0.0449429862, 0.982783973, -0.179209024, 0.254887909, 0.162171945, 0.953274548) * CFrame.new(0, 0, 0) * CFrame.Angles(0, 0, 0),
      CFrame.new(-0.625082374, -1.74759519, -0.371673733, 0.98105973, 0.161157295, 0.107471913, -0.141064972, 0.974630296, -0.173771828, -0.132749975, 0.155320033, 0.978904068) * CFrame.new(0, 0, 0) * CFrame.Angles(0, 0, 0)
    }
    return frame[frameN]
  end
}
AnimTab.ON = {
  Animation = function(frameN)
    local frame = {}
    frame[1] = {
      CFrame.new(-1.14056382E-8, -0.196045384, -1.56056514E-4, 1, 5.81785571E-8, -0.00159262121, -1.21010919E-6, 0.99999994, -7.96537439E-4, 0.00159247965, 7.96022301E-4, 0.999999464) * CFrame.new(0, 0, 0) * CFrame.Angles(0, 0, 0),
      CFrame.new(9.34411162E-8, 1.47852278, -0.144922316, 0.99999392, 7.4505806E-8, -5.21540642E-8, 5.78365871E-8, 0.957062781, 0.289872348, -7.4505806E-8, -0.289865702, 0.957063496) * CFrame.new(0, 0, 0) * CFrame.Angles(0, 0, 0),
      CFrame.new(0.663555026, 0.49231568, -0.850663185, 0.015370708, 0.692666352, 0.721096218, 0.999231637, 0.0153704779, -0.036063727, -0.0360642895, 0.721095979, -0.691897511) * CFrame.new(0, 0, 0) * CFrame.Angles(0, 0, 0),
      CFrame.new(-0.663553596, 0.492314607, -0.850663126, 0.0153705887, -0.692666411, -0.721096218, -0.999231517, 0.015370396, -0.0360638089, 0.0360642895, 0.721096158, -0.691897392) * CFrame.new(0, 0, 0) * CFrame.Angles(0, 0, 0),
      CFrame.new(0.499701917, -1.92411804, 0.38171339, 0.999994397, 3.01316381E-4, -7.50280917E-4, 5.81403583E-6, 0.924113035, 0.382118583, 8.08849931E-4, -0.382119298, 0.924106598) * CFrame.new(0, 0, 0) * CFrame.Angles(0, 0, 0),
      CFrame.new(-0.401899934, -1.79915607, -5.6552887E-4, 0.999996126, -7.83959404E-5, 8.13350081E-4, -9.8903547E-7, 0.995200098, 0.0978638232, -8.17283988E-4, -0.0978644416, 0.995195687) * CFrame.new(0, 0, 0) * CFrame.Angles(0, 0, 0)
    }
    return frame[frameN]
  end
}
AnimTab.Z = {
  Animation = function(frameN)
    local frame = {}
    frame[1] = {
      CFrame.new(0, 0, 0, 0, 0, 0.999999225, 0, 0.999995708, 0, -0.999999106, 0, -2.98023224E-8) * CFrame.new(0, 0, 0) * CFrame.Angles(0, 0, 0),
      CFrame.new(0, 1.4999876, 0, 0, 0, -0.999999106, 0, 0.999995708, 0, 0.999999225, 0, -2.98023224E-8) * CFrame.new(0, 0, 0) * CFrame.Angles(0, 0, 0),
      CFrame.new(1.96199751, 0.504999399, 2.03370263E-7, -4.37117507E-8, -1.00000012, -1.1920929E-7, 0.999998927, -4.37116228E-8, -5.3644078E-7, 5.36441121E-7, -2.08616257E-7, 0.999999583) * CFrame.new(0, 0, 0) * CFrame.Angles(0, 0, 0),
      CFrame.new(-1.65588522, 0.0899997652, -5.96046448E-7, 0.663417399, 0.499997854, 0.556668401, -0.38301897, 0.866025746, -0.32139349, -0.642785549, 3.51667404E-6, 0.76604563) * CFrame.new(0, 0, 0) * CFrame.Angles(0, 0, 0),
      CFrame.new(0.499999821, -1.9999913, 2.98023082E-8, 1.00000012, 0, 5.96046448E-8, 0, 0.999997854, 0, 5.96046448E-8, 0, 0.999999046) * CFrame.new(0, 0, 0) * CFrame.Angles(0, 0, 0),
      CFrame.new(-0.49999848, -1.9999826, -4.36168932E-8, 0.984808028, 0.173647821, 1.1920929E-7, -0.173647806, 0.984803498, -1.03502149E-8, 8.94069672E-8, 1.49011612E-8, 0.999998033) * CFrame.new(0, 0, 0) * CFrame.Angles(0, 0, 0)
    }
    frame[2] = {
      CFrame.new(0, 0, 0, 0, 0, 0.999999225, 0, 0.999995708, 0, -0.999999106, 0, -2.98023224E-8) * CFrame.new(0, 0, 0) * CFrame.Angles(0, 0, 0),
      CFrame.new(0, 1.4999876, 0, 0, 0, -0.999999106, 0, 0.999995708, 0, 0.999999225, 0, -2.98023224E-8) * CFrame.new(0, 0, 0) * CFrame.Angles(0, 0, 0),
      CFrame.new(2.17999816, 0.504999697, -1.63019195E-7, -4.37117365E-8, -1.00000024, -8.94069672E-8, 0.999998927, -4.37116121E-8, -5.36440723E-7, 5.36441235E-7, -2.38418579E-7, 0.999999702) * CFrame.new(0, 0, 0) * CFrame.Angles(0, 0, 0),
      CFrame.new(-1.65588522, 0.0899997652, -5.96046448E-7, 0.663417399, 0.499997854, 0.556668401, -0.38301897, 0.866025746, -0.32139349, -0.642785549, 3.51667404E-6, 0.76604563) * CFrame.new(0, 0, 0) * CFrame.Angles(0, 0, 0),
      CFrame.new(0.499999821, -1.9999913, 2.98023082E-8, 1.00000012, 0, 5.96046448E-8, 0, 0.999997854, 0, 5.96046448E-8, 0, 0.999999046) * CFrame.new(0, 0, 0) * CFrame.Angles(0, 0, 0),
      CFrame.new(-0.49999848, -1.9999826, -4.36168932E-8, 0.984808028, 0.173647821, 1.1920929E-7, -0.173647806, 0.984803498, -1.03502149E-8, 8.94069672E-8, 1.49011612E-8, 0.999998033) * CFrame.new(0, 0, 0) * CFrame.Angles(0, 0, 0)
    }
    return frame[frameN]
  end
}
AnimTab.X = {
  Animation = function(frameN)
    local frame = {}
    frame[1] = {
      CFrame.new(0, 0, 0, 1, 0, 0, 0, 1, 0, 0, 0, 1) * CFrame.new(0, 0, 0) * CFrame.Angles(0, 0, 0),
      CFrame.new(0, 1.49999011, 1.1920929E-7, 1, 0, 0, 0, 0.961258709, 0.275636077, 0, -0.275636077, 0.961258709) * CFrame.new(0, 0, 0) * CFrame.Angles(0, 0, 0),
      CFrame.new(1.73096776, 0.221290082, -0.247037202, 0.866025388, -0.5, 0, 0.453153878, 0.784885526, -0.42261827, 0.211309135, 0.365998149, 0.906307757) * CFrame.new(0, 0, 0) * CFrame.Angles(0, 0, 0),
      CFrame.new(-1.6844511, 0.247182712, -0.234963119, 0.866025388, 0.5, 0, -0.453153878, 0.784885526, -0.42261827, -0.211309135, 0.365998149, 0.906307757) * CFrame.new(0, 0, 0) * CFrame.Angles(0, 0, 0),
      CFrame.new(0.5, -1.85054433, -0.00898814201, 1, 0, 0, 0, 0.866025448, 0.5, 0, -0.5, 0.866025448) * CFrame.new(0, 0, 0) * CFrame.Angles(0, 0, 0),
      CFrame.new(-0.5, -2, 0, 1, 0, 0, 0, 1, 0, 0, 0, 1) * CFrame.new(0, 0, 0) * CFrame.Angles(0, 0, 0)
    }
    frame[2] = {
      CFrame.new(0, 0, 0, 1, 0, 0, 0, 1, 0, 0, 0, 1) * CFrame.new(0, 0, 0) * CFrame.Angles(0, 0, 0),
      CFrame.new(0, 1.4999702, 2.98023224E-8, 1, 0, 0, 0, 0.987678707, -0.156433374, 0, 0.156433374, 0.987678707) * CFrame.new(0, 0, 0) * CFrame.Angles(0, 0, 0),
      CFrame.new(1.54340684, -0.013969779, 0.154194564, 0.996195436, -0.0871483162, 2.04188723E-6, 0.085823901, 0.981060028, 0.173653692, -0.01513563, -0.17299284, 0.984806836) * CFrame.new(0, 0, 0) * CFrame.Angles(0, 0, 0),
      CFrame.new(-1.58881116, 0.0192507058, 0.191561162, 0.983905196, 0.168530956, 0.0593911558, -0.176127076, 0.97074753, 0.163175866, -0.0301536899, -0.171009898, 0.984807491) * CFrame.new(0, 0, 0) * CFrame.Angles(0, 0, 0),
      CFrame.new(0.5, -1.17936957, -0.396488011, 1, 0, 0, 0, 0.866025448, 0.5, 0, -0.5, 0.866025448) * CFrame.new(0, 0, 0) * CFrame.Angles(0, 0, 0),
      CFrame.new(-0.5, -1.99999619, 0, 1, 0, 0, 0, 1, 0, 0, 0, 1) * CFrame.new(0, 0, 0) * CFrame.Angles(0, 0, 0)
    }
    return frame[frameN]
  end
}
AnimTab.C = {
  Animation = function(frameN)
    local frame = {}
    frame[1] = {
      CFrame.new(-0.0369880162, -1.10390246, -0.09250018, 1, 1.2293458E-7, 6.2584877E-6, -1.37835741E-7, 0.999999821, 6.04987144E-6, -6.28829002E-6, -6.07967377E-6, 1) * CFrame.new(0, 0, 0) * CFrame.Angles(0, 0, 0),
      CFrame.new(-0.0174499601, 1.43704295, -0.242257506, 0.847531497, -0.034899503, 0.529596448, -0.231024295, 0.874086738, 0.427316964, -0.477826446, -0.484514266, 0.732753515) * CFrame.new(0, 0, 0) * CFrame.Angles(0, 0, 0),
      CFrame.new(1.57888758, 0.334454238, 0.37078771, 0.939120173, -0.218655303, -0.265034169, 0.341811687, 0.672903121, 0.656022549, 0.0348994732, -0.706676006, 0.706676006) * CFrame.new(0, 0, 0) * CFrame.Angles(0, 0, 0),
      CFrame.new(-1.14341164, -0.103800863, -0.377612591, 0.975884259, -0.171130121, -0.135515153, 0.0819011331, 0.862501562, -0.499382883, 0.202341437, 0.476241142, 0.855717421) * CFrame.new(0, 0, 0) * CFrame.Angles(0, 0, 0),
      CFrame.new(0.429101616, -1.47360778, 0.079228282, 0.987342358, -0.00153388083, 0.158595383, -0.128680721, 0.576799393, 0.80668658, -0.0927150398, -0.816884398, 0.569300771) * CFrame.new(0, 0, 0) * CFrame.Angles(0, 0, 0),
      CFrame.new(-1.65440094, -1.4544071, 0.0723534822, 0.349117994, 0.936126053, 0.0422516018, -0.934187293, 0.344145745, 0.0941256285, 0.0735727102, -0.0723317266, 0.994663954) * CFrame.new(0, 0, 0) * CFrame.Angles(0, 0, 0)
    }
    frame[2] = {
      CFrame.Angles(0, math.rad(-160), 0) * CFrame.new(-0.0369880162, -1.10390246, -0.09250018, 1, 1.2293458E-7, 6.2584877E-6, -1.37835741E-7, 0.999999821, 6.04987144E-6, -6.28829002E-6, -6.07967377E-6, 1) * CFrame.new(0, 0, 0) * CFrame.Angles(0, 0, 0),
      CFrame.new(-0.0174499601, 1.43704295, -0.242257506, 0.847531497, -0.034899503, 0.529596448, -0.231024295, 0.874086738, 0.427316964, -0.477826446, -0.484514266, 0.732753515) * CFrame.new(0, 0, 0) * CFrame.Angles(0, 0, 0),
      CFrame.new(1.57888758, 0.334454238, 0.37078771, 0.939120173, -0.218655303, -0.265034169, 0.341811687, 0.672903121, 0.656022549, 0.0348994732, -0.706676006, 0.706676006) * CFrame.new(0, 0, 0) * CFrame.Angles(0, 0, 0),
      CFrame.new(-1.14341164, -0.103800863, -0.377612591, 0.975884259, -0.171130121, -0.135515153, 0.0819011331, 0.862501562, -0.499382883, 0.202341437, 0.476241142, 0.855717421) * CFrame.new(0, 0, 0) * CFrame.Angles(0, 0, 0),
      CFrame.new(0.429101616, -1.47360778, 0.079228282, 0.987342358, -0.00153388083, 0.158595383, -0.128680721, 0.576799393, 0.80668658, -0.0927150398, -0.816884398, 0.569300771) * CFrame.new(0, 0, 0) * CFrame.Angles(0, 0, 0),
      CFrame.new(-1.65440094, -1.4544071, 0.0723534822, 0.349117994, 0.936126053, 0.0422516018, -0.934187293, 0.344145745, 0.0941256285, 0.0735727102, -0.0723317266, 0.994663954) * CFrame.new(0, 0, 0) * CFrame.Angles(0, 0, 0)
    }
    return frame[frameN]
  end
}
AnimTab.G = {
  Animation = function(frameN)
    local frame = {}
    frame[1] = {
      CFrame.new(0, 0, 0, 1, 0, 0, 0, 1, 0, 0, 0, 1) * CFrame.new(0, 0, 0) * CFrame.Angles(0, 0, 0),
      CFrame.new(0, 1.49358296, -0.141741559, 1, 0, 0, 0, 0.964915693, 0.262559891, 0, -0.262559891, 0.964915693) * CFrame.new(0, 0, 0) * CFrame.Angles(0, 0, 0),
      CFrame.new(0.219505548, 0.501717031, -0.481117725, 0.166610435, 0.986009181, 0.00528366491, 0.0381280221, -0.00108792447, -0.999272287, -0.985285878, 0.166690677, -0.0377757996) * CFrame.new(0, 0, 0) * CFrame.Angles(0, 0, 0),
      CFrame.new(-0.42032972, 1.11195159, -0.704971194, 0.193832442, -0.548267126, 0.813530862, 0.297462404, -0.757372737, -0.581293702, 0.934850276, 0.354668438, 0.0162856858) * CFrame.new(0, 0, 0) * CFrame.Angles(0, 0, 0),
      CFrame.new(0.5, -2, 0, 1, 0, 0, 0, 1, 0, 0, 0, 1) * CFrame.new(0, 0, 0) * CFrame.Angles(0, 0, 0),
      CFrame.new(-0.551999986, -2.00000024, 3.48687172E-6, 0.934396863, 0.119859606, 0.33546418, -0.112809695, 0.992790878, -0.0405005775, -0.337900132, 0, 0.941181958) * CFrame.new(0, 0, 0) * CFrame.Angles(0, 0, 0)
    }
    return frame[frameN]
  end
}
AnimTab.dasq = {
  Animation = function(frameN)
    local frame = {}
    frame[1] = {
      CFrame.new(2.84053385E-7, -0.699999809, -2.38418579E-7, 0.965778768, -0.258819073, -0.0168577731, 0.232835919, 0.836516201, 0.496012032, -0.114275634, -0.482962906, 0.868152142) * CFrame.new(0, 0, 0) * CFrame.Angles(0, 0, 0),
      CFrame.new(-5.63820706E-8, 1.49240422, 0.0868239999, 1, -4.84287739E-8, -8.94069672E-8, -4.47034836E-8, 0.98480767, -0.173648149, -2.98023224E-8, 0.173648193, 0.984807789) * CFrame.new(0, 0, 0) * CFrame.Angles(0, 0, 0),
      CFrame.new(1.74633741, 0.23793821, 0.0817345008, 0.855079293, -0.517596483, -0.0305508971, 0.513783395, 0.837906241, 0.18422699, -0.0697565079, -0.173225164, 0.982408822) * CFrame.new(0, 0, 0) * CFrame.Angles(0, 0, 0),
      CFrame.new(-1.49061811, 0.166142434, -1.07410741, -0.0469467044, 0.428182781, -0.9024719, -0.761570275, 0.569285035, 0.309717506, 0.64637953, 0.701836109, 0.299365371) * CFrame.new(0, 0, 0) * CFrame.Angles(0, 0, 0),
      CFrame.new(0.463051915, -0.780309081, -0.937637031, 0.941776395, 0.166060507, -0.29237175, -0.294348687, 0.827483535, -0.478152335, 0.162530512, 0.536371887, 0.828184247) * CFrame.new(0, 0, 0) * CFrame.Angles(0, 0, 0),
      CFrame.new(-0.799590945, -1.51444077, -0.389154136, 0.970662296, 0.0849219561, 0.224951029, -0.22485368, 0.652014375, 0.724098086, -0.0851795673, -0.75343585, 0.651980817) * CFrame.new(0, 0, 0) * CFrame.Angles(0, 0, 0)
    }
    frame[2] = {
      CFrame.new(0, 0, 0, -4.37113883E-8, 0, 1, 0, 1, 0, -1, 0, -4.37113883E-8) * CFrame.new(0, 0, 0) * CFrame.Angles(0, 0, 0),
      CFrame.new(0, 1.49999046, 0, -4.37113883E-8, 0, -1, 0, 1, 0, 1, 0, -4.37113883E-8) * CFrame.new(0, 0, 0) * CFrame.Angles(0, 0, 0),
      CFrame.new(1.65413404, 0.261037737, 0, 0.836516321, -0.5, 0.224143684, 0.482962936, 0.866025388, 0.129409418, -0.258818835, 0, 0.965925872) * CFrame.new(0, 0, 0) * CFrame.Angles(0, 0, 0),
      CFrame.new(-1.66499972, 0.0989998877, -1.1920929E-7, 0.836516201, 0.258819014, 0.482962906, -0.224143848, 0.965925753, -0.129409522, -0.49999997, 0, 0.866025388) * CFrame.new(0, 0, 0) * CFrame.Angles(0, 0, 0),
      CFrame.new(0.732866287, -2.05768633, -5.96046448E-7, 0.836515546, -0.224143639, -0.500000179, 0.258818805, 0.965925038, 8.5791425E-16, 0.482962698, -0.129409447, 0.866025329) * CFrame.new(0, 0, 0) * CFrame.Angles(0, 0, 0),
      CFrame.new(-0.5, -1.99999475, 0, 1, 0, 0, 0, 1, 0, 0, 0, 1) * CFrame.new(0, 0, 0) * CFrame.Angles(0, 0, 0)
    }
    return frame[frameN]
  end
}
AnimTab.CHR = {
  Animation = function(frameN)
    local frame = {}
    frame[1] = {
      CFrame.new(0, 0, 0, 0.990186155, 0.059062928, 0.126660869, 1.11283916E-4, 0.905974269, -0.423332721, -0.139754772, 0.419192284, 0.897076547) * CFrame.new(0, 0, 0) * CFrame.Angles(0, 0, 0),
      CFrame.new(-0.028068278, 1.43301153, 0.24841857, 0.993677378, -0.0561369434, -0.0972320363, 0, 0.866025448, -0.49999997, 0.112273887, 0.496838599, 0.860549808) * CFrame.new(0, 0, 0) * CFrame.Angles(0, 0, 0),
      CFrame.new(1.81746447, 0.481527984, 0.248372227, 0.505791187, -0.834928513, -0.21695587, 0.68616122, 0.236951023, 0.687776804, -0.522836506, -0.496738136, 0.692743182) * CFrame.new(0, 0, 0) * CFrame.Angles(0, 0, 0),
      CFrame.new(-1.76862347, 0.37402004, 0.332510233, 0.791354239, 0.594543755, 0.142394811, -0.475372136, 0.451950729, 0.754825711, 0.384421408, -0.665024936, 0.640282571) * CFrame.new(0, 0, 0) * CFrame.Angles(0, 0, 0),
      CFrame.new(0.751607597, -2.00483513, 0.422620773, 0.965925872, -0.234569743, -0.109381646, 0.258819044, 0.875426054, 0.408217907, 1.11758709E-8, -0.42261821, 0.906307697) * CFrame.new(0, 0, 0) * CFrame.Angles(0, 0, 0),
      CFrame.new(-0.751606643, -2.00483537, 0.422620833, 0.965925932, 0.234569713, 0.109381668, -0.258819014, 0.875425994, 0.408217877, 7.4505806E-9, -0.42261824, 0.906307697) * CFrame.new(0, 0, 0) * CFrame.Angles(0, 0, 0)
    }
    return frame[frameN]
  end
}
AnimTab.saq = {
  Animation = function(frameN)
    local frame = {}
    frame[1] = {
      CFrame.new(0, 0.200962663, 0.74999404, 1, 0, 0, 0, 0.866025388, 0.5, 0, -0.5, 0.866025388) * CFrame.new(0, 0, 0) * CFrame.Angles(0, 0, 0),
      CFrame.new(0, 1.49999237, 9.53674316E-7, 1, 0, 0, 0, 1, 0, 0, 0, 1) * CFrame.new(0, 0, 0) * CFrame.Angles(0, 0, 0),
      CFrame.new(0.577217817, 0.417496234, -0.641931355, 0.642787457, 0.766044676, -3.70257055E-7, 6.2584877E-7, -9.23871994E-7, -1, -0.766044378, 0.642787337, -9.83476639E-7) * CFrame.new(0, 0, 0) * CFrame.Angles(0, 0, 0),
      CFrame.new(-0.798620641, 0.451876819, -0.694261372, 0.817019045, -0.564861417, -0.11580833, -0.161202297, -0.0309239328, -0.986436784, 0.553618908, 0.824606061, -0.116322398) * CFrame.new(0, 0, 0) * CFrame.Angles(0, 0, 0),
      CFrame.new(0.626399577, -1.96083295, -0.0457098112, 0.902859032, -0.285984069, 0.321027517, 0.279716402, 0.957773447, 0.0665474534, -0.326503187, 0.0297138691, 0.944728911) * CFrame.new(0, 0, 0) * CFrame.Angles(0, 0, 0),
      CFrame.new(-0.5, -1.43199921, -0.358000755, 1, 0, 0, 0, 1, 0, 0, 0, 1) * CFrame.new(0, 0, 0) * CFrame.Angles(0, 0, 0)
    }
    frame[2] = {
      CFrame.new(0, 0.200956061, 0.749997854, 1, 0, 0, 0, 0.866025388, 0.5, 0, -0.5, 0.866025388) * CFrame.new(0, 0, 0) * CFrame.Angles(0, 0, 0),
      CFrame.new(0, 1.49999237, 9.53674316E-7, 1, 0, 0, 0, 1, 0, 0, 0, 1) * CFrame.new(0, 0, 0) * CFrame.Angles(0, 0, 0),
      CFrame.new(1.70294321, 0.417509586, 0.37730211, -0.422619134, -0.906309009, -2.26396935E-7, -2.08616257E-7, 6.10947609E-7, -0.999998927, 0.906301618, -0.422614515, -1.57952309E-6) * CFrame.new(0, 0, 0) * CFrame.Angles(0, 0, 0),
      CFrame.new(-1.51065469, 0.528415501, 0.405756176, -0.574557006, 0.810229838, -0.11581023, 0.1620581, -0.0260763913, -0.986436605, -0.802260399, -0.58553195, -0.116321892) * CFrame.new(0, 0, 0) * CFrame.Angles(0, 0, 0),
      CFrame.new(0.626401186, -1.96083426, -0.0457116216, 0.982544065, -0.0945989192, -0.160181731, 0.100397617, 0.99453944, 0.0284844935, 0.156612441, -0.0440691113, 0.986676455) * CFrame.new(0, 0, 0) * CFrame.Angles(0, 0, 0),
      CFrame.new(-0.5, -0.877990723, -0.357999802, 1, 0, 0, 0, 1, 0, 0, 0, 1) * CFrame.new(0, 0, 0) * CFrame.Angles(0, 0, 0)
    }
    return frame[frameN]
  end
}
AnimTab.ase = {
  Animation = function(frameN)
    local frame = {}
    frame[1] = {
      CFrame.new(-2.23517418E-8, -1.82820106, -0.00145608187, 0.997707903, 0.0237751603, 0.0633571893, 0.0248918459, 0.741674244, -0.670298219, -0.0629268438, 0.670338869, 0.739382386) * CFrame.new(0, 0, 0) * CFrame.Angles(0, 0, 0),
      CFrame.new(0.00190495467, 1.44101477, -0.235590816, 0.999877095, 0.00380996987, -0.0152160823, 0.00380949304, 0.882028341, 0.471181363, 0.0152162015, -0.471181214, 0.881905198) * CFrame.new(0, 0, 0) * CFrame.Angles(0, 0, 0),
      CFrame.new(1.4506427, 0.488499999, -0.388608813, 0.975308239, 0.0979900807, 0.197919279, 0.0953416899, 0.621548176, -0.77755028, -0.199208528, 0.777221024, 0.596858263) * CFrame.new(0, 0, 0) * CFrame.Angles(0, 0, 0),
      CFrame.new(-1.47564435, 0.528010368, -0.41934675, 0.920998454, -0.0472590551, -0.386688024, -0.301378131, 0.542528629, -0.784109652, 0.246844515, 0.838703334, 0.485425115) * CFrame.new(0, 0, 0) * CFrame.Angles(0, 0, 0),
      CFrame.new(0.681427836, -1.9628706, -0.470523417, 0.980832398, -0.171843767, 0.0918577611, 0.194853991, 0.865443587, -0.461561918, -1.81145966E-4, 0.470613599, 0.882339478) * CFrame.new(0, 0, 0) * CFrame.Angles(0, 0, 0),
      CFrame.new(-0.681427598, -1.96287096, -0.470523, 0.980832338, 0.171843767, -0.0918577462, -0.194854006, 0.865443707, -0.461561859, 1.81168318E-4, 0.470613599, 0.882339478) * CFrame.new(0, 0, 0) * CFrame.Angles(0, 0, 0)
    }
    frame[2] = {
      CFrame.new(0.213476866, -1.81569254, -0.00144666433, 0.973932624, -0.219866797, -0.0558019243, 0.139558285, 0.386850864, 0.911520302, -0.178826123, -0.895546973, 0.407451123) * CFrame.new(0, 0, 0) * CFrame.Angles(0, 0, 0),
      CFrame.new(3.82093276E-5, 1.43883121, -0.23963058, 0.999998391, 7.66217709E-5, -3.00215557E-4, 7.66217709E-5, 0.877669632, 0.47926411, 3.00191343E-4, -0.479262978, 0.877669573) * CFrame.new(0, 0, 0) * CFrame.Angles(0, 0, 0),
      CFrame.new(0.547594607, 0.408278257, -0.653696835, 0.0476174951, 0.92457056, 0.378023744, 0.792720258, 0.195276007, -0.577460527, -0.607722461, 0.327164292, -0.72362709) * CFrame.new(0, 0, 0) * CFrame.Angles(0, 0, 0),
      CFrame.new(-0.548932076, 0.531381965, -0.68217057, 0.0388260335, -0.921879351, -0.385526925, -0.99847579, -0.0509311855, 0.0212322474, -0.0392085612, 0.3841151, -0.922451854) * CFrame.new(0, 0, 0) * CFrame.Angles(0, 0, 0),
      CFrame.new(0.685684741, -0.988209903, -0.322300494, 0.980079889, -0.175724655, -0.092543371, 0.198601782, 0.869136989, 0.45294252, 8.3963573E-4, -0.462299526, 0.886723042) * CFrame.new(0, 0, 0) * CFrame.Angles(0, 0, 0),
      CFrame.new(-0.685684741, -0.98821044, -0.322301298, 0.980080009, 0.175724626, 0.0925433487, -0.198601797, 0.869137049, 0.45294252, -8.39642133E-4, -0.462299556, 0.886723101) * CFrame.new(0, 0, 0) * CFrame.Angles(0, 0, 0)
    }
    return frame[frameN]
  end
}
AnimTab.sdq = {
  Animation = function(frameN)
    local frame = {}
    frame[1] = {
      CFrame.new(0, -0.167999268, 0, 1, 0, 0, 0, 1, 0, 0, 0, 1) * CFrame.new(0, 0, 0) * CFrame.Angles(0, 0, 0),
      CFrame.new(0, 1.49999952, 1.07288361E-6, 1, 0, 0, 0, 0.98480773, 0.173648179, 0, -0.173648179, 0.98480773) * CFrame.new(0, 0, 0) * CFrame.Angles(0, 0, 0),
      CFrame.new(1.68246758, 1.01253581, 0.237994447, -0.233189166, -0.78684181, 0.571392238, -0.26326111, -0.514562905, -0.816032767, 0.936111569, -0.340715885, -0.0871558487) * CFrame.new(0, 0, 0) * CFrame.Angles(0, 0, 0),
      CFrame.new(-1.71100402, 0.0786939263, 0.300631493, 0.241844863, 0.777156115, -0.580981493, 0.241844609, 0.531580687, 0.811747015, 0.939692676, -0.336824089, -0.0593909509) * CFrame.new(0, 0, 0) * CFrame.Angles(0, 0, 0),
      CFrame.new(0.5, -1.79799759, -0.280001819, 1, 0, 0, 0, 0.99619472, -0.087155737, 0, 0.087155737, 0.99619472) * CFrame.new(0, 0, 0) * CFrame.Angles(0, 0, 0),
      CFrame.new(-0.5, -1.90100014, 0.281998336, 1, 0, 0, 0, 0.939692557, 0.342020363, 0, -0.342020363, 0.939692557) * CFrame.new(0, 0, 0) * CFrame.Angles(0, 0, 0)
    }
    frame[2] = {
      CFrame.new(0, -0.0359992981, 0, 1, 0, 0, 0, 1, 0, 0, 0, 1) * CFrame.new(0, 0, 0) * CFrame.Angles(0, 0, 0),
      CFrame.new(0, 1.48653853, -0.0502282381, 1, 0, 0, 0, 0.965925395, 0.258818567, 0, -0.258818567, 0.965925395) * CFrame.new(0, 0, 0) * CFrame.Angles(0, 0, 0),
      CFrame.new(0.827452183, 0.44575721, -0.971674562, 0.651160181, 0.667933702, 0.360352814, 0.205057889, 0.302312434, -0.930888712, -0.730713189, 0.680052936, 0.059888728) * CFrame.new(0, 0, 0) * CFrame.Angles(0, 0, 0),
      CFrame.new(-0.807080984, 0.17630896, -0.663954139, -0.440006703, -0.54996717, 0.70988059, 0.811689138, 0.0945764631, 0.576382101, -0.384129256, 0.829814434, 0.404787868) * CFrame.new(0, 0, 0) * CFrame.Angles(0, 0, 0),
      CFrame.new(0.500000775, -1.79800141, -0.280001551, 0.965925872, 0, -0.258818835, -0.0225575455, 0.99619472, -0.0841859803, 0.257833958, 0.087155737, 0.962250233) * CFrame.new(0, 0, 0) * CFrame.Angles(0, 0, 0),
      CFrame.new(-0.5, -1.90099692, 0.282000154, 1, 0, 0, 0, 0.98480767, 0.173648402, 0, -0.173648402, 0.98480767) * CFrame.new(0, 0, 0) * CFrame.Angles(0, 0, 0)
    }
    return frame[frameN]
  end
}
AnimTab.dwc = {
  Animation = function(frameN)
    local frame = {}
    frame[1] = {
      CFrame.new(0, 0, 0, 0.99999994, 0, 0, 0, 0.99999994, 0, 0, 0, 1) * CFrame.new(0, 0, 0) * CFrame.Angles(0, math.rad(90), math.rad(45)),
      CFrame.new(0.0831573755, 1.43944466, -0.144044161, 0.866025448, 0.171009928, -0.469845951, 0, 0.939691901, 0.342019945, 0.5, -0.296197861, 0.813797176) * CFrame.new(0, 0, 0) * CFrame.Angles(0, 0, 0),
      CFrame.new(1.60776246, 0.231106699, 5.71192094E-15, 0.422617793, -0.906306744, 1.77635684E-15, 0.906306744, 0.422617793, -1.77635684E-15, -4.4408921E-15, -7.10542736E-15, 1) * CFrame.new(0, 0, 0) * CFrame.Angles(0, 0, 0),
      CFrame.new(-1.66263223, 0.162636966, 0.167997956, 0.154317468, 0.852164567, 0.499999851, -0.751989424, 0.429546773, -0.499999821, -0.640855908, -0.298835963, 0.707106769) * CFrame.new(0, 0, 0) * CFrame.Angles(0, 0, 0),
      CFrame.new(1.07587516, -1.76937532, -4.09147631E-8, 0.707106709, -0.707106829, -1.28027686E-8, 0.707106829, 0.707106709, -3.09086197E-8, 3.09086197E-8, 1.28027651E-8, 1) * CFrame.new(0, 0, 0) * CFrame.Angles(0, 0, 0),
      CFrame.new(-1.21621656, -1.85890579, -7.30271523E-8, 0.707106769, 0.707106769, -1.28027686E-8, -0.707106769, 0.707106769, -3.09086197E-8, -1.28027686E-8, 3.09086197E-8, 1) * CFrame.new(0, 0, 0) * CFrame.Angles(0, 0, 0)
    }
    frame[2] = {
      CFrame.new(0, 0, 0, 0.99999994, 0, 0, 0, 0.99999994, 0, 0, 0, 1) * CFrame.new(0, 0, 0) * CFrame.Angles(0, math.rad(90), math.rad(45)),
      CFrame.new(0.0831635594, 1.43945134, -0.144043416, 0.866025448, 0.171009928, -0.469845951, 0, 0.939691901, 0.342019945, 0.5, -0.296197861, 0.813797176) * CFrame.new(0, 0, 0) * CFrame.Angles(0, 0, 0),
      CFrame.new(1.60776246, 0.231106699, 5.71192094E-15, 0.422617793, -0.906306744, 1.77635684E-15, 0.906306744, 0.422617793, -1.77635684E-15, -4.4408921E-15, -7.10542736E-15, 1) * CFrame.new(0, 0, 0) * CFrame.Angles(0, 0, 0),
      CFrame.new(-1.66263223, 0.162636966, 0.167997956, 0.154317468, 0.852164567, 0.499999851, -0.751989424, 0.429546773, -0.499999821, -0.640855908, -0.298835963, 0.707106769) * CFrame.new(0, 0, 0) * CFrame.Angles(0, 0, 0),
      CFrame.new(1.41104198, -1.56714427, -3.03730232E-8, 0.258818984, -0.965925813, -1.28027686E-8, 0.965925813, 0.258818984, -3.09086197E-8, 3.31690337E-8, -4.36678782E-9, 1) * CFrame.new(0, 0, 0) * CFrame.Angles(0, 0, 0),
      CFrame.new(-1.21621799, -1.85890675, -7.30272021E-8, 0.707106769, 0.707106769, -1.28027686E-8, -0.707106769, 0.707106769, -3.09086197E-8, -1.28027686E-8, 3.09086197E-8, 1) * CFrame.new(0, 0, 0) * CFrame.Angles(0, 0, 0)
    }
    frame[3] = {
      CFrame.new(0, 0, 0, 0.99999994, 0, 0, 0, 0.99999994, 0, 0, 0, 1) * CFrame.new(0, 0, 0) * CFrame.Angles(0, math.rad(90), math.rad(45)),
      CFrame.new(0.0831561387, 1.4394424, -0.144043952, 0.866025448, 0.171009928, -0.469845951, 0, 0.939691901, 0.342019945, 0.5, -0.296197861, 0.813797176) * CFrame.new(0, 0, 0) * CFrame.Angles(0, 0, 0),
      CFrame.new(1.60776246, 0.231106699, 5.71192094E-15, 0.422617793, -0.906306744, 1.77635684E-15, 0.906306744, 0.422617793, -1.77635684E-15, -4.4408921E-15, -7.10542736E-15, 1) * CFrame.new(0, 0, 0) * CFrame.Angles(0, 0, 0),
      CFrame.new(-1.66263223, 0.162636966, 0.167997956, 0.154317468, 0.852164567, 0.499999851, -0.751989424, 0.429546773, -0.499999821, -0.640855908, -0.298835963, 0.707106769) * CFrame.new(0, 0, 0) * CFrame.Angles(0, 0, 0),
      CFrame.new(0.870077491, -2.14287949, -5.50853834E-8, 0.939691901, -0.342020005, -1.28017845E-8, 0.342020005, 0.939691901, -3.09122683E-8, 2.26017001E-8, 2.46620164E-8, 1) * CFrame.new(0, 0, 0) * CFrame.Angles(0, 0, 0),
      CFrame.new(-1.21621215, -1.85890138, -7.30269605E-8, 0.707106769, 0.707106769, -1.28027686E-8, -0.707106769, 0.707106769, -3.09086197E-8, -1.28027686E-8, 3.09086197E-8, 1) * CFrame.new(0, 0, 0) * CFrame.Angles(0, 0, 0)
    }
    frame[4] = {
      CFrame.new(0, 0, 0, 1, 0, 0, 0, 1, 0, 0, 0, 1) * CFrame.new(0, 0, 0) * CFrame.Angles(0, 0, 0),
      CFrame.new(0, 1.4999876, 0, 1, 0, 0, 0, 1, 0, 0, 0, 1) * CFrame.new(0, 0, 0) * CFrame.Angles(0, 0, 0),
      CFrame.new(1.67096937, 0.154393598, 0.247606978, 0.965925753, -0.258818954, 0, 0.183012664, 0.683012426, 0.70710659, -0.183012664, -0.683012426, 0.70710659) * CFrame.new(0, 0, 0) * CFrame.Angles(0, 0, 0),
      CFrame.new(-1.31261063, 0.143617094, -0.647175848, 0.875428081, -0.258817285, 0.408214897, 0.480728805, 0.554033697, -0.679666519, -0.0502553545, 0.791239798, 0.609437525) * CFrame.new(0, 0, 0) * CFrame.Angles(0, 0, 0),
      CFrame.new(0.5, -0.406736523, -1.19429684, 1, 0, 0, 0, -0.707106888, -0.707106709, 0, 0.707106709, -0.707106888) * CFrame.new(0, 0, 0) * CFrame.Angles(0, 0, 0),
      CFrame.new(-0.52039367, -1.98648894, 0, 0.996194065, 0.0871556997, 0, -0.0871556997, 0.996194065, 0, 0, 0, 1) * CFrame.new(0, 0, 0) * CFrame.Angles(0, 0, 0)
    }
    frame[5] = {
      CFrame.new(0, -0.994724452, 0.86035639, 1, 0, 0, 0, 0.819151044, 0.573575616, 0, -0.573575616, 0.819151044) * CFrame.new(0, 0, 0) * CFrame.Angles(0, 0, 0),
      CFrame.new(0, 1.49998116, 7.15255737E-7, 1, 0, 0, 0, 0.984804749, -0.173647881, 0, 0.173647881, 0.984804749) * CFrame.new(0, 0, 0) * CFrame.Angles(0, 0, 0),
      CFrame.new(1.49999857, -0.134217262, 0.191675574, 0.821393669, -0.22114931, 0.525740206, -0.126495898, 0.828176022, 0.545997143, -0.556156695, -0.514982641, 0.652284086) * CFrame.new(0, 0, 0) * CFrame.Angles(0, 0, 0),
      CFrame.new(-1.49999797, 2.68220901E-6, 1.84774399E-6, 0.866025388, 0.499998689, 0, -0.409574956, 0.70940274, -0.573573411, -0.28678745, 0.496729165, 0.819147766) * CFrame.new(0, 0, 0) * CFrame.Angles(0, 0, 0),
      CFrame.new(0.5, -0.311433762, -1.39627409, 1, 0, 0, 0, -2.98023224E-8, -0.999996901, 0, 0.999996901, -2.98023224E-8) * CFrame.new(0, 0, 0) * CFrame.Angles(0, 0, 0),
      CFrame.new(-0.47699976, -1.38141203, 0.0792136788, 1, 0, 0, 0, 0.707105875, 0.707105875, 0, -0.707105875, 0.707105875) * CFrame.new(0, 0, 0) * CFrame.Angles(0, 0, 0)
    }
    return frame[frameN]
  end
}
AnimTab.sax = {
  Animation = function(frameN)
    local frame = {}
    frame[1] = {
      CFrame.new(2.84053385E-7, -0.699999809, -2.38418579E-7, 0.965778768, -0.258819073, -0.0168577731, 0.232835919, 0.836516201, 0.496012032, -0.114275634, -0.482962906, 0.868152142) * CFrame.new(0, 0, 0) * CFrame.Angles(0, 0, 0),
      CFrame.new(-5.63820706E-8, 1.49240422, 0.0868239999, 1, -4.84287739E-8, -8.94069672E-8, -4.47034836E-8, 0.98480767, -0.173648149, -2.98023224E-8, 0.173648193, 0.984807789) * CFrame.new(0, 0, 0) * CFrame.Angles(0, 0, 0),
      CFrame.new(1.74633741, 0.23793821, 0.0817345008, 0.855079293, -0.517596483, -0.0305508971, 0.513783395, 0.837906241, 0.18422699, -0.0697565079, -0.173225164, 0.982408822) * CFrame.new(0, 0, 0) * CFrame.Angles(0, 0, 0),
      CFrame.new(-1.49061811, 0.166142434, -1.07410741, -0.0469467044, 0.428182781, -0.9024719, -0.761570275, 0.569285035, 0.309717506, 0.64637953, 0.701836109, 0.299365371) * CFrame.new(0, 0, 0) * CFrame.Angles(0, 0, 0),
      CFrame.new(0.463051915, -0.780309081, -0.937637031, 0.941776395, 0.166060507, -0.29237175, -0.294348687, 0.827483535, -0.478152335, 0.162530512, 0.536371887, 0.828184247) * CFrame.new(0, 0, 0) * CFrame.Angles(0, 0, 0),
      CFrame.new(-0.799590945, -1.51444077, -0.389154136, 0.970662296, 0.0849219561, 0.224951029, -0.22485368, 0.652014375, 0.724098086, -0.0851795673, -0.75343585, 0.651980817) * CFrame.new(0, 0, 0) * CFrame.Angles(0, 0, 0)
    }
    frame[2] = {
      CFrame.new(0, 0, 0, -0.341551423, 0.0523359701, -0.938404858, 0.180803925, 0.983458042, -0.0109586082, 0.922308326, -0.173410207, -0.345364064) * CFrame.new(0, 0, 0) * CFrame.Angles(0, 0, 0),
      CFrame.new(8.94069672E-8, 1.44550252, -0.226995111, 0.788010776, -2.98023224E-8, -0.615661502, 0.279504448, 0.89100641, 0.357749373, 0.548558474, -0.453990579, 0.702122808) * CFrame.new(0, 0, 0) * CFrame.Angles(0, 0, 0),
      CFrame.new(1.82171988, 0.356819063, 0.398114264, 0.572790384, -0.670649409, -0.471318007, 0.818029344, 0.504390955, 0.276437402, 0.0523359776, -0.543892622, 0.837521195) * CFrame.new(0, 0, 0) * CFrame.Angles(0, 0, 0),
      CFrame.new(-1.78670859, 0.459676325, 0.197222143, 0.247741297, 0.925675809, 0.285917163, -0.863976181, 0.344623268, -0.367123544, -0.438371211, -0.156073928, 0.885139406) * CFrame.new(0, 0, 0) * CFrame.Angles(0, 0, 0),
      CFrame.new(0.550602913, -1.5778321, -1.04507565, 0.898794055, 0, 0.438371211, 0.40645057, 0.37460658, -0.833347261, -0.164216757, 0.927183986, 0.336694241) * CFrame.new(0, 0, 0) * CFrame.Angles(0, 0, 0),
      CFrame.new(-0.650132418, -1.94464767, 0.228545725, 0.932688296, 0.166476548, 0.31996575, -0.339470744, 0.704912782, 0.622782052, -0.121869326, -0.689480543, 0.713977993) * CFrame.new(0, 0, 0) * CFrame.Angles(0, 0, 0)
    }
    frame[3] = {
      CFrame.new(0, 0, 0, -0.983458042, 0.0523359589, 0.173410237, 0.0605582669, 0.997260928, 0.0424652658, -0.170712799, 0.0522642322, -0.983933687) * CFrame.new(0, 0, 0) * CFrame.Angles(0, 0, 0),
