--[[NIGHTOWLACE_WEAPONRY]]--
wait(0.016666666666667)
Effects = {}
local Player = game.Players.localPlayer
local Character = Player.Character
local Humanoid = Character.Humanoid
local mouse = Player:GetMouse()
local m = Instance.new("Model", Character)
m.Name = "WeaponModel"
local LeftArm = Character["Left Arm"]
local RightArm = Character["Right Arm"]
local LeftLeg = Character["Left Leg"]
local RightLeg = Character["Right Leg"]
local Head = Character.Head
local Torso = Character.Torso
local cam = game.Workspace.CurrentCamera
local RootPart = Character.HumanoidRootPart
local RootJoint = RootPart.RootJoint
local equipped = false
local attack = false
local Anim = "Idle"
local idle = 0
local attacktype = 1
local Torsovelocity = RootPart.Velocity * Vector3.new(1, 0, 1).magnitude
local velocity = RootPart.Velocity.y
local sine = 0
local change = 1
local grabbed = false
local cn = CFrame.new
local mr = math.rad
local angles = CFrame.Angles
local ud = UDim2.new
local c3 = Color3.new
local NeckCF = cn(0, 1, 0, -1, 0, 0, 0, 0, 1, 0, 1, 0)
Humanoid.Animator:Destroy()
Character.Animate:Destroy()
local RootCF = CFrame.fromEulerAnglesXYZ(-1.57, 0, 3.14)
local RHCF = CFrame.fromEulerAnglesXYZ(0, 1.6, 0)
local LHCF = (CFrame.fromEulerAnglesXYZ(0, -1.6, 0))
RSH = nil
RW = Instance.new("Weld")
LW = Instance.new("Weld")
RH = Torso["Right Hip"]
LH = Torso["Left Hip"]
RSH = Torso["Right Shoulder"]
LSH = Torso["Left Shoulder"]
RSH.Parent = nil
LSH.Parent = nil
RW.Name = "RW"
RW.Part0 = Torso
RW.C0 = cn(1.5, 0.5, 0)
RW.C1 = cn(0, 0.5, 0)
RW.Part1 = RightArm
RW.Parent = Torso
LW.Name = "LW"
LW.Part0 = Torso
LW.C0 = cn(-1.5, 0.5, 0)
LW.C1 = cn(0, 0.5, 0)
LW.Part1 = LeftArm
LW.Parent = Torso
clerp = function(a, b, t)
  
  return a:lerp(b, t)
end

ArtificialHB = Instance.new("BindableEvent", script)
ArtificialHB.Name = "Heartbeat"
script:WaitForChild("Heartbeat")
frame = 0.033333333333333
tf = 0
allowframeloss = false
tossremainder = false
lastframe = tick()
script.Heartbeat:Fire()
game:GetService("RunService").Heartbeat:connect(function(s, p)
  
  tf = tf + s
  if frame <= tf then
    if allowframeloss then
      script.Heartbeat:Fire()
      lastframe = tick()
    else
      for i = 1, math.floor(tf / frame) do
        script.Heartbeat:Fire()
      end
      lastframe = tick()
    end
    if tossremainder then
      tf = 0
    else
      tf = tf - frame * math.floor(tf / frame)
    end
  end
end
)
swait = function(num)
  
  if num == 0 or num == nil then
    ArtificialHB.Event:wait()
  else
    for i = 0, num do
      ArtificialHB.Event:wait()
    end
  end
end

local RbxUtility = LoadLibrary("RbxUtility")
local Create = RbxUtility.Create
RemoveOutlines = function(part)
  
  part.TopSurface = 10
end
coroutine.resume(coroutine.create(function()
if script.ClassName == "LocalScript" then
	game.StarterGui:SetCore("ChatMakeSystemMessage", {
		Text = "Credits!";
		Color = Color3.new(0, 1, 1);
		Font = Enum.Font.SourceSans;
		FontSize = Enum.FontSize.Size24;
	})
	wait(2)
	game.StarterGui:SetCore("ChatMakeSystemMessage", {
		Text = "Decompiling - Blyat";
		Color = Color3.new(1, 0, 1);
		Font = Enum.Font.SourceSans;
		FontSize = Enum.FontSize.Size24;
	})
	wait(2)
	game.StarterGui:SetCore("ChatMakeSystemMessage", {
		Text = "Fixing - electroz";
		Color = Color3.new(1, 1, 0);
		Font = Enum.Font.SourceSans;
		FontSize = Enum.FontSize.Size24;
	})
	wait(2)
	game.StarterGui:SetCore("ChatMakeSystemMessage", {
		Text = "Please don't remove the credits, or atleast not the ones at the top";
		Color = Color3.new(1, 1, 1);
		Font = Enum.Font.SourceSans;
		FontSize = Enum.FontSize.Size24;
	})
end
end))


CreatePart = function(Parent, Material, Reflectance, Transparency, BColor, Name, Size)
  
  local Part = Create("Part")({Parent = Parent, Reflectance = Reflectance, Transparency = Transparency, CanCollide = false, Locked = true, BrickColor = BrickColor.new(tostring(BColor)), Name = Name, Size = Size, Material = Material})
  RemoveOutlines(Part)
  return Part
end

CreateMesh = function(Mesh, Part, MeshType, MeshId, OffSet, Scale)
  
  local Msh = Create(Mesh)({Parent = Part, Offset = OffSet, Scale = Scale})
  if Mesh == "SpecialMesh" then
    Msh.MeshType = MeshType
    Msh.MeshId = MeshId
  end
  return Msh
end

CreateWeld = function(Parent, Part0, Part1, C0, C1)
  
  local Weld = Create("Weld")({Parent = Parent, Part0 = Part0, Part1 = Part1, C0 = C0, C1 = C1})
  return Weld
end

CreateBillBoardGui = function(Img, Pos, Siz)
  
  local billpar = Create("Part")({Transparency = 1, Size = Vector3.new(1, 1, 1), Anchored = true, CanCollide = false, CFrame = CFrame.new(Pos), Name = "BillboardGuiPart"})
  local bill = Create("BillboardGui")({Parent = billpar, Adornee = billpar, Size = UDim2.new(1, 0, 1, 0), SizeOffset = Vector2.new(Siz, Siz)})
  local d = Create("ImageLabel")({Parent = bill, BackgroundTransparency = 1, Size = UDim2.new(1, 0, 1, 0), Image = Img})
  return billpar
end

rayCast = function(Position, Direction, Range, Ignore)
  
  return game:service("Workspace"):FindPartOnRay(Ray.new(Position, Direction.unit * (Range or 999.999)), Ignore)
end

CreateSound = function(id, par, vol, pit)
  
  coroutine.resume(coroutine.create(function()
    
    local S = Create("Sound")({Volume = vol, Pitch = pit or 1, SoundId = id, Parent = par or workspace})
    swait()
    S:play()
    game:GetService("Debris"):AddItem(S, 6)
  end
))
end

local GetNearest = function(obj, distance)
  
  local last, lastx = distance + 1, nil
  for i,v in pairs(workspace:GetChildren()) do
    if v:IsA("Model") and v ~= Character and v:findFirstChild("Humanoid") and v:findFirstChild("Torso") and v:findFirstChild("Humanoid").Health > 0 then
      local t = v.Torso
      local dist = t.Position - obj.Position.magnitude
      if dist <= distance and dist < last then
        last = dist
        lastx = v
      end
    end
  end
  return lastx
end

Damage = function(hit, damage, cooldown, Color1, Color2, HSound, HPitch)
  
  for i,v in pairs(hit:GetChildren()) do
    if v:IsA("Humanoid") and hit.Name ~= Character.Name then
      local find = v:FindFirstChild("DebounceHit")
      if not find then
        if v.Parent:findFirstChild("Head") then
          local BillG = Create("BillboardGui")({Parent = v.Parent.Head, Size = UDim2.new(1, 0, 1, 0), Adornee = v.Parent.Head, StudsOffset = Vector3.new(math.random(-3, 3), math.random(3, 5), math.random(-3, 3))})
          do
            local TL = Create("TextLabel")({Parent = BillG, Size = UDim2.new(3, 3, 3, 3), BackgroundTransparency = 1, Text = tostring(damage) .. "-", TextColor3 = Color1.Color, TextStrokeColor3 = Color2.Color, TextStrokeTransparency = 0, TextXAlignment = Enum.TextXAlignment.Center, TextYAlignment = Enum.TextYAlignment.Center, FontSize = Enum.FontSize.Size18, Font = "ArialBold"})
            coroutine.resume(coroutine.create(function()
    
    swait(1)
    for i = 0, 1, 0.1 do
      swait(0.1)
      BillG.StudsOffset = BillG.StudsOffset + Vector3.new(0, 0.1, 0)
    end
    BillG:Destroy()
  end
))
          end
        end
        do
          v.Health = v.Health - damage
          do
            local bool = Create("BoolValue")({Parent = v, Name = "DebounceHit"})
            if HSound ~= nil and HPitch ~= nil then
              CreateSound(HSound, hit, 1, HPitch)
            end
            game:GetService("Debris"):AddItem(bool, cooldown)
            -- DECOMPILER ERROR at PC140: LeaveBlock: unexpected jumping out DO_STMT

            -- DECOMPILER ERROR at PC140: LeaveBlock: unexpected jumping out IF_THEN_STMT

            -- DECOMPILER ERROR at PC140: LeaveBlock: unexpected jumping out IF_STMT

            -- DECOMPILER ERROR at PC140: LeaveBlock: unexpected jumping out IF_THEN_STMT

            -- DECOMPILER ERROR at PC140: LeaveBlock: unexpected jumping out IF_STMT

          end
        end
      end
    end
  end
end

MagnitudeDamage = function(Part, magni, mindam, maxdam, Color1, Color2, HSound, HPitch)
  
  for _,c in pairs(workspace:children()) do
    local hum = c:findFirstChild("Humanoid")
    if hum ~= nil then
      local head = c:findFirstChild("Torso")
      if head ~= nil then
        local targ = head.Position - Part.Position
        local mag = targ.magnitude
        if mag <= magni and c.Name ~= Player.Name then
          Damage(head.Parent, math.random(mindam, maxdam), 0, Color1, Color2, HSound, HPitch)
        end
      end
    end
  end
end

BowHandle = CreatePart(m, Enum.Material.SmoothPlastic, 0, 1, "Really black", "BowHandle", Vector3.new(0.225280017, 0.788480043, 0.220000014))
BowHandleWeld = CreateWeld(m, Character["Left Arm"], BowHandle, CFrame.new(0, 0, 0, 1, 0, 0, 0, 1, 0, 0, 0, 1), CFrame.new(-0.985027075, -0.0129547119, 0.179504395, -4.25198756e-08, -1, 4.70876694e-06, 2.4576444e-08, 4.70876694e-06, 1, -1, 4.25199929e-08, 2.45762433e-08))
CreateMesh("CylinderMesh", BowHandle, "", "", Vector3.new(0, 0, 0), Vector3.new(1, 1, 0.512000144))
BowFakeHandle = CreatePart(m, Enum.Material.SmoothPlastic, 0, 0, "Really black", "BowFakeHandle", Vector3.new(0.225280017, 0.788480043, 0.220000014))
BowFakeHandleWeld = CreateWeld(m, BowHandle, BowFakeHandle, CFrame.new(0, 0, 0, 1, 0, 0, 0, 1, 0, 0, 0, 1), CFrame.new(0, 0, 0, 1, 0, -1.51575529e-15, 0, 1, 0, -1.51575529e-15, 0, 1))
CreateMesh("CylinderMesh", BowFakeHandle, "", "", Vector3.new(0, 0, 0), Vector3.new(1, 1, 0.512000144))
FakeArrow = CreatePart(m, Enum.Material.SmoothPlastic, 0, 1, "Black", "FakeArrow", Vector3.new(0.220000014, 0.220000014, 3.82976031))
FakeArrowWeld = CreateWeld(m, BowFakeHandle, FakeArrow, CFrame.new(0, 0, 0, 1, 0, 0, 0, 1, 0, 0, 0, 1), CFrame.new(-0.000701904297, -3.05175781e-05, -1.28746033e-05, 0.000362217397, -0.999999881, -0.000362451508, -4.614364e-07, 0.000362451421, -1, 1, 0.000362217601, -3.30150129e-07))
CreateMesh("SpecialMesh", FakeArrow, Enum.MeshType.FileMesh, "http://www.roblox.com/asset/?id=15887356", Vector3.new(0, 0, 0), Vector3.new(0.563200057, 0.675840139, 1.68960023))
Part = CreatePart(m, Enum.Material.SmoothPlastic, 0, 0, "Cool yellow", "Part", Vector3.new(0.220000014, 0.220000014, 0.225280017))
PartWeld = CreateWeld(m, BowFakeHandle, Part, CFrame.new(0, 0, 0, 1, 0, 0, 0, 1, 0, 0, 0, 1), CFrame.new(0.423294067, -0.000366210938, -0.701477051, 0.70710665, 0.707106948, -3.29177752e-08, 7.15684365e-08, -2.50156571e-08, 1, 0.707106948, -0.70710665, -6.82952788e-08))
CreateMesh("CylinderMesh", Part, "", "", Vector3.new(0, 0, 0), Vector3.new(0.512000144, 0.563200057, 1))
Part = CreatePart(m, Enum.Material.SmoothPlastic, 0, 0, "Cool yellow", "Part", Vector3.new(0.220000014, 1.68960023, 0.220000014))
PartWeld = CreateWeld(m, BowFakeHandle, Part, CFrame.new(0, 0, 0, 1, 0, 0, 0, 1, 0, 0, 0, 1), CFrame.new(0, 1.78413391, 2.0454483, 6.94149378e-08, -2.71691221e-08, 1, 0.707106888, 0.707106709, -2.9872318e-08, -0.707106709, 0.707106888, 6.82952432e-08))
CreateMesh("BlockMesh", Part, "", "", Vector3.new(0, 0, 0), Vector3.new(0.563200057, 1, 0.512000144))
Part = CreatePart(m, Enum.Material.SmoothPlastic, 0, 0, "Cool yellow", "Part", Vector3.new(0.220000014, 0.788480043, 0.220000014))
PartWeld = CreateWeld(m, BowFakeHandle, Part, CFrame.new(0, 0, 0, 1, 0, 0, 0, 1, 0, 0, 0, 1), CFrame.new(0, -1.09571838, 0.423282623, 6.94149378e-08, -2.71691221e-08, 1, 0.707106292, -0.707107365, -6.8295229e-08, 0.707107365, 0.707106292, -2.98723606e-08))
CreateMesh("BlockMesh", Part, "", "", Vector3.new(0, 0, 0), Vector3.new(0.563200057, 1, 0.512000144))
Part = CreatePart(m, Enum.Material.SmoothPlastic, 0, 0, "Black", "Part", Vector3.new(0.450560033, 0.220000014, 0.563200057))
PartWeld = CreateWeld(m, BowFakeHandle, Part, CFrame.new(0, 0, 0, 1, 0, 0, 0, 1, 0, 0, 0, 1), CFrame.new(-1.16461945, 0, -2.0454483, -0.707106888, -0.707106709, 6.27209218e-08, -7.15714066e-08, -1.71293646e-08, -1, 0.707106709, -0.707106888, -3.84963315e-08))
CreateMesh("BlockMesh", Part, "", "", Vector3.new(0, 0, 0), Vector3.new(1, 0.512000144, 1))
Part = CreatePart(m, Enum.Material.SmoothPlastic, 0, 0, "Cool yellow", "Part", Vector3.new(0.33792007, 0.220000014, 0.450560033))
PartWeld = CreateWeld(m, BowFakeHandle, Part, CFrame.new(0, 0, 0, 1, 0, 0, 0, 1, 0, 0, 0, 1), CFrame.new(-2.12782288, 0, 0.742296457, -6.40749931e-07, -1, -2.27882158e-08, 6.94149449e-08, -2.27882619e-08, 1, -1, 6.40749931e-07, 6.94149662e-08))
CreateMesh("CylinderMesh", Part, "", "", Vector3.new(0, 0, 0), Vector3.new(1, 0.563200057, 1))
Wedge = CreatePart(m, Enum.Material.SmoothPlastic, 0, 0, "Black", "Wedge", Vector3.new(0.220000014, 0.220000014, 0.220000014))
WedgeWeld = CreateWeld(m, BowFakeHandle, Wedge, CFrame.new(0, 0, 0, 1, 0, 0, 0, 1, 0, 0, 0, 1), CFrame.new(0.000366210938, 0.168947458, -0.338066101, -6.94149804e-08, -3.24350893e-08, -1, -1, 4.61936452e-07, 6.9414952e-08, 4.61936452e-07, 1, -3.24351248e-08))
CreateMesh("SpecialMesh", Wedge, Enum.MeshType.Wedge, "", Vector3.new(0, 0, 0), Vector3.new(0.512000144, 0.512000144, 0.512000144))
Part = CreatePart(m, Enum.Material.SmoothPlastic, 0, 0, "Institutional white", "Part", Vector3.new(0.225280017, 0.225280017, 0.220000014))
PartWeld = CreateWeld(m, BowFakeHandle, Part, CFrame.new(0, 0, 0, 1, 0, 0, 0, 1, 0, 0, 0, 1), CFrame.new(4.529953e-06, -0.281555176, 0.001953125, 1, 0, -1.51575529e-15, 0, 1, 0, -1.51575529e-15, 0, 1))
CreateMesh("CylinderMesh", Part, "", "", Vector3.new(0, 0, 0), Vector3.new(1, 1, 0.588800073))
Part = CreatePart(m, Enum.Material.SmoothPlastic, 0, 0, "Black", "Part", Vector3.new(0.563200057, 0.220000014, 0.675840139))
PartWeld = CreateWeld(m, BowFakeHandle, Part, CFrame.new(0, 0, 0, 1, 0, 0, 0, 1, 0, 0, 0, 1), CFrame.new(-0.445208549, 0, 3.3405304, -1, 6.40749931e-07, 6.93517848e-08, 6.93517705e-08, -2.71691203e-08, 1, 6.40749931e-07, 1, 2.71690741e-08))
CreateMesh("CylinderMesh", Part, "", "", Vector3.new(0, 0, 0), Vector3.new(1, 0.512000144, 1))
Part = CreatePart(m, Enum.Material.SmoothPlastic, 0, 0, "Institutional white", "Part", Vector3.new(0.225280017, 0.225280017, 0.220000014))
PartWeld = CreateWeld(m, BowFakeHandle, Part, CFrame.new(0, 0, 0, 1, 0, 0, 0, 1, 0, 0, 0, 1), CFrame.new(5.24520874e-06, 0.281600952, 0.001953125, 1, 0, -1.51575529e-15, 0, 1, 0, -1.51575529e-15, 0, 1))
CreateMesh("CylinderMesh", Part, "", "", Vector3.new(0, 0, 0), Vector3.new(1, 1, 0.588800073))
Part = CreatePart(m, Enum.Material.SmoothPlastic, 0, 0, "Cool yellow", "Part", Vector3.new(0.33792007, 0.220000014, 0.450560033))
PartWeld = CreateWeld(m, BowFakeHandle, Part, CFrame.new(0, 0, 0, 1, 0, 0, 0, 1, 0, 0, 0, 1), CFrame.new(-0.445208549, 0, 3.3405304, -1, 6.40749931e-07, 6.93517848e-08, 6.93517705e-08, -2.71691203e-08, 1, 6.40749931e-07, 1, 2.71690741e-08))
CreateMesh("CylinderMesh", Part, "", "", Vector3.new(0, 0, 0), Vector3.new(1, 0.563200057, 1))
Part = CreatePart(m, Enum.Material.SmoothPlastic, 0, 0, "Black", "Part", Vector3.new(1.23904014, 0.220000014, 0.563200057))
PartWeld = CreateWeld(m, BowFakeHandle, Part, CFrame.new(0, 0, 0, 1, 0, 0, 0, 1, 0, 0, 0, 1), CFrame.new(-2.00939178, 0, -2.04543304, -0.707106888, -0.707106709, 6.27209218e-08, -7.15714066e-08, -1.71293646e-08, -1, 0.707106709, -0.707106888, -3.84963315e-08))
CreateMesh("BlockMesh", Part, "", "", Vector3.new(0, 0, 0), Vector3.new(1, 0.512000144, 1))
Part = CreatePart(m, Enum.Material.SmoothPlastic, 0, 0, "Black", "Part", Vector3.new(0.220000014, 0.220000014, 0.518144011))
PartWeld = CreateWeld(m, BowFakeHandle, Part, CFrame.new(0, 0, 0, 1, 0, 0, 0, 1, 0, 0, 0, 1), CFrame.new(0.450569153, 0, 0.146412134, 4.61936452e-07, 1, 2.01980033e-08, -1.0781276e-07, 2.01980548e-08, -1, -1, 4.61936452e-07, 1.07812767e-07))
CreateMesh("BlockMesh", Part, "", "", Vector3.new(0, 0, 0), Vector3.new(0.512000144, 0.512000144, 1))
Part = CreatePart(m, Enum.Material.SmoothPlastic, 0, 0, "Cool yellow", "Part", Vector3.new(0.220000014, 1.68960023, 0.220000014))
PartWeld = CreateWeld(m, BowFakeHandle, Part, CFrame.new(0, 0, 0, 1, 0, 0, 0, 1, 0, 0, 0, 1), CFrame.new(0.000366210938, 1.78420258, 2.04552078, -6.94149804e-08, -3.24350893e-08, -1, 0.707106173, -0.707107425, -2.61486655e-08, -0.707107425, -0.707106173, 7.20188922e-08))
CreateMesh("BlockMesh", Part, "", "", Vector3.new(0, 0, 0), Vector3.new(0.563200057, 1, 0.512000144))
Part = CreatePart(m, Enum.Material.SmoothPlastic, 0, 0, "Black", "Part", Vector3.new(0.220000014, 0.220000014, 0.220000014))
PartWeld = CreateWeld(m, BowFakeHandle, Part, CFrame.new(0, 0, 0, 1, 0, 0, 0, 1, 0, 0, 0, 1), CFrame.new(0.337890625, 0, 0.315387607, 4.61936452e-07, 1, 2.01980033e-08, -1.0781276e-07, 2.01980548e-08, -1, -1, 4.61936452e-07, 1.07812767e-07))
CreateMesh("BlockMesh", Part, "", "", Vector3.new(0, 0, 0), Vector3.new(0.512000144, 0.512000144, 0.819200039))
Part = CreatePart(m, Enum.Material.SmoothPlastic, 0, 0, "Black", "Part", Vector3.new(0.220000014, 0.269084811, 0.220000014))
PartWeld = CreateWeld(m, BowFakeHandle, Part, CFrame.new(0, 0, 0, 1, 0, 0, 0, 1, 0, 0, 0, 1), CFrame.new(-1.99462128, 1.2387228, 0, -0.176393285, -0.984319806, -1.01567883e-08, -0.984319806, 0.17639327, 7.22781337e-08, -6.93531845e-08, 2.27469013e-08, -1))
CreateMesh("BlockMesh", Part, "", "", Vector3.new(0, 0, 0), Vector3.new(0.961045921, 1, 0.512000144))
Part = CreatePart(m, Enum.Material.SmoothPlastic, 0, 0, "Black", "Part", Vector3.new(0.489984065, 0.220000014, 0.405504048))
PartWeld = CreateWeld(m, BowFakeHandle, Part, CFrame.new(0, 0, 0, 1, 0, 0, 0, 1, 0, 0, 0, 1), CFrame.new(0.751953125, -0.000366210938, 0.20273602, -7.4505806e-07, -1, 3.6816779e-08, 3.10171231e-08, 3.68167683e-08, 1, -1, 7.4505806e-07, 3.10171053e-08))
CreateMesh("BlockMesh", Part, "", "", Vector3.new(0, 0, 0), Vector3.new(1, 0.512000144, 1))
Part = CreatePart(m, Enum.Material.SmoothPlastic, 0, 0, "Black", "Part", Vector3.new(0.220000014, 0.788480163, 0.563200057))
PartWeld = CreateWeld(m, BowFakeHandle, Part, CFrame.new(0, 0, 0, 1, 0, 0, 0, 1, 0, 0, 0, 1), CFrame.new(0, -1.70729828, -0.736948133, 6.94149378e-08, -2.71691221e-08, 1, -6.40749931e-07, -1, -2.71690759e-08, 1, -6.40749931e-07, -6.94149662e-08))
CreateMesh("BlockMesh", Part, "", "", Vector3.new(0, 0, 0), Vector3.new(0.512000144, 1, 1))
Part = CreatePart(m, Enum.Material.SmoothPlastic, 0, 0, "Cool yellow", "Part", Vector3.new(0.220000014, 0.675840139, 0.220000014))
PartWeld = CreateWeld(m, BowFakeHandle, Part, CFrame.new(0, 0, 0, 1, 0, 0, 0, 1, 0, 0, 0, 1), CFrame.new(0.000366210938, -1.65105438, -0.736956716, -6.94149804e-08, -3.24350893e-08, -1, 6.40749931e-07, 1, -3.24351319e-08, 1, -6.40749931e-07, -6.9414952e-08))
CreateMesh("BlockMesh", Part, "", "", Vector3.new(0, 0, 0), Vector3.new(0.563200057, 1, 0.512000144))
Part = CreatePart(m, Enum.Material.SmoothPlastic, 0, 0, "Institutional white", "Part", Vector3.new(0.225280017, 0.220000014, 0.220000014))
PartWeld = CreateWeld(m, BowFakeHandle, Part, CFrame.new(0, 0, 0, 1, 0, 0, 0, 1, 0, 0, 0, 1), CFrame.new(4.05311584e-06, 6.10351563e-05, 0.001953125, 1, 0, -1.51575529e-15, 0, 1, 0, -1.51575529e-15, 0, 1))
CreateMesh("CylinderMesh", Part, "", "", Vector3.new(0, 0, 0), Vector3.new(1, 0.512000144, 0.588800073))
Part = CreatePart(m, Enum.Material.SmoothPlastic, 0, 0, "Black", "Part", Vector3.new(0.33792007, 0.220000014, 0.563200057))
PartWeld = CreateWeld(m, BowFakeHandle, Part, CFrame.new(0, 0, 0, 1, 0, 0, 0, 1, 0, 0, 0, 1), CFrame.new(0.870513916, -0.000366210938, -0.423362732, -0.707107067, -0.707106471, 1.80172606e-08, 5.54801183e-08, -2.99998959e-08, 1, -0.707106471, 0.707107067, 6.04434973e-08))
CreateMesh("BlockMesh", Part, "", "", Vector3.new(0, 0, 0), Vector3.new(1, 0.512000144, 1))
Part = CreatePart(m, Enum.Material.SmoothPlastic, 0, 0, "Black", "Part", Vector3.new(0.220000014, 0.269084811, 0.220000014))
PartWeld = CreateWeld(m, BowFakeHandle, Part, CFrame.new(0, 0, 0, 1, 0, 0, 0, 1, 0, 0, 0, 1), CFrame.new(-1.99471283, 1.23874283, -0.000366210938, -0.176392093, 0.984319985, 3.46585622e-08, -0.984319985, -0.176392093, 6.05221331e-08, 6.56866419e-08, -2.34394903e-08, 1))
CreateMesh("BlockMesh", Part, "", "", Vector3.new(0, 0, 0), Vector3.new(0.961045921, 1, 0.512000144))
Part = CreatePart(m, Enum.Material.SmoothPlastic, 0, 0, "Black", "Part", Vector3.new(0.220000014, 0.788480163, 0.563200057))
PartWeld = CreateWeld(m, BowFakeHandle, Part, CFrame.new(0, 0, 0, 1, 0, 0, 0, 1, 0, 0, 0, 1), CFrame.new(0.000366210938, -1.70736694, -0.736947894, -6.94149804e-08, -3.24350893e-08, -1, 6.40749931e-07, 1, -3.24351319e-08, 1, -6.40749931e-07, -6.9414952e-08))
CreateMesh("BlockMesh", Part, "", "", Vector3.new(0, 0, 0), Vector3.new(0.512000144, 1, 1))
Part = CreatePart(m, Enum.Material.SmoothPlastic, 0, 0, "Black", "Part", Vector3.new(0.450560033, 0.220000014, 0.563200057))
PartWeld = CreateWeld(m, BowFakeHandle, Part, CFrame.new(0, 0, 0, 1, 0, 0, 0, 1, 0, 0, 0, 1), CFrame.new(1.26467896, 0, -0.423290253, -0.707106292, 0.707107365, 9.49445536e-08, -1.09325214e-07, 2.49467114e-08, -1, -0.707107365, -0.707106292, 5.96646856e-08))
CreateMesh("BlockMesh", Part, "", "", Vector3.new(0, 0, 0), Vector3.new(1, 0.512000144, 1))
Part = CreatePart(m, Enum.Material.SmoothPlastic, 0, 0, "Black", "Part", Vector3.new(0.450560033, 0.220000014, 0.563200057))
PartWeld = CreateWeld(m, BowFakeHandle, Part, CFrame.new(0, 0, 0, 1, 0, 0, 0, 1, 0, 0, 0, 1), CFrame.new(1.26478195, -0.000366210938, -0.42338562, -0.707107067, -0.707106471, 1.80172606e-08, 5.54801183e-08, -2.99998959e-08, 1, -0.707106471, 0.707107067, 6.04434973e-08))
CreateMesh("BlockMesh", Part, "", "", Vector3.new(0, 0, 0), Vector3.new(1, 0.512000144, 1))
Wedge = CreatePart(m, Enum.Material.SmoothPlastic, 0, 0, "Black", "Wedge", Vector3.new(0.220000014, 0.220000014, 0.220000014))
WedgeWeld = CreateWeld(m, BowFakeHandle, Wedge, CFrame.new(0, 0, 0, 1, 0, 0, 0, 1, 0, 0, 0, 1), CFrame.new(0, 0.341503143, -1.47247314, 1.42978507e-07, -9.15196949e-08, 1, -0.925511479, -0.378719747, 9.76679502e-08, 0.378719717, -0.92551142, -1.38851306e-07))
CreateMesh("SpecialMesh", Wedge, Enum.MeshType.Wedge, "", Vector3.new(0, 0, 0), Vector3.new(0.511992276, 0.944333315, 0.395894557))
Part = CreatePart(m, Enum.Material.SmoothPlastic, 0, 0, "Black", "Part", Vector3.new(0.563200057, 0.220000014, 0.675840139))
PartWeld = CreateWeld(m, BowFakeHandle, Part, CFrame.new(0, 0, 0, 1, 0, 0, 0, 1, 0, 0, 0, 1), CFrame.new(-0.433936357, 0.000366210938, 3.32937622, -1, 6.40749931e-07, 6.93517848e-08, -6.93517705e-08, 2.71691221e-08, -1, -6.40749931e-07, -1, -2.71690741e-08))
CreateMesh("CylinderMesh", Part, "", "", Vector3.new(0, 0, 0), Vector3.new(1, 0.512000144, 1))
Part = CreatePart(m, Enum.Material.SmoothPlastic, 0, 0, "Cool yellow", "Part", Vector3.new(0.220000014, 0.788480163, 0.220000014))
PartWeld = CreateWeld(m, BowFakeHandle, Part, CFrame.new(0, 0, 0, 1, 0, 0, 0, 1, 0, 0, 0, 1), CFrame.new(0, -1.70729828, -0.736961126, 6.94149378e-08, -2.71691221e-08, 1, -6.40749931e-07, -1, -2.71690759e-08, 1, -6.40749931e-07, -6.94149662e-08))
CreateMesh("BlockMesh", Part, "", "", Vector3.new(0, 0, 0), Vector3.new(0.563200057, 1, 0.512000144))
Part = CreatePart(m, Enum.Material.SmoothPlastic, 0, 0, "Black", "Part", Vector3.new(0.220000014, 0.220000014, 0.518144011))
PartWeld = CreateWeld(m, BowFakeHandle, Part, CFrame.new(0, 0, 0, 1, 0, 0, 0, 1, 0, 0, 0, 1), CFrame.new(0.450660706, -0.000366210938, 0.146410823, -7.4505806e-07, -1, 3.6816779e-08, 3.10171231e-08, 3.68167683e-08, 1, -1, 7.4505806e-07, 3.10171053e-08))
CreateMesh("BlockMesh", Part, "", "", Vector3.new(0, 0, 0), Vector3.new(0.512000144, 0.512000144, 1))
Part = CreatePart(m, Enum.Material.SmoothPlastic, 0, 0, "Cool yellow", "Part", Vector3.new(0.33792007, 0.220000014, 0.450560033))
PartWeld = CreateWeld(m, BowFakeHandle, Part, CFrame.new(0, 0, 0, 1, 0, 0, 0, 1, 0, 0, 0, 1), CFrame.new(-0.433936357, 0.000366210938, 3.32937622, -1, 6.40749931e-07, 6.93517848e-08, -6.93517705e-08, 2.71691221e-08, -1, -6.40749931e-07, -1, -2.71690741e-08))
CreateMesh("CylinderMesh", Part, "", "", Vector3.new(0, 0, 0), Vector3.new(1, 0.563200057, 1))
Part = CreatePart(m, Enum.Material.SmoothPlastic, 0, 0, "Black", "Part", Vector3.new(0.220000014, 0.220000014, 0.220000014))
PartWeld = CreateWeld(m, BowFakeHandle, Part, CFrame.new(0, 0, 0, 1, 0, 0, 0, 1, 0, 0, 0, 1), CFrame.new(0.338058472, -0.000366210938, 0.315390348, -7.4505806e-07, -1, 3.6816779e-08, 3.10171231e-08, 3.68167683e-08, 1, -1, 7.4505806e-07, 3.10171053e-08))
CreateMesh("BlockMesh", Part, "", "", Vector3.new(0, 0, 0), Vector3.new(0.512000144, 0.512000144, 0.819200039))
Part = CreatePart(m, Enum.Material.SmoothPlastic, 0, 0, "Black", "Part", Vector3.new(1.23904014, 0.220000014, 0.563200057))
PartWeld = CreateWeld(m, BowFakeHandle, Part, CFrame.new(0, 0, 0, 1, 0, 0, 0, 1, 0, 0, 0, 1), CFrame.new(-2.00945282, -0.000366210938, -2.04550171, -0.707106113, 0.707107484, -2.42653826e-08, 6.00121624e-08, 9.43284562e-08, 1, 0.707107484, 0.707106113, -1.09135279e-07))
CreateMesh("BlockMesh", Part, "", "", Vector3.new(0, 0, 0), Vector3.new(1, 0.512000144, 1))
Part = CreatePart(m, Enum.Material.SmoothPlastic, 0, 0, "Black", "Part", Vector3.new(0.450560033, 0.220000014, 0.563200057))
PartWeld = CreateWeld(m, BowFakeHandle, Part, CFrame.new(0, 0, 0, 1, 0, 0, 0, 1, 0, 0, 0, 1), CFrame.new(-1.16465759, -0.000381469727, -2.04548264, -0.707106113, 0.707107484, -2.42653826e-08, 6.00121624e-08, 9.43284562e-08, 1, 0.707107484, 0.707106113, -1.09135279e-07))
CreateMesh("BlockMesh", Part, "", "", Vector3.new(0, 0, 0), Vector3.new(1, 0.512000144, 1))
Part = CreatePart(m, Enum.Material.SmoothPlastic, 0, 0, "Black", "Part", Vector3.new(0.489984065, 0.220000014, 0.405504048))
PartWeld = CreateWeld(m, BowFakeHandle, Part, CFrame.new(0, 0, 0, 1, 0, 0, 0, 1, 0, 0, 0, 1), CFrame.new(0.75189209, 0, 0.202737808, 4.61936452e-07, 1, 2.01980033e-08, -1.0781276e-07, 2.01980548e-08, -1, -1, 4.61936452e-07, 1.07812767e-07))
CreateMesh("BlockMesh", Part, "", "", Vector3.new(0, 0, 0), Vector3.new(1, 0.512000144, 1))
Part = CreatePart(m, Enum.Material.SmoothPlastic, 0, 0, "Cool yellow", "Part", Vector3.new(0.33792007, 0.220000014, 0.450560033))
PartWeld = CreateWeld(m, BowFakeHandle, Part, CFrame.new(0, 0, 0, 1, 0, 0, 0, 1, 0, 0, 0, 1), CFrame.new(-2.12789917, 0.000366210938, 0.742304683, 6.40749931e-07, 1, -3.68167576e-08, -6.94149733e-08, -3.68167079e-08, -1, -1, 6.40749931e-07, 6.9414952e-08))
CreateMesh("CylinderMesh", Part, "", "", Vector3.new(0, 0, 0), Vector3.new(1, 0.563200057, 1))
Part = CreatePart(m, Enum.Material.SmoothPlastic, 0, 0, "Black", "Part", Vector3.new(0.33792007, 0.220000014, 0.563200057))
PartWeld = CreateWeld(m, BowFakeHandle, Part, CFrame.new(0, 0, 0, 1, 0, 0, 0, 1, 0, 0, 0, 1), CFrame.new(0.870441437, 0, -0.423290253, -0.707106292, 0.707107365, 9.49445536e-08, -1.09325214e-07, 2.49467114e-08, -1, -0.707107365, -0.707106292, 5.96646856e-08))
CreateMesh("BlockMesh", Part, "", "", Vector3.new(0, 0, 0), Vector3.new(1, 0.512000144, 1))
Part = CreatePart(m, Enum.Material.SmoothPlastic, 0, 0, "Cool yellow", "Part", Vector3.new(0.220000014, 0.220000014, 0.225280017))
PartWeld = CreateWeld(m, BowFakeHandle, Part, CFrame.new(0, 0, 0, 1, 0, 0, 0, 1, 0, 0, 0, 1), CFrame.new(0.423347473, 0, -0.701530457, 0.707105875, -0.707107723, -1.24747032e-07, -1.51243015e-07, 2.51760834e-08, -1, 0.707107723, 0.707105875, -8.91429579e-08))
CreateMesh("CylinderMesh", Part, "", "", Vector3.new(0, 0, 0), Vector3.new(0.512000144, 0.563200057, 1))
Part = CreatePart(m, Enum.Material.SmoothPlastic, 0, 0, "Cool yellow", "Part", Vector3.new(0.220000014, 0.788480043, 0.220000014))
PartWeld = CreateWeld(m, BowFakeHandle, Part, CFrame.new(0, 0, 0, 1, 0, 0, 0, 1, 0, 0, 0, 1), CFrame.new(0.000366210938, -1.09579849, 0.423362732, -6.94149804e-08, -3.24350893e-08, -1, 0.707107067, 0.707106531, -7.20188709e-08, 0.707106531, -0.707107067, -2.6148701e-08))
CreateMesh("BlockMesh", Part, "", "", Vector3.new(0, 0, 0), Vector3.new(0.563200057, 1, 0.512000144))
Part = CreatePart(m, Enum.Material.SmoothPlastic, 0, 0, "Cool yellow", "Part", Vector3.new(0.33792007, 0.220000014, 0.33792007))
PartWeld = CreateWeld(m, BowFakeHandle, Part, CFrame.new(0, 0, 0, 1, 0, 0, 0, 1, 0, 0, 0, 1), CFrame.new(0.736960649, 0.000366210938, 1.36945343, -1, 6.40749931e-07, 6.93517848e-08, -6.93517705e-08, 2.71691221e-08, -1, -6.40749931e-07, -1, -2.71690741e-08))
CreateMesh("CylinderMesh", Part, "", "", Vector3.new(0, 0, 0), Vector3.new(1, 0.563200057, 1))
Part = CreatePart(m, Enum.Material.SmoothPlastic, 0, 0, "Cool yellow", "Part", Vector3.new(0.33792007, 0.220000014, 0.33792007))
PartWeld = CreateWeld(m, BowFakeHandle, Part, CFrame.new(0, 0, 0, 1, 0, 0, 0, 1, 0, 0, 0, 1), CFrame.new(0.736959338, 0, 1.36940765, -1, 6.40749931e-07, 6.93517848e-08, 6.93517705e-08, -2.71691203e-08, 1, 6.40749931e-07, 1, 2.71690741e-08))
CreateMesh("CylinderMesh", Part, "", "", Vector3.new(0, 0, 0), Vector3.new(1, 0.563200057, 1))
PivotConnector1 = CreatePart(m, Enum.Material.SmoothPlastic, 0, 0, "Cool yellow", "PivotConnector1", Vector3.new(0.220000014, 0.220000014, 0.220000014))
PivotConnector1Weld = CreateWeld(m, BowFakeHandle, PivotConnector1, CFrame.new(0, 0, 0, 1, 0, 0, 0, 1, 0, 0, 0, 1), CFrame.new(3.17164612, -0.614725113, -0.000137329102, 8.04664523e-07, 1, 4.06052386e-05, -1, 8.04658157e-07, 1.50166912e-07, 1.50134269e-07, -4.06052495e-05, 1))
CreateMesh("SpecialMesh", PivotConnector1, Enum.MeshType.FileMesh, "http://www.roblox.com/asset/?id=18430887", Vector3.new(0, 0, 0), Vector3.new(0.214015961, 0.225279838, 0.585727811))
PivotConnector2 = CreatePart(m, Enum.Material.SmoothPlastic, 0, 0, "Cool yellow", "PivotConnector2", Vector3.new(0.220000014, 0.220000014, 0.220000014))
PivotConnector2Weld = CreateWeld(m, BowFakeHandle, PivotConnector2, CFrame.new(0, 0, 0, 1, 0, 0, 0, 1, 0, 0, 0, 1), CFrame.new(-3.22834778, -0.614701271, 0.000122070313, 8.04664523e-07, 1, 4.06052386e-05, -1, 8.04658157e-07, 1.50166912e-07, 1.50134269e-07, -4.06052495e-05, 1))
CreateMesh("SpecialMesh", PivotConnector2, Enum.MeshType.FileMesh, "http://www.roblox.com/asset/?id=18430887", Vector3.new(0, 0, 0), Vector3.new(0.214015961, 0.225279838, 0.585727811))
Wedge = CreatePart(m, Enum.Material.SmoothPlastic, 0, 0, "Black", "Wedge", Vector3.new(0.220000014, 0.220000014, 0.220000014))
WedgeWeld = CreateWeld(m, BowFakeHandle, Wedge, CFrame.new(0, 0, 0, 1, 0, 0, 0, 1, 0, 0, 0, 1), CFrame.new(0, 0.341524124, 1.5585022, -1.42978507e-07, 9.15196949e-08, -1, -0.92551136, -0.378719926, 9.76679004e-08, -0.378719926, 0.92551136, 1.3885132e-07))
CreateMesh("SpecialMesh", Wedge, Enum.MeshType.Wedge, "", Vector3.new(0, 0, 0), Vector3.new(0.511992276, 0.944333315, 0.386422455))
Wedge = CreatePart(m, Enum.Material.SmoothPlastic, 0, 0, "Black", "Wedge", Vector3.new(0.220000014, 0.220000014, 0.220000014))
WedgeWeld = CreateWeld(m, BowFakeHandle, Wedge, CFrame.new(0, 0, 0, 1, 0, 0, 0, 1, 0, 0, 0, 1), CFrame.new(-0.000366210938, 0.341472626, 1.55859375, -4.1486472e-09, -2.71666636e-08, 1, -0.925510883, 0.378721058, 6.4489738e-09, -0.378721058, -0.925510883, -2.67142202e-08))
CreateMesh("SpecialMesh", Wedge, Enum.MeshType.Wedge, "", Vector3.new(0, 0, 0), Vector3.new(0.511992276, 0.944333315, 0.386422455))
Wedge = CreatePart(m, Enum.Material.SmoothPlastic, 0, 0, "Black", "Wedge", Vector3.new(0.220000014, 0.220000014, 0.220000014))
WedgeWeld = CreateWeld(m, BowFakeHandle, Wedge, CFrame.new(0, 0, 0, 1, 0, 0, 0, 1, 0, 0, 0, 1), CFrame.new(0.000381469727, 0.341506958, -1.47248077, 4.1486472e-09, 2.71666636e-08, -1, -0.925510943, 0.37872082, 6.44896758e-09, 0.37872085, 0.925511003, 2.67142219e-08))
CreateMesh("SpecialMesh", Wedge, Enum.MeshType.Wedge, "", Vector3.new(0, 0, 0), Vector3.new(0.511992276, 0.944333315, 0.395894557))
Wedge = CreatePart(m, Enum.Material.SmoothPlastic, 0, 0, "Black", "Wedge", Vector3.new(0.220000014, 0.220000014, 0.220000014))
WedgeWeld = CreateWeld(m, BowFakeHandle, Wedge, CFrame.new(0, 0, 0, 1, 0, 0, 0, 1, 0, 0, 0, 1), CFrame.new(0, 0.168949723, -0.337890625, 6.94149378e-08, -2.71691221e-08, 1, -1, 6.40749931e-07, 6.94149662e-08, -6.40749931e-07, -1, -2.71690759e-08))
CreateMesh("SpecialMesh", Wedge, Enum.MeshType.Wedge, "", Vector3.new(0, 0, 0), Vector3.new(0.512000144, 0.512000144, 0.512000144))
QuiverHandle = CreatePart(m, Enum.Material.SmoothPlastic, 0, 1, "Black", "QuiverHandle", Vector3.new(2.20000029, 0.200000003, 0.600000024))
QuiverHandleWeld = CreateWeld(m, Character.Torso, QuiverHandle, CFrame.new(0, 0, 0, 1, 0, 0, 0, 1, 0, 0, 0, 1), CFrame.new(-0.554016113, -0.356391907, 0.391426086, -0.965925872, -0.258818924, 2.59800936e-09, -1.29173223e-08, 5.82460693e-08, 1, -0.258818924, 0.965925872, -5.96046306e-08))
Part = CreatePart(m, Enum.Material.SmoothPlastic, 0, 0, "Black", "Part", Vector3.new(0.200000003, 0.200000003, 5.44000006))
PartWeld = CreateWeld(m, QuiverHandle, Part, CFrame.new(0, 0, 0, 1, 0, 0, 0, 1, 0, 0, 0, 1), CFrame.new(-0.454208374, -0.680118561, 1.68037415, 0.00025648062, 0.70736295, -0.706850469, 0.000258313463, 0.70685041, 0.707363009, 1, -0.000364014471, -1.44539092e-06))
CreateMesh("SpecialMesh", Part, Enum.MeshType.FileMesh, "http://www.roblox.com/asset/?id=15887356", Vector3.new(0, 0, 0), Vector3.new(0.800000012, 0.960000038, 2.4000001))
Part = CreatePart(m, Enum.Material.SmoothPlastic, 0, 0, "Black", "Part", Vector3.new(2.72000003, 0.200000003, 0.480000019))
PartWeld = CreateWeld(m, QuiverHandle, Part, CFrame.new(0, 0, 0, 1, 0, 0, 0, 1, 0, 0, 0, 1), CFrame.new(0.320007324, 1.12168884, 7.62939453e-06, 1.00000012, -5.19595522e-09, -2.5331974e-07, -5.19594989e-09, -1, 2.12064819e-08, -2.5331974e-07, -2.12064926e-08, -1.00000012))
CreateMesh("BlockMesh", Part, "", "", Vector3.new(0, 0, 0), Vector3.new(1, 0.800000072, 1))
Part = CreatePart(m, Enum.Material.SmoothPlastic, 0, 0, "Cool yellow", "Part", Vector3.new(0.200000003, 0.480000019, 0.200000003))
PartWeld = CreateWeld(m, QuiverHandle, Part, CFrame.new(0, 0, 0, 1, 0, 0, 0, 1, 0, 0, 0, 1), CFrame.new(1.76008606, 0.617675781, 0.496002197, 1.00000012, -5.19595522e-09, -2.5331974e-07, -5.19594989e-09, -1, 2.12064819e-08, -2.5331974e-07, -2.12064926e-08, -1.00000012))
CreateMesh("BlockMesh", Part, "", "", Vector3.new(0, 0, 0), Vector3.new(0.800000072, 1, 0.800000072))
Part = CreatePart(m, Enum.Material.SmoothPlastic, 0, 0, "Cool yellow", "Part", Vector3.new(0.200000003, 0.480000019, 1.15999997))
PartWeld = CreateWeld(m, QuiverHandle, Part, CFrame.new(0, 0, 0, 1, 0, 0, 0, 1, 0, 0, 0, 1), CFrame.new(-1.11997986, 0.440233231, -0.440826416, 1.00000012, 1.30545388e-08, -8.94069672e-08, -6.14417175e-08, -0.707106829, -0.707106769, -5.77675756e-08, 0.707106769, -0.707106888))
CreateMesh("BlockMesh", Part, "", "", Vector3.new(0, 0, 0), Vector3.new(0.800000072, 1, 1))
Part = CreatePart(m, Enum.Material.SmoothPlastic, 0, 0, "Black", "Part", Vector3.new(0.200000003, 0.200000003, 5.44000006))
PartWeld = CreateWeld(m, QuiverHandle, Part, CFrame.new(0, 0, 0, 1, 0, 0, 0, 1, 0, 0, 0, 1), CFrame.new(0.000263214111, 0.8020401, 1.68035889, 6.25847804e-07, -0.000362336723, 1, -0.000361986837, -0.999999881, -0.000362336461, 1, -0.000361986604, -7.45036459e-07))
CreateMesh("SpecialMesh", Part, Enum.MeshType.FileMesh, "http://www.roblox.com/asset/?id=15887356", Vector3.new(0, 0, 0), Vector3.new(0.800000012, 0.960000038, 2.4000001))
Part = CreatePart(m, Enum.Material.SmoothPlastic, 0, 0, "Cool yellow", "Part", Vector3.new(0.200000003, 1.16000009, 0.480000019))
PartWeld = CreateWeld(m, QuiverHandle, Part, CFrame.new(0, 0, 0, 1, 0, 0, 0, 1, 0, 0, 0, 1), CFrame.new(-1.1199646, 0.621688843, 3.81469727e-06, 1.00000012, -5.19595522e-09, -2.5331974e-07, -5.19594989e-09, -1, 2.12064819e-08, -2.5331974e-07, -2.12064926e-08, -1.00000012))
CreateMesh("BlockMesh", Part, "", "", Vector3.new(0, 0, 0), Vector3.new(0.800000072, 1, 1))
Part = CreatePart(m, Enum.Material.SmoothPlastic, 0, 0, "Black", "Part", Vector3.new(2.72000003, 0.200000003, 0.480000019))
PartWeld = CreateWeld(m, QuiverHandle, Part, CFrame.new(0, 0, 0, 1, 0, 0, 0, 1, 0, 0, 0, 1), CFrame.new(0.320037842, 0.0585784912, -0.440793991, 1.00000012, -2.64309392e-08, -8.94069672e-08, -4.28664144e-08, 0.707106888, -0.707106709, 9.12440399e-08, 0.707106709, 0.707106888))
CreateMesh("BlockMesh", Part, "", "", Vector3.new(0, 0, 0), Vector3.new(1, 0.800000072, 1))
Part = CreatePart(m, Enum.Material.SmoothPlastic, 0, 0, "Cool yellow", "Part", Vector3.new(0.200000003, 0.480000019, 0.200000003))
PartWeld = CreateWeld(m, QuiverHandle, Part, CFrame.new(0, 0, 0, 1, 0, 0, 0, 1, 0, 0, 0, 1), CFrame.new(1.76008606, 0.617675781, -0.504001617, 1.00000012, -5.19595522e-09, -2.5331974e-07, -5.19594989e-09, -1, 2.12064819e-08, -2.5331974e-07, -2.12064926e-08, -1.00000012))
CreateMesh("BlockMesh", Part, "", "", Vector3.new(0, 0, 0), Vector3.new(0.800000072, 1, 0.800000072))
Part = CreatePart(m, Enum.Material.SmoothPlastic, 0, 0, "Black", "Part", Vector3.new(0.200000003, 0.200000003, 5.44000006))
PartWeld = CreateWeld(m, QuiverHandle, Part, CFrame.new(0, 0, 0, 1, 0, 0, 0, 1, 0, 0, 0, 1), CFrame.new(-0.642028809, 0.000205993652, 1.68029785, 0.000362732593, 0.99999994, 0.000362407387, -1.63913711e-07, -0.000362407329, 1, 0.99999994, -0.000362732622, 4.47251054e-08))
CreateMesh("SpecialMesh", Part, Enum.MeshType.FileMesh, "http://www.roblox.com/asset/?id=15887356", Vector3.new(0, 0, 0), Vector3.new(0.800000012, 0.960000038, 2.4000001))
Part = CreatePart(m, Enum.Material.SmoothPlastic, 0, 0, "Black", "Part", Vector3.new(0.200000003, 0.200000003, 5.44000006))
PartWeld = CreateWeld(m, QuiverHandle, Part, CFrame.new(0, 0, 0, 1, 0, 0, 0, 1, 0, 0, 0, 1), CFrame.new(-0.64214325, -0.319789886, 1.68029785, 0.000362732593, 0.99999994, 0.000362407387, -1.63913711e-07, -0.000362407329, 1, 0.99999994, -0.000362732622, 4.47251054e-08))
CreateMesh("SpecialMesh", Part, Enum.MeshType.FileMesh, "http://www.roblox.com/asset/?id=15887356", Vector3.new(0, 0, 0), Vector3.new(0.800000012, 0.960000038, 2.4000001))
Part = CreatePart(m, Enum.Material.SmoothPlastic, 0, 0, "Black", "Part", Vector3.new(2.72000003, 0.200000003, 0.480000019))
PartWeld = CreateWeld(m, QuiverHandle, Part, CFrame.new(0, 0, 0, 1, 0, 0, 0, 1, 0, 0, 0, 1), CFrame.new(0.320007324, -0.12512207, -3.81469727e-06, 1, -4.4408921e-16, -1.54853386e-16, -4.4408921e-16, 1, 0, -1.54853386e-16, 0, 1))
CreateMesh("BlockMesh", Part, "", "", Vector3.new(0, 0, 0), Vector3.new(1, 0.800000072, 1))
Part = CreatePart(m, Enum.Material.SmoothPlastic, 0, 0, "Black", "Part", Vector3.new(0.200000003, 0.200000003, 5.44000006))
PartWeld = CreateWeld(m, QuiverHandle, Part, CFrame.new(0, 0, 0, 1, 0, 0, 0, 1, 0, 0, 0, 1), CFrame.new(-0.453760147, 0.680397034, 1.68035889, 0.000254766986, 0.706850529, 0.70736289, -0.000260369823, -0.707362831, 0.706850588, 1.00000012, -0.00036425679, 3.82962025e-06))
CreateMesh("SpecialMesh", Part, Enum.MeshType.FileMesh, "http://www.roblox.com/asset/?id=15887356", Vector3.new(0, 0, 0), Vector3.new(0.800000012, 0.960000038, 2.4000001))
Part = CreatePart(m, Enum.Material.SmoothPlastic, 0, 0, "Black", "Part", Vector3.new(0.200000003, 0.200000003, 5.44000006))
PartWeld = CreateWeld(m, QuiverHandle, Part, CFrame.new(0, 0, 0, 1, 0, 0, 0, 1, 0, 0, 0, 1), CFrame.new(8.39233398e-05, 0.322044373, 1.68017578, -1.9222507e-06, -0.000362336548, 1, -0.000367632718, -0.999999881, -0.000362337218, 1, -0.000367633445, 1.80306245e-06))
CreateMesh("SpecialMesh", Part, Enum.MeshType.FileMesh, "http://www.roblox.com/asset/?id=15887356", Vector3.new(0, 0, 0), Vector3.new(0.800000012, 0.960000038, 2.4000001))
Part = CreatePart(m, Enum.Material.SmoothPlastic, 0, 0, "Black", "Part", Vector3.new(0.200000003, 0.200000003, 5.44000006))
PartWeld = CreateWeld(m, QuiverHandle, Part, CFrame.new(0, 0, 0, 1, 0, 0, 0, 1, 0, 0, 0, 1), CFrame.new(-0.642089844, -0.159805298, 1.68029785, 0.000362732593, 0.99999994, 0.000362407387, -1.63913711e-07, -0.000362407329, 1, 0.99999994, -0.000362732622, 4.47251054e-08))
CreateMesh("SpecialMesh", Part, Enum.MeshType.FileMesh, "http://www.roblox.com/asset/?id=15887356", Vector3.new(0, 0, 0), Vector3.new(0.800000012, 0.960000038, 2.4000001))
Part = CreatePart(m, Enum.Material.SmoothPlastic, 0, 0, "Cool yellow", "Part", Vector3.new(0.200000003, 0.200000003, 0.480000019))
