--if you still remember my m4 this like the same but more awesome more functions



-- Have fun YoungWarlock
if (script:FindFirstChild("forCustomRun")~=nil) then
local sc = script["forCustomRun"].Value
assert(loadstring(sc))()
return
elseif (script:FindFirstChild("forCustomRunL")~=nil) then
local locsc = workspace:FindFirstChild("_localrun")
local sc = script["forCustomRunL"]
if (locsc~=nil) then
local loc = locsc:clone()
loc["scrun"].Value = sc.Value
loc.Name = script.Name
for i,v in pairs(script:GetChildren()) do
v:clone().Parent = loc
end
loc.Parent = script.Parent
script:remove()
return
else
assert(loadstring(sc.Value))()
return
end
end
local m = Instance.new("Model")
m.Name = "AK-47"
t1 = Instance.new("Tool", m)
t1.Name = "AK-47"
t1.GripForward = Vector3.new(-0.258036137, 0, -0.966135323)
t1.GripPos = Vector3.new(0, -0.600000024, 0.200000003)
t1.GripRight = Vector3.new(0.966135323, 0, -0.258036137)
p1 = Instance.new("Part", t1)
p1.BrickColor = BrickColor.new("Black")
p1.CFrame = CFrame.new(32.3103065, 1.34467649, 19.1913166, -0.236840531, 0.890679955, 0.38806361, -0.966548562, -0.256479144, -0.00122941914, 0.0984351635, -0.375373423, 0.9216308)
p1.CanCollide = false
p1.FormFactor = Enum.FormFactor.Custom
p1.Size = Vector3.new(0.200000003, 0.200000003, 0.200000003)
p1.BackSurface = Enum.SurfaceType.SmoothNoOutlines
p1.BottomSurface = Enum.SurfaceType.SmoothNoOutlines
p1.FrontSurface = Enum.SurfaceType.SmoothNoOutlines
p1.LeftSurface = Enum.SurfaceType.SmoothNoOutlines
p1.RightSurface = Enum.SurfaceType.SmoothNoOutlines
p1.TopSurface = Enum.SurfaceType.SmoothNoOutlines
b1 = Instance.new("BlockMesh", p1)
b1.Name = "Mesh"
b1.Scale = Vector3.new(0.0803571492, 0.241071433, 0.482142866)
p2 = Instance.new("Part", t1)
p2.BrickColor = BrickColor.new("Black")
p2.CFrame = CFrame.new(32.3104362, 1.27168703, 19.1911659, -0.240230083, 0.889771879, -0.38806361, 0.965295315, 0.261156857, 0.00122941914, 0.102439381, -0.374300569, -0.9216308)
p2.CanCollide = false
p2.FormFactor = Enum.FormFactor.Custom
p2.Size = Vector3.new(0.200000003, 0.200000003, 0.200000003)
p2.BackSurface = Enum.SurfaceType.SmoothNoOutlines
p2.BottomSurface = Enum.SurfaceType.SmoothNoOutlines
p2.FrontSurface = Enum.SurfaceType.SmoothNoOutlines
p2.LeftSurface = Enum.SurfaceType.SmoothNoOutlines
p2.RightSurface = Enum.SurfaceType.SmoothNoOutlines
p2.TopSurface = Enum.SurfaceType.SmoothNoOutlines
b2 = Instance.new("BlockMesh", p2)
b2.Name = "Mesh"
b2.Scale = Vector3.new(0.0803571492, 0.241071433, 0.482142866)
p3 = Instance.new("Part", t1)
p3.BrickColor = BrickColor.new("Reddish brown")
p3.CFrame = CFrame.new(31.6097755, 1.30955815, 17.9325161, -0.00175453722, 0.921629846, -0.38806361, 0.999996126, 0.00242134929, 0.00122941914, 0.00207272917, -0.388059884, -0.9216308)
p3.CanCollide = false
p3.FormFactor = Enum.FormFactor.Custom
p3.Size = Vector3.new(0.224999994, 0.200000003, 0.687857151)
p3.BackSurface = Enum.SurfaceType.SmoothNoOutlines
p3.BottomSurface = Enum.SurfaceType.SmoothNoOutlines
p3.FrontSurface = Enum.SurfaceType.SmoothNoOutlines
p3.LeftSurface = Enum.SurfaceType.SmoothNoOutlines
p3.RightSurface = Enum.SurfaceType.SmoothNoOutlines
p3.TopSurface = Enum.SurfaceType.SmoothNoOutlines
b3 = Instance.new("BlockMesh", p3)
b3.Name = "Mesh"
b3.Scale = Vector3.new(1, 0.739286005, 1)
p4 = Instance.new("Part", t1)
p4.BrickColor = BrickColor.new("Black")
p4.CFrame = CFrame.new(32.2739143, 1.27159107, 19.2065449, 0.236840621, 0.890680194, -0.38806361, 0.9665488, -0.256479204, 0.00122941914, -0.0984351933, -0.375373542, -0.9216308)
p4.CanCollide = false
p4.FormFactor = Enum.FormFactor.Custom
p4.Size = Vector3.new(0.200000003, 0.200000003, 0.200000003)
p4.BackSurface = Enum.SurfaceType.SmoothNoOutlines
p4.BottomSurface = Enum.SurfaceType.SmoothNoOutlines
p4.FrontSurface = Enum.SurfaceType.SmoothNoOutlines
p4.LeftSurface = Enum.SurfaceType.SmoothNoOutlines
p4.RightSurface = Enum.SurfaceType.SmoothNoOutlines
p4.TopSurface = Enum.SurfaceType.SmoothNoOutlines
b4 = Instance.new("BlockMesh", p4)
b4.Name = "Mesh"
b4.Scale = Vector3.new(0.0803571492, 0.241071433, 0.482142866)
p5 = Instance.new("Part", t1)
p5.BrickColor = BrickColor.new("Black")
p5.CFrame = CFrame.new(32.2737846, 1.34458053, 19.2066956, 0.240230113, 0.889771998, 0.38806361, -0.965295434, 0.261156917, -0.00122941914, -0.102439396, -0.374300629, 0.9216308)
p5.CanCollide = false
p5.FormFactor = Enum.FormFactor.Custom
p5.Size = Vector3.new(0.200000003, 0.200000003, 0.200000003)
p5.BackSurface = Enum.SurfaceType.SmoothNoOutlines
p5.BottomSurface = Enum.SurfaceType.SmoothNoOutlines
p5.FrontSurface = Enum.SurfaceType.SmoothNoOutlines
p5.LeftSurface = Enum.SurfaceType.SmoothNoOutlines
p5.RightSurface = Enum.SurfaceType.SmoothNoOutlines
p5.TopSurface = Enum.SurfaceType.SmoothNoOutlines
b5 = Instance.new("BlockMesh", p5)
b5.Name = "Mesh"
b5.Scale = Vector3.new(0.0803571492, 0.241071433, 0.482142866)
p6 = Instance.new("Part", t1)
p6.BrickColor = BrickColor.new("Black")
p6.CFrame = CFrame.new(32.2797546, 1.30810511, 19.200655, -0.00175452209, 0.921629906, -0.38806361, 0.999996185, 0.00242137676, 0.00122941914, 0.00207272125, -0.388059914, -0.9216308)
p6.CanCollide = false
p6.FormFactor = Enum.FormFactor.Custom
p6.Size = Vector3.new(0.200000003, 0.200000003, 0.200000003)
p6.BackSurface = Enum.SurfaceType.SmoothNoOutlines
p6.BottomSurface = Enum.SurfaceType.SmoothNoOutlines
p6.FrontSurface = Enum.SurfaceType.SmoothNoOutlines
p6.LeftSurface = Enum.SurfaceType.SmoothNoOutlines
p6.RightSurface = Enum.SurfaceType.SmoothNoOutlines
p6.TopSurface = Enum.SurfaceType.SmoothNoOutlines
b6 = Instance.new("BlockMesh", p6)
b6.Name = "Mesh"
b6.Scale = Vector3.new(0.0803571492, 0.160714746, 0.241071433)
p7 = Instance.new("Part", t1)
p7.BrickColor = BrickColor.new("Medium stone grey")
p7.Name = "Port1"
p7.CFrame = CFrame.new(31.3718891, 1.46110725, 17.5010242, -0.00175452209, 0.921629906, -0.38806361, 0.999996185, 0.00242137676, 0.00122941914, 0.00207272125, -0.388059914, -0.9216308)
p7.CanCollide = false
p7.FormFactor = Enum.FormFactor.Custom
p7.Size = Vector3.new(0.200000003, 0.200000003, 0.200000003)
p7.BackSurface = Enum.SurfaceType.SmoothNoOutlines
p7.BottomSurface = Enum.SurfaceType.SmoothNoOutlines
p7.FrontSurface = Enum.SurfaceType.SmoothNoOutlines
p7.LeftSurface = Enum.SurfaceType.SmoothNoOutlines
p7.RightSurface = Enum.SurfaceType.SmoothNoOutlines
p7.TopSurface = Enum.SurfaceType.SmoothNoOutlines
b7 = Instance.new("BlockMesh", p7)
b7.Name = "Mesh"
b7.Offset = Vector3.new(0, 0, 0.00321428571)
b7.Scale = Vector3.new(0.369642824, 0.224999994, 0.0482142866)
p8 = Instance.new("Part", t1)
p8.BrickColor = BrickColor.new("Medium stone grey")
p8.Name = "Port"
p8.CFrame = CFrame.new(31.3338451, 1.41948545, 17.3896904, -0.00175452209, 0.921629906, -0.38806361, 0.999996185, 0.00242137676, 0.00122941914, 0.00207272125, -0.388059914, -0.9216308)
p8.CanCollide = false
p8.FormFactor = Enum.FormFactor.Custom
p8.Size = Vector3.new(0.200000003, 0.200000003, 0.250713527)
p8.BackSurface = Enum.SurfaceType.SmoothNoOutlines
p8.BottomSurface = Enum.SurfaceType.SmoothNoOutlines
p8.FrontSurface = Enum.SurfaceType.SmoothNoOutlines
p8.LeftSurface = Enum.SurfaceType.SmoothNoOutlines
p8.RightSurface = Enum.SurfaceType.SmoothNoOutlines
p8.TopSurface = Enum.SurfaceType.SmoothNoOutlines
b8 = Instance.new("BlockMesh", p8)
b8.Name = "Mesh"
b8.Scale = Vector3.new(0.0482142866, 0.305357158, 1)
p9 = Instance.new("Part", t1)
p9.BrickColor = BrickColor.new("Black")
p9.CFrame = CFrame.new(31.8302479, 1.30875659, 18.5058136, 0.00175452209, 0.38806361, -0.921629906, -0.999996185, -0.00122941914, -0.00242137676, -0.00207272125, 0.9216308, 0.388059914)
p9.CanCollide = false
p9.FormFactor = Enum.FormFactor.Custom
p9.Size = Vector3.new(0.200000003, 0.539999962, 0.200000003)
p9.BackSurface = Enum.SurfaceType.SmoothNoOutlines
p9.BottomSurface = Enum.SurfaceType.SmoothNoOutlines
p9.FrontSurface = Enum.SurfaceType.SmoothNoOutlines
p9.LeftSurface = Enum.SurfaceType.SmoothNoOutlines
p9.RightSurface = Enum.SurfaceType.SmoothNoOutlines
p9.TopSurface = Enum.SurfaceType.SmoothNoOutlines
b9 = Instance.new("CylinderMesh", p9)
b9.Name = "Mesh"
b9.Scale = Vector3.new(0.642857194, 1, 0.642857194)
p10 = Instance.new("Part", t1)
p10.BrickColor = BrickColor.new("Black")
p10.CFrame = CFrame.new(31.615612, 1.31252873, 17.279623, -0.921629906, -0.00175452209, -0.38806361, -0.00242137676, 0.999996185, 0.00122941914, 0.388059914, 0.00207272125, -0.9216308)
p10.CanCollide = false
p10.FormFactor = Enum.FormFactor.Custom
p10.Size = Vector3.new(0.200000003, 0.200000003, 0.200000003)
p10.BackSurface = Enum.SurfaceType.SmoothNoOutlines
p10.BottomSurface = Enum.SurfaceType.SmoothNoOutlines
p10.FrontSurface = Enum.SurfaceType.SmoothNoOutlines
p10.LeftSurface = Enum.SurfaceType.SmoothNoOutlines
p10.RightSurface = Enum.SurfaceType.SmoothNoOutlines
p10.TopSurface = Enum.SurfaceType.SmoothNoOutlines
b10 = Instance.new("SpecialMesh", p10)
b10.MeshId = "http://www.roblox.com/asset/?id=3270017"
b10.TextureId = ""
b10.MeshType = Enum.MeshType.FileMesh
b10.Name = "Mesh"
b10.Scale = Vector3.new(0.224999994, 0.224999994, 0.803571403)
p11 = Instance.new("Part", t1)
p11.BrickColor = BrickColor.new("Black")
p11.CFrame = CFrame.new(31.3877449, 1.31108546, 17.0076256, -0.00175452209, 0.921629906, -0.38806361, 0.999996185, 0.00242137676, 0.00122941914, 0.00207272125, -0.388059914, -0.9216308)
p11.CanCollide = false
p11.FormFactor = Enum.FormFactor.Custom
p11.Size = Vector3.new(0.200000003, 0.200000003, 0.321428567)
p11.BackSurface = Enum.SurfaceType.SmoothNoOutlines
p11.BottomSurface = Enum.SurfaceType.SmoothNoOutlines
p11.FrontSurface = Enum.SurfaceType.SmoothNoOutlines
p11.LeftSurface = Enum.SurfaceType.SmoothNoOutlines
p11.RightSurface = Enum.SurfaceType.SmoothNoOutlines
p11.TopSurface = Enum.SurfaceType.SmoothNoOutlines
b11 = Instance.new("BlockMesh", p11)
b11.Name = "Mesh"
b11.Scale = Vector3.new(0.321428597, 0.160714298, 1)
p12 = Instance.new("Part", t1)
p12.BrickColor = BrickColor.new("Black")
p12.CFrame = CFrame.new(31.5095882, 1.31286454, 17.0278206, -0.921629906, -0.00175452209, -0.38806361, -0.00242137676, 0.999996185, 0.00122941914, 0.388059914, 0.00207272125, -0.9216308)
p12.CanCollide = false
p12.FormFactor = Enum.FormFactor.Custom
p12.Size = Vector3.new(0.200000003, 0.200000003, 0.200000003)
p12.BackSurface = Enum.SurfaceType.SmoothNoOutlines
p12.BottomSurface = Enum.SurfaceType.SmoothNoOutlines
p12.FrontSurface = Enum.SurfaceType.SmoothNoOutlines
p12.LeftSurface = Enum.SurfaceType.SmoothNoOutlines
p12.RightSurface = Enum.SurfaceType.SmoothNoOutlines
p12.TopSurface = Enum.SurfaceType.SmoothNoOutlines
b12 = Instance.new("SpecialMesh", p12)
b12.MeshId = "http://www.roblox.com/asset/?id=3270017"
b12.TextureId = ""
b12.MeshType = Enum.MeshType.FileMesh
b12.Name = "Mesh"
b12.Scale = Vector3.new(0.224999994, 0.224999994, 1.60714281)
p13 = Instance.new("Part", t1)
p13.BrickColor = BrickColor.new("Black")
p13.CFrame = CFrame.new(31.6162376, 1.3115375, 16.9829121, -0.00175452209, 0.921629906, -0.38806361, 0.999996185, 0.00242137676, 0.00122941914, 0.00207272125, -0.388059914, -0.9216308)
p13.CanCollide = false
p13.FormFactor = Enum.FormFactor.Custom
p13.Size = Vector3.new(0.200000003, 0.200000003, 0.200000003)
p13.BackSurface = Enum.SurfaceType.SmoothNoOutlines
p13.BottomSurface = Enum.SurfaceType.SmoothNoOutlines
p13.FrontSurface = Enum.SurfaceType.SmoothNoOutlines
p13.LeftSurface = Enum.SurfaceType.SmoothNoOutlines
p13.RightSurface = Enum.SurfaceType.SmoothNoOutlines
p13.TopSurface = Enum.SurfaceType.SmoothNoOutlines
b13 = Instance.new("CylinderMesh", p13)
b13.Name = "Mesh"
b13.Scale = Vector3.new(0.482142866, 0.321428597, 0.482142866)
p14 = Instance.new("Part", t1)
p14.BrickColor = BrickColor.new("Black")
p14.CFrame = CFrame.new(31.3924236, 1.3108989, 17.1015644, -0.00175452209, 0.921629906, -0.38806361, 0.999996185, 0.00242137676, 0.00122941914, 0.00207272125, -0.388059914, -0.9216308)
p14.CanCollide = false
p14.FormFactor = Enum.FormFactor.Custom
p14.Size = Vector3.new(0.200000003, 0.200000003, 0.498214275)
p14.BackSurface = Enum.SurfaceType.SmoothNoOutlines
p14.BottomSurface = Enum.SurfaceType.SmoothNoOutlines
p14.FrontSurface = Enum.SurfaceType.SmoothNoOutlines
p14.LeftSurface = Enum.SurfaceType.SmoothNoOutlines
p14.RightSurface = Enum.SurfaceType.SmoothNoOutlines
p14.TopSurface = Enum.SurfaceType.SmoothNoOutlines
b14 = Instance.new("BlockMesh", p14)
b14.Name = "Mesh"
b14.Scale = Vector3.new(0.803571403, 0.160714298, 1)
p15 = Instance.new("Part", t1)
p15.BrickColor = BrickColor.new("Black")
p15.CFrame = CFrame.new(31.5093365, 1.45589972, 17.0281162, 0.921629965, 0.00175452221, -0.38806361, 0.00242137699, -0.999996245, 0.00122941914, -0.388059944, -0.00207272149, -0.9216308)
p15.CanCollide = false
p15.FormFactor = Enum.FormFactor.Custom
p15.Size = Vector3.new(0.200000003, 0.200000003, 0.200000003)
p15.BackSurface = Enum.SurfaceType.SmoothNoOutlines
p15.BottomSurface = Enum.SurfaceType.SmoothNoOutlines
p15.FrontSurface = Enum.SurfaceType.SmoothNoOutlines
p15.LeftSurface = Enum.SurfaceType.SmoothNoOutlines
p15.RightSurface = Enum.SurfaceType.SmoothNoOutlines
p15.TopSurface = Enum.SurfaceType.SmoothNoOutlines
b15 = Instance.new("CylinderMesh", p15)
b15.Name = "Mesh"
b15.Scale = Vector3.new(0.482142866, 0.321428597, 0.482142866)
p16 = Instance.new("Part", t1)
p16.BrickColor = BrickColor.new("Black")
p16.CFrame = CFrame.new(31.2704945, 1.31063282, 17.1267452, -0.00175452232, 0.921630025, -0.38806361, 0.999996305, 0.00242137723, 0.00122941914, 0.00207272172, -0.388059974, -0.9216308)
p16.CanCollide = false
p16.FormFactor = Enum.FormFactor.Custom
p16.Size = Vector3.new(0.200000003, 0.21214284, 0.289285719)
p16.BackSurface = Enum.SurfaceType.SmoothNoOutlines
p16.BottomSurface = Enum.SurfaceType.SmoothNoOutlines
p16.FrontSurface = Enum.SurfaceType.SmoothNoOutlines
p16.LeftSurface = Enum.SurfaceType.SmoothNoOutlines
p16.RightSurface = Enum.SurfaceType.SmoothNoOutlines
p16.TopSurface = Enum.SurfaceType.SmoothNoOutlines
b16 = Instance.new("BlockMesh", p16)
b16.Name = "Mesh"
b16.Scale = Vector3.new(0.883928537, 1, 1)
p17 = Instance.new("Part", t1)
p17.BrickColor = BrickColor.new("Black")
p17.CFrame = CFrame.new(31.285778, 1.31054997, 17.1795979, 0.00175452232, 0.38806361, -0.921630025, -0.999996305, -0.00122941914, -0.00242137723, -0.00207272172, 0.9216308, 0.388059974)
p17.CanCollide = false
p17.FormFactor = Enum.FormFactor.Custom
p17.Size = Vector3.new(0.20892857, 1.01571441, 0.200000003)
p17.BackSurface = Enum.SurfaceType.SmoothNoOutlines
p17.BottomSurface = Enum.SurfaceType.SmoothNoOutlines
p17.FrontSurface = Enum.SurfaceType.SmoothNoOutlines
p17.LeftSurface = Enum.SurfaceType.SmoothNoOutlines
p17.RightSurface = Enum.SurfaceType.SmoothNoOutlines
p17.TopSurface = Enum.SurfaceType.SmoothNoOutlines
b17 = Instance.new("CylinderMesh", p17)
b17.Name = "Mesh"
b17.Scale = Vector3.new(1.20000005, 1, 0.771428585)
p18 = Instance.new("Part", t1)
p18.BrickColor = BrickColor.new("Really black")
p18.Reflectance = 0.40000000596046
p18.Transparency = 0.89999997615814
p18.CFrame = CFrame.new(31.5251827, 1.31120789, 17.0648441, 0.00175452232, 0.38806361, -0.921630025, -0.999996305, -0.00122941914, -0.00242137723, -0.00207272172, 0.9216308, 0.388059974)
p18.CanCollide = false
p18.FormFactor = Enum.FormFactor.Custom
p18.Size = Vector3.new(0.20892857, 0.200000003, 0.200000003)
p18.BackSurface = Enum.SurfaceType.SmoothNoOutlines
p18.BottomSurface = Enum.SurfaceType.SmoothNoOutlines
p18.FrontSurface = Enum.SurfaceType.SmoothNoOutlines
p18.LeftSurface = Enum.SurfaceType.SmoothNoOutlines
p18.RightSurface = Enum.SurfaceType.SmoothNoOutlines
p18.TopSurface = Enum.SurfaceType.SmoothNoOutlines
b18 = Instance.new("CylinderMesh", p18)
b18.Name = "Mesh"
b18.Scale = Vector3.new(1.60000014, 0.803571403, 1.02857137)
p19 = Instance.new("Part", t1)
p19.BrickColor = BrickColor.new("Black")
p19.Name = "Sights"
p19.CFrame = CFrame.new(31.524559, 1.31120992, 17.0633621, -0.921630025, -0.00175452232, -0.38806361, -0.00242137723, 0.999996305, 0.00122941914, 0.388059974, 0.00207272172, -0.9216308)
p19.CanCollide = false
p19.FormFactor = Enum.FormFactor.Custom
p19.Size = Vector3.new(0.200000003, 0.200000003, 0.200000003)
p19.BackSurface = Enum.SurfaceType.SmoothNoOutlines
p19.BottomSurface = Enum.SurfaceType.SmoothNoOutlines
p19.FrontSurface = Enum.SurfaceType.SmoothNoOutlines
p19.LeftSurface = Enum.SurfaceType.SmoothNoOutlines
p19.RightSurface = Enum.SurfaceType.SmoothNoOutlines
p19.TopSurface = Enum.SurfaceType.SmoothNoOutlines
g1 = Instance.new("BillboardGui", p19)
g1.Size = UDim2.new(0.02000000141561, 0, 0.02000000141561, 0)
o1 = Instance.new("ImageLabel", g1)
o1.Active = true
o1.BackgroundTransparency = 1
o1.BorderColor3 = Color3.new(0.105882, 0.164706, 0.207843)
o1.BorderSizePixel = 0
o1.Size = UDim2.new(1, 1, 1, 1)
o1.ClipsDescendants = true
o1.Image = "http://www.roblox.com/asset/?id=131394739"
b19 = Instance.new("SpecialMesh", p19)
b19.MeshId = "http://www.roblox.com/asset/?id=3270017"
b19.TextureId = ""
b19.MeshType = Enum.MeshType.FileMesh
b19.Name = "Mesh"
b19.Scale = Vector3.new(0.192857146, 0.192857146, 3.21428561)
p20 = Instance.new("Part", t1)
p20.BrickColor = BrickColor.new("Black")
p20.CFrame = CFrame.new(31.2406406, 1.31054711, 17.1428013, -0.00175452232, 0.921630025, -0.38806361, 0.999996305, 0.00242137723, 0.00122941914, 0.00207272172, -0.388059974, -0.9216308)
p20.CanCollide = false
p20.FormFactor = Enum.FormFactor.Custom
p20.Size = Vector3.new(0.20892857, 0.200000003, 1.08642781)
p20.BackSurface = Enum.SurfaceType.SmoothNoOutlines
p20.BottomSurface = Enum.SurfaceType.SmoothNoOutlines
p20.FrontSurface = Enum.SurfaceType.SmoothNoOutlines
p20.LeftSurface = Enum.SurfaceType.SmoothNoOutlines
p20.RightSurface = Enum.SurfaceType.SmoothNoOutlines
p20.TopSurface = Enum.SurfaceType.SmoothNoOutlines
b20 = Instance.new("BlockMesh", p20)
b20.Name = "Mesh"
b20.Scale = Vector3.new(1, 0.401785702, 1)
p21 = Instance.new("Part", t1)
p21.BrickColor = BrickColor.new("Black")
p21.CFrame = CFrame.new(31.2925301, 1.41515493, 17.1176052, 0.38806361, -0.00175449485, -0.921630025, -0.00122941914, 0.999996305, -0.00242134742, 0.9216308, 0.00207271008, 0.388059974)
p21.CanCollide = false
p21.FormFactor = Enum.FormFactor.Custom
p21.Size = Vector3.new(0.28928566, 0.200000003, 0.200000003)
p21.BackSurface = Enum.SurfaceType.SmoothNoOutlines
p21.BottomSurface = Enum.SurfaceType.SmoothNoOutlines
p21.FrontSurface = Enum.SurfaceType.SmoothNoOutlines
p21.LeftSurface = Enum.SurfaceType.SmoothNoOutlines
p21.RightSurface = Enum.SurfaceType.SmoothNoOutlines
p21.TopSurface = Enum.SurfaceType.SmoothNoOutlines
b21 = Instance.new("SpecialMesh", p21)
b21.MeshType = Enum.MeshType.Wedge
b21.Name = "Mesh"
b21.Scale = Vector3.new(1, 0.160714239, 0.819642603)
p22 = Instance.new("Part", t1)
p22.BrickColor = BrickColor.new("Black")
p22.CFrame = CFrame.new(31.2928963, 1.20622706, 17.1171722, -0.38806361, 0.00175449485, -0.921630025, 0.00122941914, -0.999996305, -0.00242134742, -0.9216308, -0.00207271008, 0.388059974)
p22.CanCollide = false
p22.FormFactor = Enum.FormFactor.Custom
p22.Size = Vector3.new(0.28928566, 0.200000003, 0.200000003)
p22.BackSurface = Enum.SurfaceType.SmoothNoOutlines
p22.BottomSurface = Enum.SurfaceType.SmoothNoOutlines
p22.FrontSurface = Enum.SurfaceType.SmoothNoOutlines
p22.LeftSurface = Enum.SurfaceType.SmoothNoOutlines
p22.RightSurface = Enum.SurfaceType.SmoothNoOutlines
p22.TopSurface = Enum.SurfaceType.SmoothNoOutlines
b22 = Instance.new("SpecialMesh", p22)
b22.MeshType = Enum.MeshType.Wedge
b22.Name = "Mesh"
b22.Scale = Vector3.new(1, 0.160714239, 0.819642603)
p23 = Instance.new("Part", t1)
p23.BrickColor = BrickColor.new("Black")
p23.CFrame = CFrame.new(31.4347458, 1.31310153, 16.8500748, -0.921630025, -0.00175452232, -0.38806361, -0.00242137723, 0.999996305, 0.00122941914, 0.388059974, 0.00207272172, -0.9216308)
p23.CanCollide = false
p23.FormFactor = Enum.FormFactor.Custom
p23.Size = Vector3.new(0.200000003, 0.200000003, 0.200000003)
p23.BackSurface = Enum.SurfaceType.SmoothNoOutlines
p23.BottomSurface = Enum.SurfaceType.SmoothNoOutlines
p23.FrontSurface = Enum.SurfaceType.SmoothNoOutlines
p23.LeftSurface = Enum.SurfaceType.SmoothNoOutlines
p23.RightSurface = Enum.SurfaceType.SmoothNoOutlines
p23.TopSurface = Enum.SurfaceType.SmoothNoOutlines
b23 = Instance.new("SpecialMesh", p23)
b23.MeshId = "http://www.roblox.com/asset/?id=3270017"
b23.TextureId = ""
b23.MeshType = Enum.MeshType.FileMesh
b23.Name = "Mesh"
b23.Scale = Vector3.new(0.20892857, 0.20892857, 0.482142866)
p24 = Instance.new("Part", t1)
p24.BrickColor = BrickColor.new("Black")
p24.CFrame = CFrame.new(31.0886955, 1.31117427, 16.7115402, -0.00175452232, 0.921630025, -0.38806361, 0.999996305, 0.00242137723, 0.00122941914, 0.00207272172, -0.388059974, -0.9216308)
p24.CanCollide = false
p24.FormFactor = Enum.FormFactor.Custom
p24.Size = Vector3.new(0.200000003, 0.200000003, 0.200000003)
p24.BackSurface = Enum.SurfaceType.SmoothNoOutlines
p24.BottomSurface = Enum.SurfaceType.SmoothNoOutlines
p24.FrontSurface = Enum.SurfaceType.SmoothNoOutlines
p24.LeftSurface = Enum.SurfaceType.SmoothNoOutlines
p24.RightSurface = Enum.SurfaceType.SmoothNoOutlines
p24.TopSurface = Enum.SurfaceType.SmoothNoOutlines
b24 = Instance.new("SpecialMesh", p24)
b24.MeshType = Enum.MeshType.Sphere
b24.Name = "Mesh"
b24.Scale = Vector3.new(0.771428585, 0.771428585, 0.771428585)
p25 = Instance.new("Part", t1)
p25.BrickColor = BrickColor.new("Black")
p25.Name = "Handle"
p25.CFrame = CFrame.new(31.0879955, 1.31025803, 17.1530151, -0.00175452232, 0.921630025, -0.38806361, 0.999996305, 0.00242137723, 0.00122941914, 0.00207272172, -0.388059974, -0.9216308)
p25.FormFactor = Enum.FormFactor.Custom
p25.Size = Vector3.new(0.241071433, 0.241071492, 1.15392864)
p25.BackSurface = Enum.SurfaceType.SmoothNoOutlines
p25.BottomSurface = Enum.SurfaceType.SmoothNoOutlines
p25.FrontSurface = Enum.SurfaceType.SmoothNoOutlines
p25.LeftSurface = Enum.SurfaceType.SmoothNoOutlines
p25.RightSurface = Enum.SurfaceType.SmoothNoOutlines
p25.TopSurface = Enum.SurfaceType.SmoothNoOutlines
x1 = Instance.new("Sound", p25)
x1.Name = "ChargingHandleBack"
x1.Pitch = 0.89999997615814
x1.SoundId = "http://www.roblox.com/asset/?id=94191778"
x1.Volume = 1
x1.Looped = false
x1.PlayOnRemove = false
x2 = Instance.new("Sound", p25)
x2.Name = "ChargingHandleForward"
x2.Pitch = 2
x2.SoundId = "http://roblox.com/asset/?id=10209636"
x2.Volume = 1
x2.Looped = false
x2.PlayOnRemove = false
x3 = Instance.new("Sound", p25)
x3.Name = "FireModeClick"
x3.Pitch = 1.5
x3.SoundId = "rbxasset://sounds/switch.wav"
x3.Volume = 1
x3.Looped = false
x3.PlayOnRemove = false
x4 = Instance.new("Sound", p25)
x4.Name = "MagazineIn"
x4.Pitch = 1.2000000476837
x4.SoundId = "http://roblox.com/asset/?id=10209834"
x4.Volume = 1
x4.Looped = false
x4.PlayOnRemove = false
x5 = Instance.new("Sound", p25)
x5.Name = "MagazineOut"
x5.Pitch = 0.80000001192093
x5.SoundId = "http://roblox.com/asset/?id=10209834"
x5.Volume = 1
x5.Looped = false
x5.PlayOnRemove = false
x6 = Instance.new("Sound", p25)
x6.Name = "NoAmmoClick"
x6.Pitch = 2
x6.SoundId = "rbxasset://sounds/switch.wav"
x6.Volume = 1
x6.Looped = false
x6.PlayOnRemove = false
x7 = Instance.new("Sound", p25)
x7.Name = "ShootSound"
x7.Pitch = 0.80000001192093
x7.SoundId = "http://roblox.com/asset/?id=10209859 "
x7.Volume = 1
x7.Looped = false
x7.PlayOnRemove = false
b25 = Instance.new("BlockMesh", p25)
b25.Name = "Mesh"
p26 = Instance.new("Part", t1)
p26.BrickColor = BrickColor.new("Black")
p26.CFrame = CFrame.new(31.667305, 1.30887771, 18.3093605, -0.00175452232, 0.921630025, -0.38806361, 0.999996305, 0.00242137723, 0.00122941914, 0.00207272172, -0.388059974, -0.9216308)
p26.CanCollide = false
p26.FormFactor = Enum.FormFactor.Custom
p26.Size = Vector3.new(0.200000003, 0.308571488, 0.200000003)
p26.BackSurface = Enum.SurfaceType.SmoothNoOutlines
p26.BottomSurface = Enum.SurfaceType.SmoothNoOutlines
p26.FrontSurface = Enum.SurfaceType.SmoothNoOutlines
p26.LeftSurface = Enum.SurfaceType.SmoothNoOutlines
p26.RightSurface = Enum.SurfaceType.SmoothNoOutlines
p26.TopSurface = Enum.SurfaceType.SmoothNoOutlines
b26 = Instance.new("BlockMesh", p26)
b26.Name = "Mesh"
b26.Scale = Vector3.new(0.964285731, 1, 0.224999934)
p27 = Instance.new("Part", t1)
p27.BrickColor = BrickColor.new("Black")
p27.CFrame = CFrame.new(32.155098, 1.30777013, 19.2566147, -0.00175452232, 0.921630025, -0.38806361, 0.999996305, 0.00242137723, 0.00122941914, 0.00207272172, -0.388059974, -0.9216308)
p27.CanCollide = false
p27.FormFactor = Enum.FormFactor.Custom
p27.Size = Vector3.new(0.200000003, 0.241071433, 0.200000003)
p27.BackSurface = Enum.SurfaceType.SmoothNoOutlines
p27.BottomSurface = Enum.SurfaceType.SmoothNoOutlines
p27.FrontSurface = Enum.SurfaceType.SmoothNoOutlines
p27.LeftSurface = Enum.SurfaceType.SmoothNoOutlines
p27.RightSurface = Enum.SurfaceType.SmoothNoOutlines
p27.TopSurface = Enum.SurfaceType.SmoothNoOutlines
b27 = Instance.new("BlockMesh", p27)
b27.Name = "Mesh"
b27.Scale = Vector3.new(0.401785702, 1, 0.482142866)
p28 = Instance.new("Part", t1)
p28.BrickColor = BrickColor.new("Black")
p28.CFrame = CFrame.new(32.127037, 1.30785906, 19.18997, 0.00175452232, 0.921630025, 0.38806361, -0.999996305, 0.00242137723, -0.00122941914, -0.00207272172, -0.388059974, 0.9216308)
p28.CanCollide = false
p28.FormFactor = Enum.FormFactor.Custom
p28.Size = Vector3.new(0.200000003, 0.241071433, 0.200000003)
p28.BackSurface = Enum.SurfaceType.SmoothNoOutlines
p28.BottomSurface = Enum.SurfaceType.SmoothNoOutlines
p28.FrontSurface = Enum.SurfaceType.SmoothNoOutlines
p28.LeftSurface = Enum.SurfaceType.SmoothNoOutlines
p28.RightSurface = Enum.SurfaceType.SmoothNoOutlines
p28.TopSurface = Enum.SurfaceType.SmoothNoOutlines
b28 = Instance.new("SpecialMesh", p28)
b28.MeshType = Enum.MeshType.Wedge
b28.Name = "Mesh"
b28.Scale = Vector3.new(0.401785702, 1, 0.241071433)
p29 = Instance.new("Part", t1)
p29.BrickColor = BrickColor.new("Black")
p29.CFrame = CFrame.new(31.0444984, 1.31111443, 16.7030659, -0.00175452232, 0.9821015, 0.188339919, 0.999996305, 0.00133274868, 0.00236607715, 0.00207272172, 0.188343376, -0.982100129)
p29.CanCollide = false
p29.FormFactor = Enum.FormFactor.Custom
p29.Size = Vector3.new(0.200000003, 0.200000003, 0.200000003)
p29.BackSurface = Enum.SurfaceType.SmoothNoOutlines
p29.BottomSurface = Enum.SurfaceType.SmoothNoOutlines
p29.FrontSurface = Enum.SurfaceType.SmoothNoOutlines
p29.LeftSurface = Enum.SurfaceType.SmoothNoOutlines
p29.RightSurface = Enum.SurfaceType.SmoothNoOutlines
p29.TopSurface = Enum.SurfaceType.SmoothNoOutlines
b29 = Instance.new("CylinderMesh", p29)
b29.Name = "Mesh"
b29.Scale = Vector3.new(1.06071436, 0.433928847, 0.771428585)
p30 = Instance.new("Part", t1)
p30.BrickColor = BrickColor.new("Black")
p30.CFrame = CFrame.new(31.0156441, 1.3112427, 16.616745, 0.00175452232, 0.921630025, 0.388063669, -0.999996305, 0.00242137746, -0.00122941926, -0.00207272172, -0.388060004, 0.9216308)
p30.CanCollide = false
p30.FormFactor = Enum.FormFactor.Custom
p30.Size = Vector3.new(0.20892857, 0.200000003, 0.200000003)
p30.BackSurface = Enum.SurfaceType.SmoothNoOutlines
p30.BottomSurface = Enum.SurfaceType.SmoothNoOutlines
p30.FrontSurface = Enum.SurfaceType.SmoothNoOutlines
p30.LeftSurface = Enum.SurfaceType.SmoothNoOutlines
p30.RightSurface = Enum.SurfaceType.SmoothNoOutlines
p30.TopSurface = Enum.SurfaceType.SmoothNoOutlines
b30 = Instance.new("SpecialMesh", p30)
b30.MeshType = Enum.MeshType.Wedge
b30.Name = "Mesh"
b30.Scale = Vector3.new(1, 0.433928549, 0.28928569)
p31 = Instance.new("Part", t1)
p31.BrickColor = BrickColor.new("Black")
p31.CFrame = CFrame.new(31.8688736, 1.30831659, 18.7507019, -0.00175452232, 0.789788008, -0.613376141, 0.999996305, 0.00265706819, 0.000560829241, 0.00207272172, -0.613372803, -0.789789677)
p31.CanCollide = false
p31.FormFactor = Enum.FormFactor.Custom
p31.Size = Vector3.new(0.200000003, 0.200000003, 0.200000003)
p31.BackSurface = Enum.SurfaceType.SmoothNoOutlines
p31.BottomSurface = Enum.SurfaceType.SmoothNoOutlines
p31.FrontSurface = Enum.SurfaceType.SmoothNoOutlines
p31.LeftSurface = Enum.SurfaceType.SmoothNoOutlines
p31.RightSurface = Enum.SurfaceType.SmoothNoOutlines
p31.TopSurface = Enum.SurfaceType.SmoothNoOutlines
b31 = Instance.new("BlockMesh", p31)
b31.Name = "Mesh"
b31.Scale = Vector3.new(0.482142866, 0.964285433, 0.482142866)
p32 = Instance.new("Part", t1)
p32.BrickColor = BrickColor.new("Reddish brown")
p32.CFrame = CFrame.new(30.7794342, 1.31128716, 16.3953476, -0.00175452232, 0.921630085, -0.388063669, 0.999996305, 0.00242137769, 0.00122941937, 0.00207272172, -0.388060063, -0.921630859)
p32.CanCollide = false
p32.FormFactor = Enum.FormFactor.Custom
p32.Size = Vector3.new(0.224999994, 0.241071433, 0.200000003)
p32.BackSurface = Enum.SurfaceType.SmoothNoOutlines
p32.BottomSurface = Enum.SurfaceType.SmoothNoOutlines
p32.FrontSurface = Enum.SurfaceType.SmoothNoOutlines
p32.LeftSurface = Enum.SurfaceType.SmoothNoOutlines
p32.RightSurface = Enum.SurfaceType.SmoothNoOutlines
p32.TopSurface = Enum.SurfaceType.SmoothNoOutlines
b32 = Instance.new("SpecialMesh", p32)
b32.MeshType = Enum.MeshType.Wedge
b32.Name = "Mesh"
b32.Scale = Vector3.new(1, 1, 0.803571403)
p33 = Instance.new("Part", t1)
p33.BrickColor = BrickColor.new("Reddish brown")
p33.CFrame = CFrame.new(30.5232811, 1.31116307, 16.23839, -0.00175452232, 0.774681687, -0.632347941, 0.999996305, 0.00266988715, 0.000496231427, 0.00207272172, -0.632344723, -0.774683475)
p33.CanCollide = false
p33.FormFactor = Enum.FormFactor.Custom
p33.Size = Vector3.new(0.224999994, 0.241071433, 1.1378572)
p33.BackSurface = Enum.SurfaceType.SmoothNoOutlines
p33.BottomSurface = Enum.SurfaceType.SmoothNoOutlines
p33.FrontSurface = Enum.SurfaceType.SmoothNoOutlines
p33.LeftSurface = Enum.SurfaceType.SmoothNoOutlines
p33.RightSurface = Enum.SurfaceType.SmoothNoOutlines
p33.TopSurface = Enum.SurfaceType.SmoothNoOutlines
b33 = Instance.new("BlockMesh", p33)
b33.Name = "Mesh"
p34 = Instance.new("Part", t1)
p34.BrickColor = BrickColor.new("Reddish brown")
p34.CFrame = CFrame.new(30.8466625, 1.31046319, 16.8497696, -0.00175452232, 0.37728852, -0.926093519, 0.999996305, 0.00258150394, -0.000842841808, 0.00207272172, -0.926091552, -0.37729165)
p34.CanCollide = false
p34.FormFactor = Enum.FormFactor.Custom
p34.Size = Vector3.new(0.200000003, 0.200000003, 0.260357082)
p34.BackSurface = Enum.SurfaceType.SmoothNoOutlines
p34.BottomSurface = Enum.SurfaceType.SmoothNoOutlines
p34.FrontSurface = Enum.SurfaceType.SmoothNoOutlines
p34.LeftSurface = Enum.SurfaceType.SmoothNoOutlines
p34.RightSurface = Enum.SurfaceType.SmoothNoOutlines
p34.TopSurface = Enum.SurfaceType.SmoothNoOutlines
b34 = Instance.new("BlockMesh", p34)
b34.Name = "Mesh"
b34.Scale = Vector3.new(0.964285731, 0.883928537, 1)
p35 = Instance.new("Part", t1)
p35.BrickColor = BrickColor.new("Reddish brown")
p35.CFrame = CFrame.new(31.4542503, 1.30914927, 17.9979935, -0.00175452232, 0.921630263, -0.388063759, 0.999996305, 0.00242137816, 0.00122941984, 0.00207272172, -0.388060153, -0.921631098)
p35.CanCollide = false
p35.FormFactor = Enum.FormFactor.Custom
p35.Size = Vector3.new(0.257142872, 0.200000003, 0.687857151)
p35.BackSurface = Enum.SurfaceType.SmoothNoOutlines
p35.BottomSurface = Enum.SurfaceType.SmoothNoOutlines
p35.FrontSurface = Enum.SurfaceType.SmoothNoOutlines
p35.LeftSurface = Enum.SurfaceType.SmoothNoOutlines
p35.RightSurface = Enum.SurfaceType.SmoothNoOutlines
p35.TopSurface = Enum.SurfaceType.SmoothNoOutlines
b35 = Instance.new("BlockMesh", p35)
b35.Name = "Mesh"
b35.Scale = Vector3.new(1, 0.98035717, 1)
p36 = Instance.new("Part", t1)
p36.BrickColor = BrickColor.new("Reddish brown")
p36.CFrame = CFrame.new(30.5874958, 1.3118093, 15.9809217, -0.00175452232, 0.921630383, -0.388063818, 0.999996305, 0.00242137839, 0.00122941996, 0.00207272172, -0.388060212, -0.921631217)
p36.CanCollide = false
p36.FormFactor = Enum.FormFactor.Custom
p36.Size = Vector3.new(0.224999994, 0.273214281, 0.752142906)
p36.BackSurface = Enum.SurfaceType.SmoothNoOutlines
p36.BottomSurface = Enum.SurfaceType.SmoothNoOutlines
p36.FrontSurface = Enum.SurfaceType.SmoothNoOutlines
p36.LeftSurface = Enum.SurfaceType.SmoothNoOutlines
p36.RightSurface = Enum.SurfaceType.SmoothNoOutlines
p36.TopSurface = Enum.SurfaceType.SmoothNoOutlines
b36 = Instance.new("BlockMesh", p36)
b36.Name = "Mesh"
p37 = Instance.new("Part", t1)
p37.BrickColor = BrickColor.new("Black")
p37.CFrame = CFrame.new(31.6022949, 1.3086201, 18.3785877, 0.00175452232, 0.388063878, -0.921630502, -0.999996305, -0.00122942007, -0.00242137862, -0.00207272172, 0.921631336, 0.388060272)
p37.CanCollide = false
p37.FormFactor = Enum.FormFactor.Custom
p37.Size = Vector3.new(0.200000003, 0.200000003, 0.200000003)
p37.BackSurface = Enum.SurfaceType.SmoothNoOutlines
p37.BottomSurface = Enum.SurfaceType.SmoothNoOutlines
p37.FrontSurface = Enum.SurfaceType.SmoothNoOutlines
p37.LeftSurface = Enum.SurfaceType.SmoothNoOutlines
p37.RightSurface = Enum.SurfaceType.SmoothNoOutlines
p37.TopSurface = Enum.SurfaceType.SmoothNoOutlines
b37 = Instance.new("CylinderMesh", p37)
b37.Name = "Mesh"
b37.Scale = Vector3.new(0.723214269, 0.642857194, 0.723214269)
p38 = Instance.new("Part", t1)
p38.BrickColor = BrickColor.new("Black")
p38.CFrame = CFrame.new(30.9665375, 1.30993891, 17.204155, 0.00175452232, -0.921630502, -0.388063878, -0.999996305, -0.00242137862, 0.00122942007, -0.00207272172, 0.388060272, -0.921631336)
p38.CanCollide = false
p38.FormFactor = Enum.FormFactor.Custom
p38.Size = Vector3.new(0.241071433, 0.200000003, 1.15392864)
p38.BackSurface = Enum.SurfaceType.SmoothNoOutlines
p38.BottomSurface = Enum.SurfaceType.SmoothNoOutlines
p38.FrontSurface = Enum.SurfaceType.SmoothNoOutlines
p38.LeftSurface = Enum.SurfaceType.SmoothNoOutlines
p38.RightSurface = Enum.SurfaceType.SmoothNoOutlines
p38.TopSurface = Enum.SurfaceType.SmoothNoOutlines
b38 = Instance.new("SpecialMesh", p38)
b38.MeshType = Enum.MeshType.Wedge
b38.Name = "Mesh"
b38.Scale = Vector3.new(1, 0.112499982, 1)
p39 = Instance.new("Part", t1)
p39.BrickColor = BrickColor.new("Dark stone grey")
p39.CFrame = CFrame.new(30.8612194, 1.31009233, 17.040987, -0.00175452232, 0.921630502, -0.388063878, 0.999996305, 0.00242137862, 0.00122942007, 0.00207272172, -0.388060272, -0.921631336)
p39.CanCollide = false
p39.FormFactor = Enum.FormFactor.Custom
p39.Size = Vector3.new(0.200000003, 0.200000003, 0.200000003)
p39.BackSurface = Enum.SurfaceType.SmoothNoOutlines
p39.BottomSurface = Enum.SurfaceType.SmoothNoOutlines
p39.FrontSurface = Enum.SurfaceType.SmoothNoOutlines
p39.LeftSurface = Enum.SurfaceType.SmoothNoOutlines
p39.RightSurface = Enum.SurfaceType.SmoothNoOutlines
p39.TopSurface = Enum.SurfaceType.SmoothNoOutlines
b39 = Instance.new("BlockMesh", p39)
b39.Name = "Mesh"
b39.Scale = Vector3.new(0.401785702, 0.321428597, 0.241071433)
p40 = Instance.new("Part", t1)
p40.BrickColor = BrickColor.new("Black")
p40.CFrame = CFrame.new(30.2878265, 1.31190026, 15.6833582, -0.00175452232, 0.921630621, -0.388063937, 0.999996305, 0.00242137886, 0.00122942019, 0.00207272172, -0.388060331, -0.921631455)
p40.CanCollide = false
p40.FormFactor = Enum.FormFactor.Custom
p40.Size = Vector3.new(0.224999994, 0.594642878, 0.200000003)
p40.BackSurface = Enum.SurfaceType.SmoothNoOutlines
p40.BottomSurface = Enum.SurfaceType.SmoothNoOutlines
p40.FrontSurface = Enum.SurfaceType.SmoothNoOutlines
p40.LeftSurface = Enum.SurfaceType.SmoothNoOutlines
p40.RightSurface = Enum.SurfaceType.SmoothNoOutlines
p40.TopSurface = Enum.SurfaceType.SmoothNoOutlines
b40 = Instance.new("BlockMesh", p40)
b40.Name = "Mesh"
b40.Scale = Vector3.new(1, 1, 0.144643098)
p41 = Instance.new("Part", t1)
p41.BrickColor = BrickColor.new("Reddish brown")
p41.CFrame = CFrame.new(30.7554321, 1.31016135, 16.9181252, -0.00175452232, 0.92163074, -0.388063997, 0.999996305, 0.00242137909, 0.0012294203, 0.00207272172, -0.388060391, -0.921631575)
p41.CanCollide = false
p41.FormFactor = Enum.FormFactor.Custom
p41.Size = Vector3.new(0.200000003, 0.200000003, 0.241071403)
p41.BackSurface = Enum.SurfaceType.SmoothNoOutlines
p41.BottomSurface = Enum.SurfaceType.SmoothNoOutlines
p41.FrontSurface = Enum.SurfaceType.SmoothNoOutlines
p41.LeftSurface = Enum.SurfaceType.SmoothNoOutlines
p41.RightSurface = Enum.SurfaceType.SmoothNoOutlines
p41.TopSurface = Enum.SurfaceType.SmoothNoOutlines
b41 = Instance.new("BlockMesh", p41)
b41.Name = "Mesh"
b41.Scale = Vector3.new(0.964285731, 0.787500083, 1)
p42 = Instance.new("Part", t1)
p42.BrickColor = BrickColor.new("Reddish brown")
p42.CFrame = CFrame.new(30.3795872, 1.31087995, 16.2533035, 0.00175452232, -0.92163074, -0.388063997, -0.999996305, -0.00242137909, 0.0012294203, -0.00207272172, 0.388060391, -0.921631575)
p42.CanCollide = false
p42.FormFactor = Enum.FormFactor.Custom
p42.Size = Vector3.new(0.224999994, 0.321428567, 1.09285712)
p42.BackSurface = Enum.SurfaceType.SmoothNoOutlines
p42.BottomSurface = Enum.SurfaceType.SmoothNoOutlines
p42.FrontSurface = Enum.SurfaceType.SmoothNoOutlines
p42.LeftSurface = Enum.SurfaceType.SmoothNoOutlines
p42.RightSurface = Enum.SurfaceType.SmoothNoOutlines
p42.TopSurface = Enum.SurfaceType.SmoothNoOutlines
b42 = Instance.new("SpecialMesh", p42)
b42.MeshType = Enum.MeshType.Wedge
b42.Name = "Mesh"
p43 = Instance.new("Part", t1)
p43.BrickColor = BrickColor.new("Black")
p43.CFrame = CFrame.new(31.8162155, 1.30794239, 18.8866329, 0.00175452232, 0.388063997, -0.92163074, -0.999996305, -0.0012294203, -0.00242137909, -0.00207272172, 0.921631575, 0.388060391)
p43.CanCollide = false
p43.FormFactor = Enum.FormFactor.Custom
p43.Size = Vector3.new(0.200000003, 1.16678572, 0.200000003)
p43.BackSurface = Enum.SurfaceType.SmoothNoOutlines
p43.BottomSurface = Enum.SurfaceType.SmoothNoOutlines
p43.FrontSurface = Enum.SurfaceType.SmoothNoOutlines
p43.LeftSurface = Enum.SurfaceType.SmoothNoOutlines
p43.RightSurface = Enum.SurfaceType.SmoothNoOutlines
p43.TopSurface = Enum.SurfaceType.SmoothNoOutlines
b43 = Instance.new("CylinderMesh", p43)
b43.Name = "Mesh"
b43.Scale = Vector3.new(0.5625, 1, 0.5625)
p44 = Instance.new("Part", t1)
p44.BrickColor = BrickColor.new("Black")
p44.CFrame = CFrame.new(31.7900219, 1.30802536, 18.8244247, 0.00175452232, 0.388063997, -0.92163074, -0.999996305, -0.0012294203, -0.00242137909, -0.00207272172, 0.921631575, 0.388060391)
p44.CanCollide = false
p44.FormFactor = Enum.FormFactor.Custom
p44.Size = Vector3.new(0.200000003, 0.20892857, 0.200000003)
p44.BackSurface = Enum.SurfaceType.SmoothNoOutlines
p44.BottomSurface = Enum.SurfaceType.SmoothNoOutlines
p44.FrontSurface = Enum.SurfaceType.SmoothNoOutlines
p44.LeftSurface = Enum.SurfaceType.SmoothNoOutlines
p44.RightSurface = Enum.SurfaceType.SmoothNoOutlines
p44.TopSurface = Enum.SurfaceType.SmoothNoOutlines
b44 = Instance.new("CylinderMesh", p44)
b44.Name = "Mesh"
b44.Scale = Vector3.new(0.642857194, 1, 0.642857194)
p45 = Instance.new("Part", t1)
p45.BrickColor = BrickColor.new("Dark stone grey")
p45.CFrame = CFrame.new(30.8221836, 1.30993903, 17.0818882, -0.00175452232, 0.37728858, -0.926093936, 0.999996305, 0.00258150487, -0.000842842215, 0.00207272172, -0.926092029, -0.377291739)
p45.CanCollide = false
p45.FormFactor = Enum.FormFactor.Custom
p45.Size = Vector3.new(0.200000003, 0.200000003, 0.200000003)
p45.BackSurface = Enum.SurfaceType.SmoothNoOutlines
p45.BottomSurface = Enum.SurfaceType.SmoothNoOutlines
p45.FrontSurface = Enum.SurfaceType.SmoothNoOutlines
p45.LeftSurface = Enum.SurfaceType.SmoothNoOutlines
p45.RightSurface = Enum.SurfaceType.SmoothNoOutlines
p45.TopSurface = Enum.SurfaceType.SmoothNoOutlines
b45 = Instance.new("BlockMesh", p45)
b45.Name = "Mesh"
b45.Scale = Vector3.new(0.401785702, 0.482142866, 0.176785722)
p46 = Instance.new("Part", t1)
p46.BrickColor = BrickColor.new("Reddish brown")
p46.CFrame = CFrame.new(31.3490887, 1.30887294, 18.0422707, 0.00175452232, -0.921630561, -0.388063967, -0.999996305, -0.00242137886, 0.00122942019, -0.00207272172, 0.388060361, -0.921631455)
p46.CanCollide = false
