-------------
--Archangel--
-------------
--By	   --
--CKBackup --
-------------

player = game.Players.LocalPlayer
chara = player.Character
debby = game:GetService("Debris")

--Outfit--

New = function(Object, Parent, Name, Data)
	local Object = Instance.new(Object)
	for Index, Value in pairs(Data or {}) do
		Object[Index] = Value
	end
	Object.Parent = Parent
	Object.Name = Name
	return Object
end
	
Chest = New("Model",chara,"Chest",{})
MainPart = New("Part",Chest,"MainPart",{BrickColor = BrickColor.new("Institutional white"),Material = Enum.Material.SmoothPlastic,Size = Vector3.new(2, 2.00000024, 1),CFrame = CFrame.new(-2, 24.0000038, -9.49999332, 1, 0, 0, 0, 1.00000036, 0, 0, 0, 1.00000036),CanCollide = false,BackSurface = Enum.SurfaceType.SmoothNoOutlines,BottomSurface = Enum.SurfaceType.SmoothNoOutlines,FrontSurface = Enum.SurfaceType.SmoothNoOutlines,LeftSurface = Enum.SurfaceType.SmoothNoOutlines,RightSurface = Enum.SurfaceType.SmoothNoOutlines,TopSurface = Enum.SurfaceType.SmoothNoOutlines,Color = Color3.new(0.972549, 0.972549, 0.972549),})
Weld = New("ManualWeld",MainPart,"Weld",{Part0 = MainPart,Part1 = chara.Torso,C0 = CFrame.new(0, 0, 0, 1, 0, 0, 0, 1.00000036, 0, 0, 0, 1.00000036),C1 = CFrame.new(0, 1.90734863e-006, 6.67572021e-006, 1, 0, 0, 0, 1, 0, 0, 0, 1),})
Part = New("WedgePart",Chest,"Part",{BrickColor = BrickColor.new("Institutional white"),Material = Enum.Material.SmoothPlastic,Size = Vector3.new(0.200000003, 4.4000001, 0.800000012),CFrame = CFrame.new(-0.600000024, 23.3807621, -7.38075256, 0, 0, -0.99999994, 0.707106948, 0.707107484, 0, 0.707107484, -0.707106948, 0),CanCollide = false,BackSurface = Enum.SurfaceType.SmoothNoOutlines,BottomSurface = Enum.SurfaceType.SmoothNoOutlines,FrontSurface = Enum.SurfaceType.SmoothNoOutlines,LeftSurface = Enum.SurfaceType.SmoothNoOutlines,RightSurface = Enum.SurfaceType.SmoothNoOutlines,TopSurface = Enum.SurfaceType.SmoothNoOutlines,Color = Color3.new(0.972549, 0.972549, 0.972549),})
Weld = New("ManualWeld",Part,"Weld",{Part0 = Part,Part1 = MainPart,C0 = CFrame.new(0, 0, 0, 0, 0.707106471, 0.707107008, 0, 0.707107008, -0.707106471, -0.99999994, 0, 0),C1 = CFrame.new(1.39999998, -0.619241714, 2.11924028, 1, 0, 0, 0, 1.00000036, 0, 0, 0, 1.00000036),})
Part = New("Part",Chest,"Part",{BrickColor = BrickColor.new("New Yeller"),Material = Enum.Material.Neon,Size = Vector3.new(0.200000003, 0.200000003, 1.79999995),CFrame = CFrame.new(-0.299993277, 21.6071854, -9.09998989, 0.866024911, -0.500000834, 0, 0.500001192, 0.866025507, 0, 0, 0, 1.00000072),CanCollide = false,BackSurface = Enum.SurfaceType.SmoothNoOutlines,BottomSurface = Enum.SurfaceType.SmoothNoOutlines,FrontSurface = Enum.SurfaceType.SmoothNoOutlines,LeftSurface = Enum.SurfaceType.SmoothNoOutlines,RightSurface = Enum.SurfaceType.SmoothNoOutlines,TopSurface = Enum.SurfaceType.SmoothNoOutlines,Color = Color3.new(1, 1, 0),})
Mesh = New("BlockMesh",Part,"Mesh",{Scale = Vector3.new(1.00999999, 1.00999999, 1.00999999),})
Weld = New("ManualWeld",Part,"Weld",{Part0 = Part,Part1 = MainPart,C0 = CFrame.new(0, 0, 0, 0.866024911, 0.500000834, 0, -0.500000834, 0.866024911, 0, 0, 0, 1),C1 = CFrame.new(1.70000672, -2.39281845, 0.400003433, 1, 0, 0, 0, 1.00000036, 0, 0, 0, 1.00000036),})
Part = New("Part",Chest,"Part",{BrickColor = BrickColor.new("New Yeller"),Material = Enum.Material.Neon,Size = Vector3.new(0.200000003, 0.200000003, 1.79999995),CFrame = CFrame.new(-3.6999929, 21.6071854, -9.09998989, 0.499998927, -0.866026044, 0, 0.86602664, 0.499999285, 0, 0, 0, 1.00000072),CanCollide = false,BackSurface = Enum.SurfaceType.SmoothNoOutlines,BottomSurface = Enum.SurfaceType.SmoothNoOutlines,FrontSurface = Enum.SurfaceType.SmoothNoOutlines,LeftSurface = Enum.SurfaceType.SmoothNoOutlines,RightSurface = Enum.SurfaceType.SmoothNoOutlines,TopSurface = Enum.SurfaceType.SmoothNoOutlines,Color = Color3.new(1, 1, 0),})
Mesh = New("BlockMesh",Part,"Mesh",{Scale = Vector3.new(1.00999999, 1.00999999, 1.00999999),})
Weld = New("ManualWeld",Part,"Weld",{Part0 = Part,Part1 = MainPart,C0 = CFrame.new(0, 0, 0, 0.499998927, 0.866026044, 0, -0.866026044, 0.499998927, 0, 0, 0, 1),C1 = CFrame.new(-1.6999929, -2.39281845, 0.400003433, 1, 0, 0, 0, 1.00000036, 0, 0, 0, 1.00000036),})
Part = New("Part",Chest,"Part",{BrickColor = BrickColor.new("Institutional white"),Material = Enum.Material.SmoothPlastic,Size = Vector3.new(0.200000003, 0.200000003, 2),CFrame = CFrame.new(-2, 24.9000034, -8.89999294, 0, 0, -1, 0, 1.00000072, -0, 1.00000072, 0, -0),CanCollide = false,BackSurface = Enum.SurfaceType.SmoothNoOutlines,BottomSurface = Enum.SurfaceType.SmoothNoOutlines,FrontSurface = Enum.SurfaceType.SmoothNoOutlines,LeftSurface = Enum.SurfaceType.SmoothNoOutlines,RightSurface = Enum.SurfaceType.SmoothNoOutlines,TopSurface = Enum.SurfaceType.SmoothNoOutlines,Color = Color3.new(0.972549, 0.972549, 0.972549),})
Weld = New("ManualWeld",Part,"Weld",{Part0 = Part,Part1 = MainPart,C0 = CFrame.new(0, 0, 0, 0, 0, 1, 0, 1, 0, -1, -0, -0),C1 = CFrame.new(0, 0.899999619, 0.600000381, 1, 0, 0, 0, 1.00000036, 0, 0, 0, 1.00000036),})
Part = New("Part",Chest,"Part",{BrickColor = BrickColor.new("New Yeller"),Material = Enum.Material.Neon,Size = Vector3.new(0.200000003, 0.200000003, 3.5999999),CFrame = CFrame.new(-1.99999106, 21.6071815, -8.29999733, 4.27941371e-009, -1.59710094e-008, 1, 0.866026163, 0.500000119, 4.27942259e-009, -0.500000119, 0.866026163, 1.59710236e-008),CanCollide = false,BackSurface = Enum.SurfaceType.SmoothNoOutlines,BottomSurface = Enum.SurfaceType.SmoothNoOutlines,FrontSurface = Enum.SurfaceType.SmoothNoOutlines,LeftSurface = Enum.SurfaceType.SmoothNoOutlines,RightSurface = Enum.SurfaceType.SmoothNoOutlines,TopSurface = Enum.SurfaceType.SmoothNoOutlines,Color = Color3.new(1, 1, 0),})
Mesh = New("BlockMesh",Part,"Mesh",{Scale = Vector3.new(1.00999999, 1.00999999, 1.00999999),})
Weld = New("ManualWeld",Part,"Weld",{Part0 = Part,Part1 = MainPart,C0 = CFrame.new(0, 0, 0, 4.27941371e-009, 0.866025567, -0.499999762, -1.59710094e-008, 0.499999762, 0.866025567, 1, 4.27941993e-009, 1.5971013e-008),C1 = CFrame.new(8.94069672e-006, -2.39282227, 1.19999504, 1, 0, 0, 0, 1.00000036, 0, 0, 0, 1.00000036),})
Part = New("Part",Chest,"Part",{BrickColor = BrickColor.new("New Yeller"),Material = Enum.Material.Neon,Size = Vector3.new(0.200000003, 0.200000003, 0.200000003),CFrame = CFrame.new(-1.49999988, 24.9000092, -9.8999939, 0, 0, -1, 0, -1.00000072, -0, -1.00000072, 0, -0),CanCollide = false,BackSurface = Enum.SurfaceType.SmoothNoOutlines,BottomSurface = Enum.SurfaceType.SmoothNoOutlines,FrontSurface = Enum.SurfaceType.SmoothNoOutlines,LeftSurface = Enum.SurfaceType.SmoothNoOutlines,RightSurface = Enum.SurfaceType.SmoothNoOutlines,TopSurface = Enum.SurfaceType.SmoothNoOutlines,Color = Color3.new(1, 1, 0),})
Mesh = New("SpecialMesh",Part,"Mesh",{Scale = Vector3.new(1.00999999, 1.00999999, 1.00999999),MeshType = Enum.MeshType.Wedge,})
Weld = New("ManualWeld",Part,"Weld",{Part0 = Part,Part1 = MainPart,C0 = CFrame.new(0, 0, 0, 0, 0, -1, 0, -1, 0, -1, -0, -0),C1 = CFrame.new(0.500000119, 0.900005341, -0.400000572, 1, 0, 0, 0, 1.00000036, 0, 0, 0, 1.00000036),})
Part = New("Part",Chest,"Part",{BrickColor = BrickColor.new("New Yeller"),Material = Enum.Material.Neon,Size = Vector3.new(1.20000005, 0.200000003, 0.200000003),CFrame = CFrame.new(-1.99999988, 24.9000092, -9.09999371, 1, 0, 0, 0, 1.00000072, 0, 0, 0, 1.00000072),CanCollide = false,BackSurface = Enum.SurfaceType.SmoothNoOutlines,BottomSurface = Enum.SurfaceType.SmoothNoOutlines,FrontSurface = Enum.SurfaceType.SmoothNoOutlines,LeftSurface = Enum.SurfaceType.SmoothNoOutlines,RightSurface = Enum.SurfaceType.SmoothNoOutlines,TopSurface = Enum.SurfaceType.SmoothNoOutlines,Color = Color3.new(1, 1, 0),})
Mesh = New("BlockMesh",Part,"Mesh",{Scale = Vector3.new(1.00999999, 1.00999999, 1.00999999),})
Weld = New("ManualWeld",Part,"Weld",{Part0 = Part,Part1 = MainPart,C1 = CFrame.new(1.1920929e-007, 0.900005341, 0.399999619, 1, 0, 0, 0, 1.00000036, 0, 0, 0, 1.00000036),})
Part = New("Part",Chest,"Part",{BrickColor = BrickColor.new("New Yeller"),Material = Enum.Material.Neon,Size = Vector3.new(0.200000003, 0.200000003, 0.200000003),CFrame = CFrame.new(-1.69999993, 24.9000034, -9.8999939, 0, 0, 1, 0, 1.00000072, 0, -1.00000072, 0, 0),CanCollide = false,BackSurface = Enum.SurfaceType.SmoothNoOutlines,BottomSurface = Enum.SurfaceType.SmoothNoOutlines,FrontSurface = Enum.SurfaceType.SmoothNoOutlines,LeftSurface = Enum.SurfaceType.SmoothNoOutlines,RightSurface = Enum.SurfaceType.SmoothNoOutlines,TopSurface = Enum.SurfaceType.SmoothNoOutlines,Color = Color3.new(1, 1, 0),})
Mesh = New("SpecialMesh",Part,"Mesh",{Scale = Vector3.new(1.00999999, 1.00999999, 1.00999999),MeshType = Enum.MeshType.Wedge,})
Weld = New("ManualWeld",Part,"Weld",{Part0 = Part,Part1 = MainPart,C0 = CFrame.new(0, 0, 0, 0, 0, -1, 0, 1, 0, 1, 0, 0),C1 = CFrame.new(0.300000072, 0.899999619, -0.400000572, 1, 0, 0, 0, 1.00000036, 0, 0, 0, 1.00000036),})
Part = New("Part",Chest,"Part",{BrickColor = BrickColor.new("New Yeller"),Material = Enum.Material.Neon,Size = Vector3.new(0.200000003, 0.200000003, 0.200000003),CFrame = CFrame.new(-2.09999895, 24.7000008, -9.8999939, 0, 0, -1, 0, 1.00000072, 0, 1.00000072, 0, 0),CanCollide = false,BackSurface = Enum.SurfaceType.SmoothNoOutlines,BottomSurface = Enum.SurfaceType.SmoothNoOutlines,FrontSurface = Enum.SurfaceType.SmoothNoOutlines,LeftSurface = Enum.SurfaceType.SmoothNoOutlines,RightSurface = Enum.SurfaceType.SmoothNoOutlines,TopSurface = Enum.SurfaceType.SmoothNoOutlines,Color = Color3.new(1, 1, 0),})
Mesh = New("SpecialMesh",Part,"Mesh",{Scale = Vector3.new(1.00999999, 1.00999999, 1.00999999),MeshType = Enum.MeshType.Wedge,})
Weld = New("ManualWeld",Part,"Weld",{Part0 = Part,Part1 = MainPart,C0 = CFrame.new(0, 0, 0, 0, 0, 1, 0, 1, 0, -1, 0, 0),C1 = CFrame.new(-0.099998951, 0.699996948, -0.400000572, 1, 0, 0, 0, 1.00000036, 0, 0, 0, 1.00000036),})
Part = New("Part",Chest,"Part",{BrickColor = BrickColor.new("New Yeller"),Material = Enum.Material.Neon,Size = Vector3.new(0.200000003, 0.200000003, 0.200000003),CFrame = CFrame.new(-1.70000005, 24.7000027, -9.8999939, 0, 0, -1, 0, -1.00000072, 0, -1.00000072, 0, 0),CanCollide = false,BackSurface = Enum.SurfaceType.SmoothNoOutlines,BottomSurface = Enum.SurfaceType.SmoothNoOutlines,FrontSurface = Enum.SurfaceType.SmoothNoOutlines,LeftSurface = Enum.SurfaceType.SmoothNoOutlines,RightSurface = Enum.SurfaceType.SmoothNoOutlines,TopSurface = Enum.SurfaceType.SmoothNoOutlines,Color = Color3.new(1, 1, 0),})
Mesh = New("SpecialMesh",Part,"Mesh",{Scale = Vector3.new(1.00999999, 1.00999999, 1.00999999),MeshType = Enum.MeshType.Wedge,})
Weld = New("ManualWeld",Part,"Weld",{Part0 = Part,Part1 = MainPart,C0 = CFrame.new(0, 0, 0, 0, 0, -1, 0, -1, 0, -1, 0, 0),C1 = CFrame.new(0.299999952, 0.699998856, -0.400000572, 1, 0, 0, 0, 1.00000036, 0, 0, 0, 1.00000036),})
Part = New("Part",Chest,"Part",{BrickColor = BrickColor.new("New Yeller"),Material = Enum.Material.Neon,Size = Vector3.new(0.200000003, 0.200000003, 0.600000024),CFrame = CFrame.new(-2.5, 24.9000092, -9.49999619, 1, 0, 0, 0, 1.00000072, 0, 0, 0, 1.00000072),CanCollide = false,BackSurface = Enum.SurfaceType.SmoothNoOutlines,BottomSurface = Enum.SurfaceType.SmoothNoOutlines,FrontSurface = Enum.SurfaceType.SmoothNoOutlines,LeftSurface = Enum.SurfaceType.SmoothNoOutlines,RightSurface = Enum.SurfaceType.SmoothNoOutlines,TopSurface = Enum.SurfaceType.SmoothNoOutlines,Color = Color3.new(1, 1, 0),})
Mesh = New("BlockMesh",Part,"Mesh",{Scale = Vector3.new(1.00999999, 1.00999999, 1.00999999),})
Weld = New("ManualWeld",Part,"Weld",{Part0 = Part,Part1 = MainPart,C1 = CFrame.new(-0.5, 0.900005341, -2.86102295e-006, 1, 0, 0, 0, 1.00000036, 0, 0, 0, 1.00000036),})
Part = New("Part",Chest,"Part",{BrickColor = BrickColor.new("New Yeller"),Material = Enum.Material.Neon,Size = Vector3.new(0.200000033, 1.60000002, 0.200000003),CFrame = CFrame.new(-3.24999404, 22.3866081, -9.89999008, -0.866026044, -0.499998868, 0, 0.499999225, -0.86602664, 0, 0, 0, 1.00000072),CanCollide = false,BackSurface = Enum.SurfaceType.SmoothNoOutlines,BottomSurface = Enum.SurfaceType.SmoothNoOutlines,FrontSurface = Enum.SurfaceType.SmoothNoOutlines,LeftSurface = Enum.SurfaceType.SmoothNoOutlines,RightSurface = Enum.SurfaceType.SmoothNoOutlines,TopSurface = Enum.SurfaceType.SmoothNoOutlines,Color = Color3.new(1, 1, 0),})
Mesh = New("BlockMesh",Part,"Mesh",{Scale = Vector3.new(1.00999999, 1.00999999, 1.00999999),})
Weld = New("ManualWeld",Part,"Weld",{Part0 = Part,Part1 = MainPart,C0 = CFrame.new(0, 0, 0, -0.866026044, 0.499998868, 0, -0.499998868, -0.866026044, 0, 0, 0, 1),C1 = CFrame.new(-1.24999404, -1.61339569, -0.399996758, 1, 0, 0, 0, 1.00000036, 0, 0, 0, 1.00000036),})
Part = New("Part",Chest,"Part",{BrickColor = BrickColor.new("New Yeller"),Material = Enum.Material.Neon,Size = Vector3.new(0.200000003, 0.200000003, 0.200000003),CFrame = CFrame.new(-1.89999998, 24.6999969, -9.8999939, 0, 0, 1, 0, 1.00000072, 0, -1.00000072, 0, 0),CanCollide = false,BackSurface = Enum.SurfaceType.SmoothNoOutlines,BottomSurface = Enum.SurfaceType.SmoothNoOutlines,FrontSurface = Enum.SurfaceType.SmoothNoOutlines,LeftSurface = Enum.SurfaceType.SmoothNoOutlines,RightSurface = Enum.SurfaceType.SmoothNoOutlines,TopSurface = Enum.SurfaceType.SmoothNoOutlines,Color = Color3.new(1, 1, 0),})
Mesh = New("SpecialMesh",Part,"Mesh",{Scale = Vector3.new(1.00999999, 1.00999999, 1.00999999),MeshType = Enum.MeshType.Wedge,})
Weld = New("ManualWeld",Part,"Weld",{Part0 = Part,Part1 = MainPart,C0 = CFrame.new(0, 0, 0, 0, 0, -1, 0, 1, 0, 1, 0, 0),C1 = CFrame.new(0.100000024, 0.699993134, -0.400000572, 1, 0, 0, 0, 1.00000036, 0, 0, 0, 1.00000036),})
Part = New("Part",Chest,"Part",{BrickColor = BrickColor.new("New Yeller"),Material = Enum.Material.Neon,Size = Vector3.new(0.200000033, 1.60000002, 0.200000003),CFrame = CFrame.new(-0.74999404, 22.3866081, -9.89999008, 0.866024911, -0.500000834, 0, 0.500001192, 0.866025507, 0, 0, 0, 1.00000072),CanCollide = false,BackSurface = Enum.SurfaceType.SmoothNoOutlines,BottomSurface = Enum.SurfaceType.SmoothNoOutlines,FrontSurface = Enum.SurfaceType.SmoothNoOutlines,LeftSurface = Enum.SurfaceType.SmoothNoOutlines,RightSurface = Enum.SurfaceType.SmoothNoOutlines,TopSurface = Enum.SurfaceType.SmoothNoOutlines,Color = Color3.new(1, 1, 0),})
Mesh = New("BlockMesh",Part,"Mesh",{Scale = Vector3.new(1.00999999, 1.00999999, 1.00999999),})
Weld = New("ManualWeld",Part,"Weld",{Part0 = Part,Part1 = MainPart,C0 = CFrame.new(0, 0, 0, 0.866024911, 0.500000834, 0, -0.500000834, 0.866024911, 0, 0, 0, 1),C1 = CFrame.new(1.25000596, -1.61339569, -0.399996758, 1, 0, 0, 0, 1.00000036, 0, 0, 0, 1.00000036),})
Part = New("Part",Chest,"Part",{BrickColor = BrickColor.new("New Yeller"),Material = Enum.Material.Neon,Size = Vector3.new(0.200000003, 1.60000002, 0.200000003),CFrame = CFrame.new(-0.477270842, 22.5081749, -6.50816822, -6.16093132e-008, -0.178884313, 0.983862221, -0.707101703, 0.695696652, 0.126490459, -0.707103908, -0.695697606, -0.126490712),CanCollide = false,BackSurface = Enum.SurfaceType.SmoothNoOutlines,BottomSurface = Enum.SurfaceType.SmoothNoOutlines,FrontSurface = Enum.SurfaceType.SmoothNoOutlines,LeftSurface = Enum.SurfaceType.SmoothNoOutlines,RightSurface = Enum.SurfaceType.SmoothNoOutlines,TopSurface = Enum.SurfaceType.SmoothNoOutlines,Color = Color3.new(1, 1, 0),})
Mesh = New("SpecialMesh",Part,"Mesh",{Scale = Vector3.new(1.00999999, 1.00999999, 1.00999999),MeshType = Enum.MeshType.Wedge,})
Weld = New("ManualWeld",Part,"Weld",{Part0 = Part,Part1 = MainPart,C0 = CFrame.new(0, 0, 0, -6.16093132e-008, -0.707101226, -0.707103431, -0.178884313, 0.695696175, -0.695697129, 0.983862221, 0.126490369, -0.126490623),C1 = CFrame.new(1.52272916, -1.49182892, 2.99182415, 1, 0, 0, 0, 1.00000036, 0, 0, 0, 1.00000036),})
Part = New("Part",Chest,"Part",{BrickColor = BrickColor.new("New Yeller"),Material = Enum.Material.Neon,Size = Vector3.new(0.200000003, 3, 0.400000006),CFrame = CFrame.new(-2.79999995, 23.0272083, -7.02719975, 0, 0, 1, -0.707107842, 0.707106829, 0, -0.707106829, -0.707107842, 0),CanCollide = false,BackSurface = Enum.SurfaceType.SmoothNoOutlines,BottomSurface = Enum.SurfaceType.SmoothNoOutlines,FrontSurface = Enum.SurfaceType.SmoothNoOutlines,LeftSurface = Enum.SurfaceType.SmoothNoOutlines,RightSurface = Enum.SurfaceType.SmoothNoOutlines,TopSurface = Enum.SurfaceType.SmoothNoOutlines,Color = Color3.new(1, 1, 0),})
Mesh = New("SpecialMesh",Part,"Mesh",{Scale = Vector3.new(1.00999999, 1.00999999, 1.00999999),MeshType = Enum.MeshType.Wedge,})
Weld = New("ManualWeld",Part,"Weld",{Part0 = Part,Part1 = MainPart,C0 = CFrame.new(0, 0, 0, 0, -0.707107365, -0.707106352, 0, 0.707106352, -0.707107365, 1, 0, 0),C1 = CFrame.new(-0.799999952, -0.972795486, 2.47279263, 1, 0, 0, 0, 1.00000036, 0, 0, 0, 1.00000036),})
Part = New("Part",Chest,"Part",{BrickColor = BrickColor.new("New Yeller"),Material = Enum.Material.Neon,Size = Vector3.new(0.200000003, 3, 0.400000006),CFrame = CFrame.new(-1.19999993, 23.0272083, -7.02719975, 1.98725871e-008, 2.98023224e-008, -0.99999994, 0.707106948, 0.707107544, 0, 0.707107544, -0.707106948, 2.23517578e-008),CanCollide = false,BackSurface = Enum.SurfaceType.SmoothNoOutlines,BottomSurface = Enum.SurfaceType.SmoothNoOutlines,FrontSurface = Enum.SurfaceType.SmoothNoOutlines,LeftSurface = Enum.SurfaceType.SmoothNoOutlines,RightSurface = Enum.SurfaceType.SmoothNoOutlines,TopSurface = Enum.SurfaceType.SmoothNoOutlines,Color = Color3.new(1, 1, 0),})
Mesh = New("SpecialMesh",Part,"Mesh",{Scale = Vector3.new(1.00999999, 1.00999999, 1.00999999),MeshType = Enum.MeshType.Wedge,})
Weld = New("ManualWeld",Part,"Weld",{Part0 = Part,Part1 = MainPart,C0 = CFrame.new(0, 0, 0, 1.98725871e-008, 0.707106471, 0.707107067, 2.98023224e-008, 0.707107067, -0.707106471, -0.99999994, 0, 2.23517418e-008),C1 = CFrame.new(0.800000072, -0.972795486, 2.47279263, 1, 0, 0, 0, 1.00000036, 0, 0, 0, 1.00000036),})
Part = New("Part",Chest,"Part",{BrickColor = BrickColor.new("New Yeller"),Material = Enum.Material.Neon,Size = Vector3.new(0.200000003, 1.60000002, 0.200000003),CFrame = CFrame.new(-3.52272773, 22.5081806, -6.50817204, 9.39882394e-009, 0.178885445, -0.983869851, 0.707106948, 0.695701838, 0.126491234, 0.707107544, -0.695701241, -0.126491114),CanCollide = false,BackSurface = Enum.SurfaceType.SmoothNoOutlines,BottomSurface = Enum.SurfaceType.SmoothNoOutlines,FrontSurface = Enum.SurfaceType.SmoothNoOutlines,LeftSurface = Enum.SurfaceType.SmoothNoOutlines,RightSurface = Enum.SurfaceType.SmoothNoOutlines,TopSurface = Enum.SurfaceType.SmoothNoOutlines,Color = Color3.new(1, 1, 0),})
Mesh = New("SpecialMesh",Part,"Mesh",{Scale = Vector3.new(1.00999999, 1.00999999, 1.00999999),MeshType = Enum.MeshType.Wedge,})
Weld = New("ManualWeld",Part,"Weld",{Part0 = Part,Part1 = MainPart,C0 = CFrame.new(0, 0, 0, 9.39882394e-009, 0.707106471, 0.707107067, 0.178885445, 0.695701361, -0.695700765, -0.983869851, 0.126491144, -0.126491025),C1 = CFrame.new(-1.52272773, -1.4918232, 2.99182034, 1, 0, 0, 0, 1.00000036, 0, 0, 0, 1.00000036),})
Part = New("Part",Chest,"Part",{BrickColor = BrickColor.new("New Yeller"),Material = Enum.Material.Neon,Size = Vector3.new(0.200000003, 0.799999952, 0.400000006),CFrame = CFrame.new(-1.60000002, 22.2493916, -6.24938107, 0, 0, 1, -0.707107842, 0.707106829, 0, -0.707106829, -0.707107842, 0),CanCollide = false,BackSurface = Enum.SurfaceType.SmoothNoOutlines,BottomSurface = Enum.SurfaceType.SmoothNoOutlines,FrontSurface = Enum.SurfaceType.SmoothNoOutlines,LeftSurface = Enum.SurfaceType.SmoothNoOutlines,RightSurface = Enum.SurfaceType.SmoothNoOutlines,TopSurface = Enum.SurfaceType.SmoothNoOutlines,Color = Color3.new(1, 1, 0),})
Mesh = New("SpecialMesh",Part,"Mesh",{Scale = Vector3.new(1.00999999, 1.00999999, 1.00999999),MeshType = Enum.MeshType.Wedge,})
Weld = New("ManualWeld",Part,"Weld",{Part0 = Part,Part1 = MainPart,C0 = CFrame.new(0, 0, 0, 0, -0.707107365, -0.707106352, 0, 0.707106352, -0.707107365, 1, 0, 0),C1 = CFrame.new(0.399999976, -1.75061226, 3.25061083, 1, 0, 0, 0, 1.00000036, 0, 0, 0, 1.00000036),})
Part = New("Part",Chest,"Part",{BrickColor = BrickColor.new("New Yeller"),Material = Enum.Material.Neon,Size = Vector3.new(0.200000003, 3.60000014, 0.200000003),CFrame = CFrame.new(-2, 21.8958378, -5.89583111, 5.96046412e-008, -0.99999994, 0, 0.707107663, 4.21469011e-008, 0.707106769, -0.707106769, -4.21468478e-008, 0.707107663),CanCollide = false,BackSurface = Enum.SurfaceType.SmoothNoOutlines,BottomSurface = Enum.SurfaceType.SmoothNoOutlines,FrontSurface = Enum.SurfaceType.SmoothNoOutlines,LeftSurface = Enum.SurfaceType.SmoothNoOutlines,RightSurface = Enum.SurfaceType.SmoothNoOutlines,TopSurface = Enum.SurfaceType.SmoothNoOutlines,Color = Color3.new(1, 1, 0),})
Mesh = New("BlockMesh",Part,"Mesh",{Scale = Vector3.new(1.00999999, 1.00999999, 1.00999999),})
Weld = New("ManualWeld",Part,"Weld",{Part0 = Part,Part1 = MainPart,C0 = CFrame.new(0, 0, 0, 5.96046412e-008, 0.707107186, -0.707106292, -0.99999994, 4.21468727e-008, -4.21468194e-008, 0, 0.707106292, 0.707107186),C1 = CFrame.new(0, -2.10416603, 3.60416079, 1, 0, 0, 0, 1.00000036, 0, 0, 0, 1.00000036),})
Part = New("Part",Chest,"Part",{BrickColor = BrickColor.new("New Yeller"),Material = Enum.Material.Neon,Size = Vector3.new(0.400000006, 1.4000001, 0.200000003),CFrame = CFrame.new(-2, 23.9000015, -9.8999939, 1, 0, 0, 0, 1.00000072, 0, 0, 0, 1.00000072),CanCollide = false,BackSurface = Enum.SurfaceType.SmoothNoOutlines,BottomSurface = Enum.SurfaceType.SmoothNoOutlines,FrontSurface = Enum.SurfaceType.SmoothNoOutlines,LeftSurface = Enum.SurfaceType.SmoothNoOutlines,RightSurface = Enum.SurfaceType.SmoothNoOutlines,TopSurface = Enum.SurfaceType.SmoothNoOutlines,Color = Color3.new(1, 1, 0),})
Mesh = New("BlockMesh",Part,"Mesh",{Scale = Vector3.new(1.00999999, 1.00999999, 1.00999999),})
Weld = New("ManualWeld",Part,"Weld",{Part0 = Part,Part1 = MainPart,C1 = CFrame.new(0, -0.100002289, -0.400000572, 1, 0, 0, 0, 1.00000036, 0, 0, 0, 1.00000036),})
Part = New("Part",Chest,"Part",{BrickColor = BrickColor.new("Institutional white"),Material = Enum.Material.SmoothPlastic,Size = Vector3.new(0.200000003, 4.4000001, 2),CFrame = CFrame.new(-2, 23.380764, -7.38075399, 0, 0, -1, 0.707106769, 0.707107067, 0, 0.707107067, -0.707106769, 0),CanCollide = false,BackSurface = Enum.SurfaceType.SmoothNoOutlines,BottomSurface = Enum.SurfaceType.SmoothNoOutlines,FrontSurface = Enum.SurfaceType.SmoothNoOutlines,LeftSurface = Enum.SurfaceType.SmoothNoOutlines,RightSurface = Enum.SurfaceType.SmoothNoOutlines,TopSurface = Enum.SurfaceType.SmoothNoOutlines,Color = Color3.new(0.972549, 0.972549, 0.972549),})
Weld = New("ManualWeld",Part,"Weld",{Part0 = Part,Part1 = MainPart,C0 = CFrame.new(0, 0, 0, 0, 0.707106769, 0.707107067, 0, 0.707107067, -0.707106769, -1, 0, 0),C1 = CFrame.new(0, -0.619239807, 2.11923838, 1, 0, 0, 0, 1, 0, 0, 0, 1),})
Part = New("Part",Chest,"Part",{BrickColor = BrickColor.new("New Yeller"),Material = Enum.Material.Neon,Size = Vector3.new(0.200000003, 0.800000012, 8.60000038),CFrame = CFrame.new(2.34100294, 20.6883812, -6.12814236, -0.707106769, -0.353553057, 0.612372756, -0.183013052, -0.745010674, -0.641456723, 0.68301326, -0.565650463, 0.462097287),CanCollide = false,BackSurface = Enum.SurfaceType.SmoothNoOutlines,BottomSurface = Enum.SurfaceType.SmoothNoOutlines,FrontSurface = Enum.SurfaceType.SmoothNoOutlines,LeftSurface = Enum.SurfaceType.SmoothNoOutlines,RightSurface = Enum.SurfaceType.SmoothNoOutlines,TopSurface = Enum.SurfaceType.SmoothNoOutlines,Color = Color3.new(1, 1, 0),})
Mesh = New("BlockMesh",Part,"Mesh",{Scale = Vector3.new(1.00999999, 1.00999999, 1.00999999),})
Weld = New("ManualWeld",Part,"Weld",{Part0 = Part,Part1 = MainPart,C0 = CFrame.new(0, 0, 0, -0.707106769, -0.183012933, 0.683012784, -0.353553057, -0.745010197, -0.565650105, 0.612372756, -0.641456246, 0.46209693),C1 = CFrame.new(4.34100294, -3.31162071, 3.37184954, 1, 0, 0, 0, 1.00000036, 0, 0, 0, 1.00000036),})
Part = New("Part",Chest,"Part",{BrickColor = BrickColor.new("New Yeller"),Material = Enum.Material.Neon,Size = Vector3.new(0.200000003, 0.800000012, 2.80000019),CFrame = CFrame.new(-9.58220959, 19.8679085, -3.07410526, -0.707106769, -0.183013007, 0.683012724, 0.183013052, 0.885645866, 0.426777512, -0.68301326, 0.426777482, -0.592752457),CanCollide = false,BackSurface = Enum.SurfaceType.SmoothNoOutlines,BottomSurface = Enum.SurfaceType.SmoothNoOutlines,FrontSurface = Enum.SurfaceType.SmoothNoOutlines,LeftSurface = Enum.SurfaceType.SmoothNoOutlines,RightSurface = Enum.SurfaceType.SmoothNoOutlines,TopSurface = Enum.SurfaceType.SmoothNoOutlines,Color = Color3.new(1, 1, 0),})
Mesh = New("SpecialMesh",Part,"Mesh",{Scale = Vector3.new(1.00999999, 1.00999999, 1.00999999),MeshType = Enum.MeshType.Wedge,})
Weld = New("ManualWeld",Part,"Weld",{Part0 = Part,Part1 = MainPart,C0 = CFrame.new(0, 0, 0, -0.707106769, 0.183012933, -0.683012784, -0.183013007, 0.88564527, 0.426777184, 0.683012724, 0.426777214, -0.59275198),C1 = CFrame.new(-7.58220959, -4.13209343, 6.42588568, 1, 0, 0, 0, 1.00000036, 0, 0, 0, 1.00000036),})
Part = New("Part",Chest,"Part",{BrickColor = BrickColor.new("New Yeller"),Material = Enum.Material.Neon,Size = Vector3.new(0.200000003, 0.800000012, 5.80000019),CFrame = CFrame.new(1.554389, 22.8945351, -6.3513689, -0.707106769, 1.79124072e-007, 0.707106888, -0.183013052, -0.965926528, -0.183012769, 0.68301326, -0.258819342, 0.683013201),CanCollide = false,BackSurface = Enum.SurfaceType.SmoothNoOutlines,BottomSurface = Enum.SurfaceType.SmoothNoOutlines,FrontSurface = Enum.SurfaceType.SmoothNoOutlines,LeftSurface = Enum.SurfaceType.SmoothNoOutlines,RightSurface = Enum.SurfaceType.SmoothNoOutlines,TopSurface = Enum.SurfaceType.SmoothNoOutlines,Color = Color3.new(1, 1, 0),})
Mesh = New("BlockMesh",Part,"Mesh",{Scale = Vector3.new(1.00999999, 1.00999999, 1.00999999),})
Weld = New("ManualWeld",Part,"Weld",{Part0 = Part,Part1 = MainPart,C0 = CFrame.new(0, 0, 0, -0.707106769, -0.183012933, 0.683012784, 1.79124072e-007, -0.965925813, -0.258819163, 0.707106888, -0.183012649, 0.683012724),C1 = CFrame.new(3.554389, -1.10546875, 3.14862299, 1, 0, 0, 0, 1.00000036, 0, 0, 0, 1.00000036),})
Part = New("Part",Chest,"Part",{BrickColor = BrickColor.new("Institutional white"),Material = Enum.Material.SmoothPlastic,Size = Vector3.new(0.799999893, 1.80000019, 0.200000003),CFrame = CFrame.new(-3.29999399, 22.3000069, -9.59999084, 0, 0.499999017, -0.866026223, 0, 0.866026819, 0.499999374, 1.00000072, 0, 0),CanCollide = false,BackSurface = Enum.SurfaceType.SmoothNoOutlines,BottomSurface = Enum.SurfaceType.SmoothNoOutlines,FrontSurface = Enum.SurfaceType.SmoothNoOutlines,LeftSurface = Enum.SurfaceType.SmoothNoOutlines,RightSurface = Enum.SurfaceType.SmoothNoOutlines,TopSurface = Enum.SurfaceType.SmoothNoOutlines,Color = Color3.new(0.972549, 0.972549, 0.972549),})
Weld = New("ManualWeld",Part,"Weld",{Part0 = Part,Part1 = MainPart,C0 = CFrame.new(0, 0, 0, 0, 0, 1, 0.499999017, 0.866026223, 0, -0.866026223, 0.499999017, 0),C1 = CFrame.new(-1.29999399, -1.69999695, -0.0999975204, 1, 0, 0, 0, 1.00000036, 0, 0, 0, 1.00000036),})
Part = New("Part",Chest,"Part",{BrickColor = BrickColor.new("Institutional white"),Material = Enum.Material.SmoothPlastic,Size = Vector3.new(0.799999893, 1.80000019, 0.200000003),CFrame = CFrame.new(-0.699993968, 22.3000069, -9.59999084, 0, -0.500000894, -0.866024911, 0, 0.866025507, -0.500001252, 1.00000072, 0, 0),CanCollide = false,BackSurface = Enum.SurfaceType.SmoothNoOutlines,BottomSurface = Enum.SurfaceType.SmoothNoOutlines,FrontSurface = Enum.SurfaceType.SmoothNoOutlines,LeftSurface = Enum.SurfaceType.SmoothNoOutlines,RightSurface = Enum.SurfaceType.SmoothNoOutlines,TopSurface = Enum.SurfaceType.SmoothNoOutlines,Color = Color3.new(0.972549, 0.972549, 0.972549),})
Weld = New("ManualWeld",Part,"Weld",{Part0 = Part,Part1 = MainPart,C0 = CFrame.new(0, 0, 0, 0, 0, 1, -0.500000894, 0.866024911, 0, -0.866024911, -0.500000894, 0),C1 = CFrame.new(1.30000603, -1.69999695, -0.0999975204, 1, 0, 0, 0, 1.00000036, 0, 0, 0, 1.00000036),})
Part = New("WedgePart",Chest,"Part",{BrickColor = BrickColor.new("Institutional white"),Material = Enum.Material.SmoothPlastic,Size = Vector3.new(0.200000003, 4.4000001, 0.800000012),CFrame = CFrame.new(-3.4000001, 23.3807621, -7.38075256, 0, 0, 1, -0.707106948, 0.707107663, 0, -0.707107663, -0.707106948, 0),CanCollide = false,BackSurface = Enum.SurfaceType.SmoothNoOutlines,BottomSurface = Enum.SurfaceType.SmoothNoOutlines,FrontSurface = Enum.SurfaceType.SmoothNoOutlines,LeftSurface = Enum.SurfaceType.SmoothNoOutlines,RightSurface = Enum.SurfaceType.SmoothNoOutlines,TopSurface = Enum.SurfaceType.SmoothNoOutlines,Color = Color3.new(0.972549, 0.972549, 0.972549),})
Weld = New("ManualWeld",Part,"Weld",{Part0 = Part,Part1 = MainPart,C0 = CFrame.new(0, 0, 0, 0, -0.707106471, -0.707107186, 0, 0.707107186, -0.707106471, 1, 0, 0),C1 = CFrame.new(-1.4000001, -0.619241714, 2.11924028, 1, 0, 0, 0, 1.00000036, 0, 0, 0, 1.00000036),})
Part = New("Part",Chest,"Part",{BrickColor = BrickColor.new("Institutional white"),Material = Enum.Material.SmoothPlastic,Size = Vector3.new(0.200000003, 1.80000007, 2),CFrame = CFrame.new(-1.99999094, 22.3000011, -8.69999981, -1.59710094e-008, -7.10542736e-015, -1, 0.500000119, 0.866026103, -7.98551447e-009, 0.866026103, -0.500000119, -1.38313112e-008),CanCollide = false,BackSurface = Enum.SurfaceType.SmoothNoOutlines,BottomSurface = Enum.SurfaceType.SmoothNoOutlines,FrontSurface = Enum.SurfaceType.SmoothNoOutlines,LeftSurface = Enum.SurfaceType.SmoothNoOutlines,RightSurface = Enum.SurfaceType.SmoothNoOutlines,TopSurface = Enum.SurfaceType.SmoothNoOutlines,Color = Color3.new(0.972549, 0.972549, 0.972549),})
Weld = New("ManualWeld",Part,"Weld",{Part0 = Part,Part1 = MainPart,C0 = CFrame.new(0, 0, 0, -1.59710094e-008, 0.499999791, 0.866025507, -7.10542736e-015, 0.866025507, -0.499999791, -1, -7.98550914e-009, -1.38313005e-008),C1 = CFrame.new(9.05990601e-006, -1.70000267, 0.799993515, 1, 0, 0, 0, 1.00000036, 0, 0, 0, 1.00000036),})
Part = New("WedgePart",Chest,"Part",{BrickColor = BrickColor.new("Institutional white"),Material = Enum.Material.SmoothPlastic,Size = Vector3.new(0.200000003, 1.79999995, 0.800000012),CFrame = CFrame.new(-0.599990845, 22.3000011, -8.69999981, 0, 0, -1.00000024, 0.500000358, 0.866026521, 0, 0.866026282, -0.500000477, 0),CanCollide = false,BackSurface = Enum.SurfaceType.SmoothNoOutlines,BottomSurface = Enum.SurfaceType.SmoothNoOutlines,FrontSurface = Enum.SurfaceType.SmoothNoOutlines,LeftSurface = Enum.SurfaceType.SmoothNoOutlines,RightSurface = Enum.SurfaceType.SmoothNoOutlines,TopSurface = Enum.SurfaceType.SmoothNoOutlines,Color = Color3.new(0.972549, 0.972549, 0.972549),})
Weld = New("ManualWeld",Part,"Weld",{Part0 = Part,Part1 = MainPart,C0 = CFrame.new(0, 0, 0, 0, 0.5, 0.866025686, 0, 0.866025925, -0.500000119, -1.00000024, 0, 0),C1 = CFrame.new(1.40000916, -1.70000267, 0.799993515, 1, 0, 0, 0, 1.00000036, 0, 0, 0, 1.00000036),})
Part = New("Part",Chest,"Part",{BrickColor = BrickColor.new("New Yeller"),Material = Enum.Material.Neon,Size = Vector3.new(0.200000003, 0.800000012, 8.60000038),CFrame = CFrame.new(-6.47564888, 20.6739483, -6.07427692, -0.707106769, 0.353553057, -0.612372756, 0.183013052, -0.745010674, -0.641456723, -0.68301326, -0.565650463, 0.462097287),CanCollide = false,BackSurface = Enum.SurfaceType.SmoothNoOutlines,BottomSurface = Enum.SurfaceType.SmoothNoOutlines,FrontSurface = Enum.SurfaceType.SmoothNoOutlines,LeftSurface = Enum.SurfaceType.SmoothNoOutlines,RightSurface = Enum.SurfaceType.SmoothNoOutlines,TopSurface = Enum.SurfaceType.SmoothNoOutlines,Color = Color3.new(1, 1, 0),})
Mesh = New("BlockMesh",Part,"Mesh",{Scale = Vector3.new(1.00999999, 1.00999999, 1.00999999),})
Weld = New("ManualWeld",Part,"Weld",{Part0 = Part,Part1 = MainPart,C0 = CFrame.new(0, 0, 0, -0.707106769, 0.183012933, -0.683012784, 0.353553057, -0.745010197, -0.565650105, -0.612372756, -0.641456246, 0.46209693),C1 = CFrame.new(-4.47564888, -3.32605362, 3.42571497, 1, 0, 0, 0, 1.00000036, 0, 0, 0, 1.00000036),})
Part = New("Part",Chest,"Part",{BrickColor = BrickColor.new("New Yeller"),Material = Enum.Material.Neon,Size = Vector3.new(0.200000003, 0.800000012, 2.80000019),CFrame = CFrame.new(5.44756413, 19.8823414, -3.12796831, -0.707106769, 0.183013007, -0.683012724, -0.183012992, 0.885645568, 0.426777363, 0.683013022, 0.426777333, -0.592752218),CanCollide = false,BackSurface = Enum.SurfaceType.SmoothNoOutlines,BottomSurface = Enum.SurfaceType.SmoothNoOutlines,FrontSurface = Enum.SurfaceType.SmoothNoOutlines,LeftSurface = Enum.SurfaceType.SmoothNoOutlines,RightSurface = Enum.SurfaceType.SmoothNoOutlines,TopSurface = Enum.SurfaceType.SmoothNoOutlines,Color = Color3.new(1, 1, 0),})
Mesh = New("SpecialMesh",Part,"Mesh",{Scale = Vector3.new(1.00999999, 1.00999999, 1.00999999),MeshType = Enum.MeshType.Wedge,})
Weld = New("ManualWeld",Part,"Weld",{Part0 = Part,Part1 = MainPart,C0 = CFrame.new(0, 0, 0, -0.707106769, -0.183012933, 0.683012784, 0.183013007, 0.88564527, 0.426777184, -0.683012724, 0.426777214, -0.59275198),C1 = CFrame.new(7.44756413, -4.11766052, 6.37202263, 1, 0, 0, 0, 1, 0, 0, 0, 1),})
Part = New("Part",Chest,"Part",{BrickColor = BrickColor.new("New Yeller"),Material = Enum.Material.Neon,Size = Vector3.new(0.200000003, 0.800000012, 7.20000029),CFrame = CFrame.new(-6.16714716, 22.0017948, -6.03786945, 0.707106769, -0.183013007, -0.683012724, -0.183013052, 0.885645866, -0.426777512, 0.68301326, 0.426777482, 0.592752457),CanCollide = false,BackSurface = Enum.SurfaceType.SmoothNoOutlines,BottomSurface = Enum.SurfaceType.SmoothNoOutlines,FrontSurface = Enum.SurfaceType.SmoothNoOutlines,LeftSurface = Enum.SurfaceType.SmoothNoOutlines,RightSurface = Enum.SurfaceType.SmoothNoOutlines,TopSurface = Enum.SurfaceType.SmoothNoOutlines,Color = Color3.new(1, 1, 0),})
Mesh = New("BlockMesh",Part,"Mesh",{Scale = Vector3.new(1.00999999, 1.00999999, 1.00999999),})
Weld = New("ManualWeld",Part,"Weld",{Part0 = Part,Part1 = MainPart,C0 = CFrame.new(0, 0, 0, 0.707106769, -0.183012933, 0.683012784, -0.183013007, 0.88564527, 0.426777184, -0.683012724, -0.426777214, 0.59275198),C1 = CFrame.new(-4.16714716, -1.998209, 3.46212244, 1, 0, 0, 0, 1.00000036, 0, 0, 0, 1.00000036),})
Part = New("Part",Chest,"Part",{BrickColor = BrickColor.new("New Yeller"),Material = Enum.Material.Neon,Size = Vector3.new(0.200000003, 0.800000012, 7.20000029),CFrame = CFrame.new(2.03250122, 22.0162277, -6.09173298, 0.707106769, 0.183013007, 0.683012724, 0.183013052, 0.885645866, -0.426777512, -0.68301326, 0.426777482, 0.592752457),CanCollide = false,BackSurface = Enum.SurfaceType.SmoothNoOutlines,BottomSurface = Enum.SurfaceType.SmoothNoOutlines,FrontSurface = Enum.SurfaceType.SmoothNoOutlines,LeftSurface = Enum.SurfaceType.SmoothNoOutlines,RightSurface = Enum.SurfaceType.SmoothNoOutlines,TopSurface = Enum.SurfaceType.SmoothNoOutlines,Color = Color3.new(1, 1, 0),})
Mesh = New("BlockMesh",Part,"Mesh",{Scale = Vector3.new(1.00999999, 1.00999999, 1.00999999),})
Weld = New("ManualWeld",Part,"Weld",{Part0 = Part,Part1 = MainPart,C0 = CFrame.new(0, 0, 0, 0.707106769, 0.183012933, -0.683012784, 0.183013007, 0.88564527, 0.426777184, 0.683012724, -0.426777214, 0.59275198),C1 = CFrame.new(4.03250122, -1.98377609, 3.40825891, 1, 0, 0, 0, 1.00000036, 0, 0, 0, 1.00000036),})
Part = New("WedgePart",Chest,"Part",{BrickColor = BrickColor.new("Institutional white"),Material = Enum.Material.SmoothPlastic,Size = Vector3.new(0.200000003, 1.79999995, 1),CFrame = CFrame.new(-0.699994087, 22.300005, -8.69998837, -0.866026938, -0.500001907, 0, -0.500002265, 0.866027534, 0, 0, 0, -1.00000072),CanCollide = false,BackSurface = Enum.SurfaceType.SmoothNoOutlines,BottomSurface = Enum.SurfaceType.SmoothNoOutlines,FrontSurface = Enum.SurfaceType.SmoothNoOutlines,LeftSurface = Enum.SurfaceType.SmoothNoOutlines,RightSurface = Enum.SurfaceType.SmoothNoOutlines,TopSurface = Enum.SurfaceType.SmoothNoOutlines,Color = Color3.new(0.972549, 0.972549, 0.972549),})
Weld = New("ManualWeld",Part,"Weld",{Part0 = Part,Part1 = MainPart,C0 = CFrame.new(0, 0, 0, -0.866026938, -0.500001907, 0, -0.500001907, 0.866026938, 0, 0, 0, -1),C1 = CFrame.new(1.30000591, -1.69999886, 0.800004959, 1, 0, 0, 0, 1.00000036, 0, 0, 0, 1.00000036),})
Part = New("WedgePart",Chest,"Part",{BrickColor = BrickColor.new("Institutional white"),Material = Enum.Material.SmoothPlastic,Size = Vector3.new(0.200000003, 1.79999995, 1),CFrame = CFrame.new(-3.29999399, 22.300005, -8.69998837, -0.866025984, 0.499998987, 0, 0.499999344, 0.86602658, 0, 0, 0, -1.00000072),CanCollide = false,BackSurface = Enum.SurfaceType.SmoothNoOutlines,BottomSurface = Enum.SurfaceType.SmoothNoOutlines,FrontSurface = Enum.SurfaceType.SmoothNoOutlines,LeftSurface = Enum.SurfaceType.SmoothNoOutlines,RightSurface = Enum.SurfaceType.SmoothNoOutlines,TopSurface = Enum.SurfaceType.SmoothNoOutlines,Color = Color3.new(0.972549, 0.972549, 0.972549),})
Weld = New("ManualWeld",Part,"Weld",{Part0 = Part,Part1 = MainPart,C0 = CFrame.new(0, 0, 0, -0.866025984, 0.499998987, 0, 0.499998987, 0.866025984, 0, 0, 0, -1),C1 = CFrame.new(-1.29999399, -1.69999886, 0.800004959, 1, 0, 0, 0, 1.00000036, 0, 0, 0, 1.00000036),})
Part = New("Part",Chest,"Part",{BrickColor = BrickColor.new("New Yeller"),Material = Enum.Material.Neon,Size = Vector3.new(0.200000003, 0.800000012, 2.80000019),CFrame = CFrame.new(-9.96617031, 17.0176449, -3.44032335, -0.707106769, -0.353553057, 0.612372756, 0.183013052, 0.745010674, 0.641456723, -0.68301326, 0.565650463, -0.462097287),CanCollide = false,BackSurface = Enum.SurfaceType.SmoothNoOutlines,BottomSurface = Enum.SurfaceType.SmoothNoOutlines,FrontSurface = Enum.SurfaceType.SmoothNoOutlines,LeftSurface = Enum.SurfaceType.SmoothNoOutlines,RightSurface = Enum.SurfaceType.SmoothNoOutlines,TopSurface = Enum.SurfaceType.SmoothNoOutlines,Color = Color3.new(1, 1, 0),})
Mesh = New("SpecialMesh",Part,"Mesh",{Scale = Vector3.new(1.00999999, 1.00999999, 1.00999999),MeshType = Enum.MeshType.Wedge,})
Weld = New("ManualWeld",Part,"Weld",{Part0 = Part,Part1 = MainPart,C0 = CFrame.new(0, 0, 0, -0.707106769, 0.183012933, -0.683012784, -0.353553057, 0.745010197, 0.565650105, 0.612372756, 0.641456246, -0.46209693),C1 = CFrame.new(-7.96617031, -6.98235703, 6.05966759, 1, 0, 0, 0, 1.00000036, 0, 0, 0, 1.00000036),})
Part = New("Part",Chest,"Part",{BrickColor = BrickColor.new("New Yeller"),Material = Enum.Material.Neon,Size = Vector3.new(0.200000003, 0.800000012, 5.80000019),CFrame = CFrame.new(-5.6890378, 22.8801022, -6.29750156, -0.707106769, -1.79124072e-007, -0.707106888, 0.183013052, -0.965926528, -0.183012769, -0.68301326, -0.258819342, 0.683013201),CanCollide = false,BackSurface = Enum.SurfaceType.SmoothNoOutlines,BottomSurface = Enum.SurfaceType.SmoothNoOutlines,FrontSurface = Enum.SurfaceType.SmoothNoOutlines,LeftSurface = Enum.SurfaceType.SmoothNoOutlines,RightSurface = Enum.SurfaceType.SmoothNoOutlines,TopSurface = Enum.SurfaceType.SmoothNoOutlines,Color = Color3.new(1, 1, 0),})
Mesh = New("BlockMesh",Part,"Mesh",{Scale = Vector3.new(1.00999999, 1.00999999, 1.00999999),})
Weld = New("ManualWeld",Part,"Weld",{Part0 = Part,Part1 = MainPart,C0 = CFrame.new(0, 0, 0, -0.707106769, 0.183012933, -0.683012784, -1.79124072e-007, -0.965925813, -0.258819163, -0.707106888, -0.183012649, 0.683012724),C1 = CFrame.new(-3.6890378, -1.11990166, 3.20249033, 1, 0, 0, 0, 1.00000036, 0, 0, 0, 1.00000036),})
