--[[ Astral Guardian Script  ]]--
--[[ Declarations ]]--

wait(.0000000000000000000001)
local Player = game:GetService("Players").LocalPlayer
local Character = Player.Character
local Head = Character.Head
local Torso = Character.Torso
local Right_Arm = Character["Right Arm"]
local Right_Leg = Character["Right Leg"]
local Left_Arm = Character["Left Arm"]
local Left_Leg = Character["Left Leg"]
local Humanoid = Character.Humanoid
local Animation = "Idle"
local Mouse = Player:GetMouse()
local LeftShoulder = Torso["Left Shoulder"] 
local Left_Hip = Torso["Left Hip"] 
local RightShoulder = Torso["Right Shoulder"] 
local Right_Hip = Torso["Right Hip"] 
local Root = Character.HumanoidRootPart
local RootJoint = Root.RootJoint
local Attacking = false
local CanAttack = true
local Anim = "Idle"
local Combo = 1 
local Blocking = false
local MaxMana = 100
local Mana = 100
local MaxBlock = 300
local Effects = {}
local Color = "White"

local cf = CFrame.new
local WalkForward = false
	
local Block = Instance.new("BoolValue",Character)
Block.Value = false
Block.Name = "Block"

local BlockD = Instance.new("IntValue", Block)
BlockD.Name = "BlockDurability"
BlockD.Value = 300

Animator = Humanoid.Animator
Animate = Character.Animate
Animate.idle.Animation2:Remove()

local RootCFrame = CFrame.fromEulerAnglesXYZ(-1.57,0,3.14)
Necko = cf(0, 1, 0, -1, -0, -0, 0, 0, 1, 0, 1, 0)
Necko2 = cf(0, -0.5, 0, -1, -0, -0, 0, 0, 1, 0, 1, 0)
Right_Hip_C1 = cf(0.5, 1, 0, 0, 0, 1, 0, 1, 0, -1, 0, 0)
Left_Hip_C1 = cf(-0.5, 1, 0, 0, 0, -1, 0, 1, 0, 1, 0, 0)

Movemment = 1
Walk = 0

Left_Shoulder = Instance.new("Weld", Torso)
Left_Shoulder.Part0 = Torso
Left_Shoulder.Part1 = Left_Arm
Left_Shoulder.Name = "Left Shoulder"
Left_Shoulder.C0 = CFrame.new(-1.5,0,0)

Right_Shoulder = Instance.new("Weld", Torso)
Right_Shoulder.Part0 = Torso
Right_Shoulder.Part1 = Right_Arm
Right_Shoulder.Name = "Right Shoulder"
Right_Shoulder.C0 = CFrame.new(1.5,0,0)

local Services = {

SoundService = game:GetService("SoundService");
Players = game:GetService("Players");
Debris = game:GetService("Debris");
Workspace = game:GetService("Workspace");
Lighting = game:GetService("Lighting");
HttpService = game:GetService("HttpService");
InsertService = game:GetService("InsertService");
	
}


MaxCooldown1 = 50
MaxCooldown2 = 30
MaxCooldown3 = 50
MaxCooldown4 = 150
MaxCooldownE = 1

Cooldown1 = MaxCooldown1
Cooldown2 = MaxCooldown2
Cooldown3 = MaxCooldown3
Cooldown4 = MaxCooldown4
CooldownE = MaxCooldownE

LeftShoulder.Parent = nil
RightShoulder.Parent = nil

Animator = Humanoid.Animator
Animate = Character.Animate


wait(0.1)

local HealthBarGUI = Instance.new("ScreenGui", Player.PlayerGui)
HealthBarGUI.Name = "HealthBarGUI"

local HealthBarP1 = Instance.new("Frame", HealthBarGUI)
HealthBarP1.Name = "HealthBarPart1"
HealthBarP1.Size = UDim2.new(0,300,0,40)
HealthBarP1.Position = UDim2.new(0,350,0,550)
HealthBarP1.Style = "RobloxRound"

local HealthBarP2 = Instance.new("Frame", HealthBarP1)
HealthBarP2.Name = "HealthBarPart2"
HealthBarP2.Size = UDim2.new(0,285,0,20)
HealthBarP2.Position = UDim2.new(0,0,0,0)

local HealthBarText = Instance.new("TextLabel", HealthBarP1)
HealthBarText.Name = "HealthBarText"
HealthBarText.Size = UDim2.new(0,285,0,20)
HealthBarText.Position = UDim2.new(0,0,0,0)
HealthBarText.BackgroundColor3 = Color3.new(0,1,0)	
HealthBarText.TextScaled = true
HealthBarText.Text = "Armony"
HealthBarText.TextStrokeTransparency = 0
HealthBarText.BackgroundTransparency = 1
HealthBarText.TextStrokeColor3 = Color3.new(1,1,1)
HealthBarText.TextColor3 = Color3.new(0,0,0)
HealthBarText.Font = "SciFi"

local ManaBarGUI = Instance.new("ScreenGui", Player.PlayerGui)
ManaBarGUI.Name = "ManaBarGUI"

local ManaBarP1 = Instance.new("Frame", ManaBarGUI)
ManaBarP1.Name = "ManaBarPart1"
ManaBarP1.Size = UDim2.new(0,300,0,40)
ManaBarP1.Position = UDim2.new(0,350,0,500)
ManaBarP1.Style = "RobloxRound"

local ManaBarP2 = Instance.new("Frame", ManaBarP1)
ManaBarP2.Name = "ManaBarPart2"
ManaBarP2.Size = UDim2.new(0,285,0,20)
ManaBarP2.Position = UDim2.new(0,0,0,0)
ManaBarP2.BackgroundColor3 = BrickColor.new("Bright blue").Color

local ManaBarText = Instance.new("TextLabel", ManaBarP1)
ManaBarText.Name = "ManaBarText"
ManaBarText.Size = UDim2.new(0,285,0,20)
ManaBarText.Position = UDim2.new(0,0,0,0)	
ManaBarText.TextScaled = true
ManaBarText.Text = "Astra"
ManaBarText.BackgroundTransparency = 1
ManaBarText.TextStrokeTransparency = 0
ManaBarText.TextStrokeColor3 = Color3.new(1,1,1)
ManaBarText.TextColor3 = Color3.new(0,0,0) 
ManaBarText.Font = "SciFi"

local BlockGUI = Instance.new("ScreenGui", Player.PlayerGui)
BlockGUI.Name = "BlockGUI"

local BlockBarP1 = Instance.new("Frame", BlockGUI)
BlockBarP1.Name = "BlockBarP1"
BlockBarP1.Size = UDim2.new(0,300,0,40)
BlockBarP1.Position = UDim2.new(0,350,0,450)
BlockBarP1.Style = "RobloxRound"

local BlockBarP2 = Instance.new("Frame", BlockBarP1)
BlockBarP2.Name = "BlockBarP2"
BlockBarP2.Size = UDim2.new(0,285,0,20)
BlockBarP2.Position = UDim2.new(0,0,0,0)
BlockBarP2.BackgroundColor3 = BrickColor.new("White").Color

local BlockBarText = Instance.new("TextLabel", BlockBarP1)
BlockBarText.Name = "BlockBarText"
BlockBarText.Size = UDim2.new(0,285,0,20)
BlockBarText.Position = UDim2.new(0,0,0,0)	
BlockBarText.TextScaled = true
BlockBarText.Text = "Astral block"
BlockBarText.BackgroundTransparency = 1
BlockBarText.TextStrokeTransparency = 0
BlockBarText.TextStrokeColor3 = Color3.new(1,1,1)
BlockBarText.TextColor3 = Color3.new(0,0,0)
BlockBarText.Font = "SciFi"

local CoolDownGUI = Instance.new("ScreenGui", Player.PlayerGui)
CoolDownGUI.Name = "CoolDownGUI"

local CoolDowns = Instance.new("Frame", CoolDownGUI)
CoolDowns.Name = "CoolDowns"
CoolDowns.Size = UDim2.new(0,200,0,200)
CoolDowns.Position = UDim2.new(0.81,0,0.68,0)
CoolDowns.Style = "RobloxRound"

local CoolDown1Frame = Instance.new("Frame", CoolDowns)
CoolDown1Frame.Name = "CoolDown1Frame"
CoolDown1Frame.Size = UDim2.new(0,80,0,50)
CoolDown1Frame.Position = UDim2.new(0,0,0,0)
CoolDown1Frame.BackgroundTransparency = 0.5
CoolDown1Frame.BackgroundColor3 = BrickColor.White().Color

local CoolDown1Bar = Instance.new("Frame", CoolDown1Frame)
CoolDown1Bar.Name = "CoolDown1Bar"
CoolDown1Bar.Size = UDim2.new(0,80,0,50)
CoolDown1Bar.Position = UDim2.new(0,0,0,0)	
CoolDown1Bar.BackgroundColor3 = BrickColor.White().Color

local CoolDown1Text = Instance.new("TextLabel", CoolDown1Frame)
CoolDown1Text.Name = "CoolDown1Text"
CoolDown1Text.Size = UDim2.new(0,80,0,50)
CoolDown1Text.Position = UDim2.new(0,0,0,0)	
CoolDown1Text.BackgroundTransparency = 1
CoolDown1Text.TextScaled = true
CoolDown1Text.Text = "Z - Stomp"
CoolDown1Text.TextStrokeTransparency = 0
CoolDown1Text.TextStrokeColor3 = Color3.new(1,1,1)
CoolDown1Text.TextColor3 = Color3.new(0,0,0)
CoolDown1Text.Font = "SciFi"

local CoolDown2Frame = Instance.new("Frame", CoolDowns)
CoolDown2Frame.Name = "CoolDown2Frame"
CoolDown2Frame.Size = UDim2.new(0,80,0,50)
CoolDown2Frame.Position = UDim2.new(0.55,0,0,0)
CoolDown2Frame.BackgroundTransparency = 0.5
CoolDown2Frame.BackgroundColor3 = BrickColor.White().Color

local CoolDown2Bar = Instance.new("Frame", CoolDown2Frame)
CoolDown2Bar.Name = "CoolDown2Bar"
CoolDown2Bar.Size = UDim2.new(0,80,0,50)
CoolDown2Bar.Position = UDim2.new(0,0,0,0)	
CoolDown2Bar.BackgroundColor3 = BrickColor.White().Color

local CoolDown2Text = Instance.new("TextLabel", CoolDown2Frame)
CoolDown2Text.Name = "CoolDown2Text"
CoolDown2Text.Size = UDim2.new(0,80,0,50)
CoolDown2Text.Position = UDim2.new(0,0,0,0)	
CoolDown2Text.BackgroundTransparency = 1
CoolDown2Text.TextScaled = true
CoolDown2Text.Text = "X - Astral beam"
CoolDown2Text.TextStrokeTransparency = 0
CoolDown2Text.TextStrokeColor3 = Color3.new(1,1,1)
CoolDown2Text.TextColor3 = Color3.new(0,0,0)
CoolDown2Text.Font = "SciFi"

local CoolDown3Frame = Instance.new("Frame", CoolDowns)
CoolDown3Frame.Name = "CoolDown3Frame"
CoolDown3Frame.Size = UDim2.new(0,80,0,50)
CoolDown3Frame.Position = UDim2.new(0,0,0.4,0)
CoolDown3Frame.BackgroundTransparency = 0.5
CoolDown3Frame.BackgroundColor3 = BrickColor.White().Color

local CoolDown3Bar = Instance.new("Frame", CoolDown3Frame)
CoolDown3Bar.Name = "CoolDown3Bar"
CoolDown3Bar.Size = UDim2.new(0,80,0,50)
CoolDown3Bar.Position = UDim2.new(0,0,0,0)	
CoolDown3Bar.BackgroundColor3 = BrickColor.White().Color

local CoolDown3Text = Instance.new("TextLabel", CoolDown3Frame)
CoolDown3Text.Name = "CoolDown3Text"
CoolDown3Text.Size = UDim2.new(0,80,0,50)
CoolDown3Text.Position = UDim2.new(0,0,0,0)	
CoolDown3Text.BackgroundTransparency = 1
CoolDown3Text.TextScaled = true
CoolDown3Text.Text = "C - Astral Dash"
CoolDown3Text.TextStrokeTransparency = 0
CoolDown3Text.TextStrokeColor3 = Color3.new(1,1,1)
CoolDown3Text.TextColor3 = Color3.new(0,0,0)
CoolDown3Text.Font = "SciFi"


local CoolDown4Frame = Instance.new("Frame", CoolDowns)
CoolDown4Frame.Name = "CoolDown4Frame"
CoolDown4Frame.Size = UDim2.new(0,80,0,50)
CoolDown4Frame.Position = UDim2.new(0.55,0,0.4,0)
CoolDown4Frame.BackgroundTransparency = 0.5
CoolDown4Frame.BackgroundColor3 = BrickColor.White().Color

local CoolDown4Bar = Instance.new("Frame", CoolDown4Frame)
CoolDown4Bar.Name = "CoolDown4Bar"
CoolDown4Bar.Size = UDim2.new(0,80,0,50)
CoolDown4Bar.Position = UDim2.new(0,0,0,0)	
CoolDown4Bar.BackgroundColor3 = BrickColor.White().Color

local CoolDown4Text = Instance.new("TextLabel", CoolDown4Frame)
CoolDown4Text.Name = "CoolDown4Text"
CoolDown4Text.Size = UDim2.new(0,80,0,50)
CoolDown4Text.Position = UDim2.new(0,0,0,0)	
CoolDown4Text.BackgroundTransparency = 1
CoolDown4Text.TextScaled = true
CoolDown4Text.Text = "V - Astral blast"
CoolDown4Text.TextStrokeTransparency = 0
CoolDown4Text.TextStrokeColor3 = Color3.new(1,1,1)
CoolDown4Text.TextColor3 = Color3.new(0,0,0)
CoolDown4Text.Font = "SciFi"

local CoolDownEFrame = Instance.new("Frame", CoolDowns)
CoolDownEFrame.Name = "CoolDownEFrame"
CoolDownEFrame.Size = UDim2.new(0,180,0,50)
CoolDownEFrame.Position = UDim2.new(0,0,0.74,0)
CoolDownEFrame.BackgroundTransparency = 0.5
CoolDownEFrame.BackgroundColor3 = BrickColor.White().Color

local CoolDownEBar = Instance.new("Frame", CoolDownEFrame)
CoolDownEBar.Name = "CoolDownEBar"
CoolDownEBar.Size = UDim2.new(0,180,0,50)
CoolDownEBar.Position = UDim2.new(0,0,0,0)	
CoolDownEBar.BackgroundColor3 = BrickColor.White().Color

local CoolDownEText = Instance.new("TextLabel", CoolDownEFrame)
CoolDownEText.Name = "CoolDownEText"
CoolDownEText.Size = UDim2.new(0,180,0,50)
CoolDownEText.Position = UDim2.new(0,0,0,0)	
CoolDownEText.BackgroundTransparency = 1
CoolDownEText.TextScaled = true
CoolDownEText.Text = "E - Astral block"
CoolDownEText.TextStrokeTransparency = 0
CoolDownEText.TextStrokeColor3 = Color3.new(1,1,1)
CoolDownEText.TextColor3 = Color3.new(0,0,0)
CoolDownEText.Font = "SciFi"
--------[[ Mesh Ids ]]--------

SpikeMeshId = 160003363
SpikeBallId = 9982590
StarMeshId = 45428961
CrystalMeshId = 9756362

--[[ Functions ]]--

function NoOutlines(Part)
		Part.TopSurface,Part.BottomSurface,Part.LeftSurface,Part.RightSurface,Part.FrontSurface,Part.BackSurface = 10,10,10,10,10,10
end
	

local CreatePart = function(Parent, Name, Color, Size, Material, Transparency, Shape)

local Part = Instance.new("Part", Parent)
Part.Name = Name
Part.BrickColor = BrickColor.new(Color)
Part.Size = Size
Part.Material = Material
Part.Transparency = Transparency
Part.Shape = Shape
Part.CanCollide = false
NoOutlines(Part)

return Part

end

local CreateBlockMesh = function(Parent, Scale)


local Mesh = Instance.new("BlockMesh", Parent)
Mesh.Scale = Scale

return Mesh

end


local CreateCircleMesh = function(Parent, Scale)


local Mesh = Instance.new("SpecialMesh", Parent)
Mesh.MeshType = "Sphere"
Mesh.Scale = Scale

return Mesh
end


local CreateCylinderMesh = function(Parent, Scale)



local Mesh = Instance.new("SpecialMesh", Parent)
Mesh.MeshType = "Cylinder"
Mesh.Scale = Scale


return Mesh

end

local CreateWedgeMesh = function(Parent, Scale)


local Mesh = Instance.new("SpecialMesh", Parent)
Mesh.MeshType = "Wedge"
Mesh.Scale = Scale

return Mesh

end

local CreateWeld = function(Parent, Cframe, Cframe2, P1 , P0)
	
local Weld = Instance.new("Weld", Parent)
Weld.Part0 = P0
Weld.Part1 = P1
Weld.Name = P0.Name .. "To" .. P1.Name
Weld.C0 = Cframe
Weld.C1 = Cframe2

return Weld	
	
end

local CreateCrystal = function(Parent, Name, Color, Size, Material, Transparency, Scale)


local Part = Instance.new("Part", Parent)
Part.Name = Name
Part.BrickColor = BrickColor.new(Color)
Part.Size = Size
Part.Material = Material
Part.Transparency = Transparency
Part.CanCollide = false
NoOutlines(Part)

local Mesh = Instance.new("SpecialMesh", Part)
Mesh.MeshId = "http://www.roblox.com/asset?id=" .. CrystalMeshId
Mesh.Scale = Scale

return Mesh and Part

end

local CreateSpike = function(Parent, Name, Color, Size, Material, Transparency, Scale)


local Part = Instance.new("Part", Parent)
Part.Name = Name
Part.BrickColor = BrickColor.new(Color)
Part.Size = Size
Part.Material = Material
Part.Transparency = Transparency
Part.CanCollide = false
NoOutlines(Part)

local Mesh = Instance.new("SpecialMesh", Part)
Mesh.MeshId = "http://www.roblox.com/asset?id=" .. SpikeMeshId
Mesh.Scale = Scale

return Mesh and Part

end

local CreateBlockMeshedPart = function(Parent, Name, Color, Size, Material, Transparency, Scale)


local Part = Instance.new("Part", Parent)
Part.Name = Name
Part.BrickColor = BrickColor.new(Color)
Part.Size = Size
Part.Material = Material
Part.Transparency = Transparency
Part.CanCollide = false
NoOutlines(Part)


local Mesh = Instance.new("BlockMesh", Part)
Mesh.Scale = Scale

return Mesh and Part

end


local CreateVelocity = function(Parent,Velocity,Force)
local BodyVelocity = Instance.new("BodyVelocity", Parent)
BodyVelocity.Velocity = Velocity
BodyVelocity.MaxForce = Force	

	
	
return BodyVelocity	
	
end

local MakeSFX = function(Parent, Id, Volume, Pitch)
	
local SFX = Instance.new("Sound", Parent)
SFX.SoundId = "http://www.roblox.com/asset?id=" .. Id
SFX.Name = "SFX"
SFX:Play()
SFX.Volume = Volume
SFX.Pitch = Pitch
SFX.PlayOnRemove = true
SFX:Remove()
	
end





CircleEffect = function(Position, Parent, DSX, DSY, DSZ, SX, SY, SZ, Time, Brickcolor, Material, Transparency)
	
local Part = Instance.new("Part", Parent)
Part.Transparency = Transparency
Part.Name = "CircleEffect"
Part.Size = Vector3.new()
Part.Anchored = true
Part.CanCollide = false
Part.Position = Position
Part.BrickColor = BrickColor.new(Brickcolor)
Part.Material = Material
NoOutlines(Part)

local Mesh = Instance.new("SpecialMesh", Part)
Mesh.MeshType = "Sphere"
Mesh.Scale = Vector3.new(DSX, DSY, DSZ)

Services.Debris:AddItem(Part, Time)


table.insert(Effects, {Part, "Circle", Time, SX, SY, SZ})


end


BlockEffect = function(Position, Parent, DSX, DSY, DSZ, SX, SY, SZ, Time, Brickcolor, Material, Transparency)
	
local Part = Instance.new("Part", Parent)
Part.Transparency = Transparency
Part.Name = "BlockEffect"
Part.Size = Vector3.new()
Part.Anchored = true
Part.Position = Position
Part.CanCollide = false
Part.BrickColor = BrickColor.new(Brickcolor)
Part.Material = Material
NoOutlines(Part)

local Mesh = Instance.new("BlockMesh", Part)
Mesh.Scale = Vector3.new(DSX, DSY, DSZ)

Services.Debris:AddItem(Part, Time)

table.insert(Effects, {Part, "Block", Time, SX, SY, SZ})


end

HeadEffect = function(Position, Parent, DSX, DSY, DSZ, SX, SY, SZ, Time, Brickcolor, Material, Transparency)
	
local Part = Instance.new("Part", Parent)
Part.Transparency = Transparency
Part.Name = "BlockEffect"
Part.Size = Vector3.new()
Part.Anchored = true
Part.Position = Position
Part.CanCollide = false
Part.BrickColor = BrickColor.new(Brickcolor)
Part.Material = Material
NoOutlines(Part)

local Mesh = Instance.new("SpecialMesh", Part)
Mesh.Scale = Vector3.new(DSX, DSY, DSZ)
Mesh.MeshType = "Head"

Services.Debris:AddItem(Part, Time)

table.insert(Effects, {Part, "Head", Time, SX, SY, SZ})
return Part

end

ShieldEffect = function(Position, Parent, DSX, DSY, DSZ, SX, SY, SZ, Time, Brickcolor, Material, Transparency)
	
local Part = Instance.new("Part", Parent)
Part.Transparency = Transparency
Part.Name = "BlockEffect"
Part.Size = Vector3.new()
Part.Anchored = true
Part.Position = Position
Part.CanCollide = false
Part.BrickColor = BrickColor.new(Brickcolor)
Part.Material = Material

NoOutlines(Part)

local Mesh = Instance.new("SpecialMesh", Part)
Mesh.Scale = Vector3.new(DSX, DSY, DSZ)
Mesh.MeshId = "http://www.roblox.com/asset?id=" .. 168130699

Services.Debris:AddItem(Part, Time)

table.insert(Effects, {Part, "Shield", Time, SX, SY, SZ})
return Part

end

--[[ Nageblade ]]--
Nageblade = Instance.new("Model", Character)
Nageblade.Name = "Nageblade"

Handle = CreatePart(Nageblade, "Handle", "Lily white", Vector3.new(0.2, 0.2, 0.2), "SmoothPlastic", 1, "Block")
HandleMesh = CreateBlockMesh(Handle, Vector3.new(1, 0.407, 0.782))
Part1 = CreatePart(Nageblade, "Part1", "Medium stone grey", Vector3.new(1.574, 0.2, 0.2), "SmoothPlastic", 0, "Block")
Part1Mesh = CreateBlockMesh(Part1, Vector3.new(1, 0.37, 0.957))
Part2 = CreatePart(Nageblade, "Part2", "Lily white", Vector3.new(0.326, 0.2, 0.2), "SmoothPlastic", 0, "Block")
Part2Mesh = CreateBlockMesh(Part2, Vector3.new(1, 0.407, 0.863))
Part3 = CreatePart(Nageblade, "Part3", "Really black", Vector3.new(0.241, 0.2, 1.791), "SmoothPlastic", 0, "Block")
Part3Mesh = CreateBlockMesh(Part3, Vector3.new(1, 0.464, 1))
Part4 = CreatePart(Nageblade, "Part4", "Lily white", Vector3.new(0.326, 0.2, 0.2), "SmoothPlastic", 0, "Block")
Part4Mesh = CreateBlockMesh(Part4, Vector3.new(1, 0.407, 0.676))
Part5 = CreatePart(Nageblade, "Part5", "Lily white", Vector3.new(1.021, 0.2, 0.2), "SmoothPlastic", 0, "Block")
Part5Mesh = CreateBlockMesh(Part5, Vector3.new(1, 0.407, 0.635))
Part6 = CreatePart(Nageblade, "Part6", "Lily white", Vector3.new(0.326, 0.2, 0.2), "SmoothPlastic", 0, "Block")
Part6Mesh = CreateBlockMesh(Part6, Vector3.new(1, 0.407, 0.668))
Part7 = CreatePart(Nageblade, "Part7", "Lily white", Vector3.new(0.2, 0.2, 0.2), "SmoothPlastic", 0, "Block")
Part7Mesh = CreateBlockMesh(Part7, Vector3.new(0.973, 0.407, 0.904))
Part8 = CreatePart(Nageblade, "Part8", "Lily white", Vector3.new(0.2, 0.2, 0.2), "SmoothPlastic", 0, "Block")
Part8Mesh = CreateBlockMesh(Part8, Vector3.new(0.973, 0.407, 0.904))
Part9 = CreatePart(Nageblade, "Part9", "Lily white", Vector3.new(0.2, 0.2, 0.2), "SmoothPlastic", 0, "Block")
Part9Mesh = CreateBlockMesh(Part9, Vector3.new(0.973, 0.407, 0.904))
Part10 = CreatePart(Nageblade, "Part10", "Lily white", Vector3.new(0.545, 0.2, 0.2), "SmoothPlastic", 0, "Block")
Part10Mesh = CreateBlockMesh(Part10, Vector3.new(1, 0.407, 0.904))
Part11 = CreatePart(Nageblade, "Part11", "Lily white", Vector3.new(0.2, 0.2, 0.293), "SmoothPlastic", 0, "Block")
Part11Mesh = CreateWedgeMesh(Part11, Vector3.new(0.407, 0.896, 1))
Part12 = CreatePart(Nageblade, "Part12", "Lily white", Vector3.new(1.031, 0.2, 0.2), "SmoothPlastic", 0, "Block")
Part12Mesh = CreateBlockMesh(Part12, Vector3.new(1, 0.407, 0.908))
Part13 = CreatePart(Nageblade, "Part13", "Lily white", Vector3.new(0.345, 0.2, 0.2), "SmoothPlastic", 0, "Block")
Part13Mesh = CreateBlockMesh(Part13, Vector3.new(1, 0.407, 0.904))
Part14 = CreatePart(Nageblade, "Part14", "Br. yellowish orange", Vector3.new(0.2, 0.2, 0.2), "SmoothPlastic", 0, "Block")
Part14Mesh = CreateBlockMesh(Part14, Vector3.new(0.973, 0.407, 0.904))
Part15 = CreatePart(Nageblade, "Part15", "Dark stone grey", Vector3.new(0.2, 0.685, 0.811), "SmoothPlastic", 0, "Block")
Part15Mesh = CreateCylinderMesh(Part15, Vector3.new(0.537, 1, 1))
Part16 = CreatePart(Nageblade, "Part16", "Lily white", Vector3.new(1.1, 0.2, 0.639), "SmoothPlastic", 0, "Block")
Part16Mesh = CreateBlockMesh(Part16, Vector3.new(1, 0.407, 1))
Part17 = CreatePart(Nageblade, "Part17", "Lily white", Vector3.new(0.2, 0.633, 0.689), "SmoothPlastic", 0, "Block")
Part17Mesh = CreateWedgeMesh(Part17, Vector3.new(0.407, 1, 1))
Part18 = CreatePart(Nageblade, "Part18", "Lily white", Vector3.new(0.611, 0.2, 0.418), "SmoothPlastic", 0, "Block")
Part18Mesh = CreateBlockMesh(Part18, Vector3.new(1, 0.407, 1))
Part19 = CreatePart(Nageblade, "Part19", "Lily white", Vector3.new(3.323, 0.2, 0.639), "SmoothPlastic", 0, "Block")
Part19Mesh = CreateBlockMesh(Part19, Vector3.new(1, 0.407, 1))
Part20 = CreatePart(Nageblade, "Part20", "Lily white", Vector3.new(0.329, 0.2, 0.2), "SmoothPlastic", 0, "Block")
Part20Mesh = CreateBlockMesh(Part20, Vector3.new(1, 0.399, 0.904))
Part21 = CreatePart(Nageblade, "Part21", "Lily white", Vector3.new(0.2, 0.768, 0.817), "SmoothPlastic", 0, "Block")
Part21Mesh = CreateCylinderMesh(Part21, Vector3.new(0.513, 1, 1))
Part22 = CreatePart(Nageblade, "Part22", "Lily white", Vector3.new(0.2, 0.2, 0.2), "SmoothPlastic", 0, "Block")
Part22Mesh = CreateBlockMesh(Part22, Vector3.new(0.973, 0.407, 0.904))
Part23 = CreatePart(Nageblade, "Part23", "Lily white", Vector3.new(0.2, 0.2, 0.2), "SmoothPlastic", 0, "Block")
Part23Mesh = CreateBlockMesh(Part23, Vector3.new(0.973, 0.407, 0.904))
Part24 = CreatePart(Nageblade, "Part24", "Lily white", Vector3.new(0.2, 0.2, 0.2), "SmoothPlastic", 0, "Block")
Part24Mesh = CreateBlockMesh(Part24, Vector3.new(0.973, 0.407, 0.904))
Part25 = CreatePart(Nageblade, "Part25", "Lily white", Vector3.new(0.545, 0.2, 0.2), "SmoothPlastic", 0, "Block")
Part25Mesh = CreateBlockMesh(Part25, Vector3.new(1, 0.407, 0.904))
Part26 = CreatePart(Nageblade, "Part26", "Lily white", Vector3.new(0.2, 0.2, 0.293), "SmoothPlastic", 0, "Block")
Part26Mesh = CreateWedgeMesh(Part26, Vector3.new(0.407, 0.896, 1))
Part27 = CreatePart(Nageblade, "Part27", "Lily white", Vector3.new(0.2, 0.2, 0.2), "SmoothPlastic", 0, "Block")
Part27Mesh = CreateBlockMesh(Part27, Vector3.new(0.973, 0.407, 0.904))
Part28 = CreatePart(Nageblade, "Part28", "Lily white", Vector3.new(0.2, 0.2, 0.2), "SmoothPlastic", 0, "Block")
Part28Mesh = CreateBlockMesh(Part28, Vector3.new(0.973, 0.407, 0.904))
Part29 = CreatePart(Nageblade, "Part29", "Lily white", Vector3.new(0.2, 0.2, 0.2), "SmoothPlastic", 0, "Block")
Part29Mesh = CreateBlockMesh(Part29, Vector3.new(0.973, 0.407, 0.904))
Part30 = CreatePart(Nageblade, "Part30", "Lily white", Vector3.new(1.1, 0.2, 0.639), "SmoothPlastic", 0, "Block")
Part30Mesh = CreateBlockMesh(Part30, Vector3.new(1, 0.407, 1))
Part31 = CreatePart(Nageblade, "Part31", "Lily white", Vector3.new(0.2, 0.2, 0.293), "SmoothPlastic", 0, "Block")
Part31Mesh = CreateWedgeMesh(Part31, Vector3.new(0.407, 0.896, 1))
Part32 = CreatePart(Nageblade, "Part32", "Lily white", Vector3.new(0.545, 0.2, 0.2), "SmoothPlastic", 0, "Block")
Part32Mesh = CreateBlockMesh(Part32, Vector3.new(1, 0.407, 0.904))
Part33 = CreatePart(Nageblade, "Part33", "Lily white", Vector3.new(0.2, 0.2, 0.254), "SmoothPlastic", 0, "Block")
Part33Mesh = CreateBlockMesh(Part33, Vector3.new(1, 0.407, 1))
Part34 = CreatePart(Nageblade, "Part34", "Lily white", Vector3.new(1.1, 0.2, 0.639), "SmoothPlastic", 0, "Block")
Part34Mesh = CreateBlockMesh(Part34, Vector3.new(1, 0.407, 1))
Part35 = CreatePart(Nageblade, "Part35", "Br. yellowish orange", Vector3.new(0.545, 0.2, 0.2), "SmoothPlastic", 0, "Block")
Part35Mesh = CreateBlockMesh(Part35, Vector3.new(1, 0.407, 0.904))
Part36 = CreatePart(Nageblade, "Part36", "Br. yellowish orange", Vector3.new(0.2, 0.459, 0.727), "SmoothPlastic", 0, "Block")
Part36Mesh = CreateWedgeMesh(Part36, Vector3.new(0.525, 1, 1))
Part37 = CreatePart(Nageblade, "Part37", "Br. yellowish orange", Vector3.new(0.2, 0.443, 0.847), "SmoothPlastic", 0, "Block")
Part37Mesh = CreateCircleMesh(Part37, Vector3.new(0.081, 1, 1))
Part38 = CreatePart(Nageblade, "Part38", "Br. yellowish orange", Vector3.new(0.2, 0.418, 0.825), "Neon", 0, "Block")
Part38Mesh = CreateCircleMesh(Part38, Vector3.new(0.501, 1, 1))
Part39 = CreatePart(Nageblade, "Part39", "Br. yellowish orange", Vector3.new(0.2, 0.443, 0.847), "SmoothPlastic", 0, "Block")
Part39Mesh = CreateCircleMesh(Part39, Vector3.new(0.081, 1, 1))
Part40 = CreatePart(Nageblade, "Part40", "Br. yellowish orange", Vector3.new(0.2, 0.418, 0.825), "Neon", 0, "Block")
Part40Mesh = CreateCircleMesh(Part40, Vector3.new(0.501, 1, 1))
Part41 = CreateCrystal(Nageblade, "Part41", "Br. yellowish orange", Vector3.new(0.2, 0.2, 0.2), "SmoothPlastic", 0,  Vector3.new(0.163, 0.651, 0.081))
Part42 = CreateCrystal(Nageblade, "Part42", "Br. yellowish orange", Vector3.new(0.2, 0.2, 0.2), "SmoothPlastic", 0,  Vector3.new(0.122, 0.57, 0.081))
Part43 = CreateCrystal(Nageblade, "Part43", "Br. yellowish orange", Vector3.new(0.2, 0.2, 0.2), "SmoothPlastic", 0,  Vector3.new(0.081, 0.407, 0.081))
Part44 = CreateCrystal(Nageblade, "Part44", "Br. yellowish orange", Vector3.new(0.2, 0.2, 0.2), "SmoothPlastic", 0,  Vector3.new(0.081, 0.407, 0.081))
Part45 = CreateCrystal(Nageblade, "Part44", "Br. yellowish orange", Vector3.new(0.2, 0.2, 0.2), "SmoothPlastic", 0,  Vector3.new(0.163, 0.651, 0.081))
Part46 = CreatePart(Nageblade, "Part46", "Br. yellowish orange", Vector3.new(0.838, 0.2, 0.2), "SmoothPlastic", 0, "Block")
Part46Mesh = CreateBlockMesh(Part46, Vector3.new(1, 0.57, 0.431))
Part47 = CreatePart(Nageblade, "Part47", "Br. yellowish orange", Vector3.new(0.2, 0.365, 0.845), "SmoothPlastic", 0, "Block")
Part47Mesh = CreateWedgeMesh(Part47, Vector3.new(0.566, 1, 1))
Part48 = CreatePart(Nageblade, "Part48", "Br. yellowish orange", Vector3.new(0.2, 0.2, 0.2), "SmoothPlastic", 0, "Block")
Part48Mesh = CreateBlockMesh(Part48, Vector3.new(0.973, 0.407, 0.904))
Part49 = CreatePart(Nageblade, "Part49", "Br. yellowish orange", Vector3.new(0.2, 0.2, 0.2), "SmoothPlastic", 0, "Block")
Part49Mesh = CreateBlockMesh(Part49, Vector3.new(0.973, 0.407, 0.904))
Part50 = CreatePart(Nageblade, "Part50", "Br. yellowish orange", Vector3.new(0.428, 0.2, 0.54), "SmoothPlastic", 0, "Block")
Part50Mesh = CreateBlockMesh(Part50, Vector3.new(1, 0.521, 1))
Part51 = CreatePart(Nageblade, "Part51", "Br. yellowish orange", Vector3.new(0.2, 0.2, 0.293), "SmoothPlastic", 0, "Block")
Part51Mesh = CreateWedgeMesh(Part51, Vector3.new(0.407, 0.896, 1))
Part52 = CreatePart(Nageblade, "Part52", "Br. yellowish orange", Vector3.new(0.2, 0.459, 0.727), "SmoothPlastic", 0, "Block")
Part52Mesh = CreateWedgeMesh(Part52, Vector3.new(0.525, 1, 1))
Part53 = CreatePart(Nageblade, "Part53", "Br. yellowish orange", Vector3.new(0.2, 0.2, 0.293), "SmoothPlastic", 0, "Block")
Part53Mesh = CreateWedgeMesh(Part53, Vector3.new(0.407, 0.896, 1))
Part54 = CreatePart(Nageblade, "Part54", "Br. yellowish orange", Vector3.new(0.545, 0.2, 0.2), "SmoothPlastic", 0, "Block")
Part54Mesh = CreateBlockMesh(Part54, Vector3.new(1, 0.407, 0.904))
Part55 = CreatePart(Nageblade, "Part55", "Br. yellowish orange", Vector3.new(0.2, 0.2, 0.2), "SmoothPlastic", 0, "Block")
Part55Mesh = CreateBlockMesh(Part55, Vector3.new(0.973, 0.407, 0.904))
Part56 = CreatePart(Nageblade, "Part56", "Br. yellowish orange", Vector3.new(0.2, 0.2, 0.2), "SmoothPlastic", 0, "Block")
Part56Mesh = CreateBlockMesh(Part56, Vector3.new(0.973, 0.407, 0.904))
Part57 = CreatePart(Nageblade, "Part57", "Br. yellowish orange", Vector3.new(0.2, 0.48, 0.727), "SmoothPlastic", 0, "Block")
Part57Mesh = CreateWedgeMesh(Part57, Vector3.new(0.525, 1, 1))
Part58 = CreatePart(Nageblade, "Part58", "Br. yellowish orange", Vector3.new(0.2, 0.2, 0.2), "SmoothPlastic", 0, "Block")
Part58Mesh = CreateBlockMesh(Part58, Vector3.new(0.973, 0.407, 0.904))
Part59 = CreatePart(Nageblade, "Part59", "Br. yellowish orange", Vector3.new(0.2, 0.2, 0.293), "SmoothPlastic", 0, "Block")
Part59Mesh = CreateWedgeMesh(Part59, Vector3.new(0.407, 0.896, 1))
Part60 = CreatePart(Nageblade, "Part60", "Br. yellowish orange", Vector3.new(0.2, 0.2, 0.293), "SmoothPlastic", 0, "Block")
Part60Mesh = CreateWedgeMesh(Part60, Vector3.new(0.407, 0.896, 1))
Part61 = CreatePart(Nageblade, "Part61", "Br. yellowish orange", Vector3.new(0.2, 0.488, 0.653), "SmoothPlastic", 0, "Block")
Part61Mesh = CreateWedgeMesh(Part61, Vector3.new(0.525, 1, 1))
Part62 = CreatePart(Nageblade, "Part62", "Br. yellowish orange", Vector3.new(0.2, 0.427, 0.2), "SmoothPlastic", 0, "Block")
Part62Mesh = CreateWedgeMesh(Part62, Vector3.new(0.566, 1, 0.692))
Part63 = CreatePart(Nageblade, "Part63", "Br. yellowish orange", Vector3.new(0.374, 0.2, 0.223), "SmoothPlastic", 0, "Block")
Part63Mesh = CreateBlockMesh(Part63, Vector3.new(1, 0.521, 1))
Part64 = CreatePart(Nageblade, "Part64", "Br. yellowish orange", Vector3.new(0.2, 0.2, 0.2), "SmoothPlastic", 0, "Block")
Part64Mesh = CreateWedgeMesh(Part64, Vector3.new(0.525, 0.513, 0.513))
Part65 = CreatePart(Nageblade, "Part65", "Br. yellowish orange", Vector3.new(0.2, 0.225, 0.366), "SmoothPlastic", 0, "Block")
Part65Mesh = CreateWedgeMesh(Part65, Vector3.new(0.525, 1, 1))
Part66 = CreatePart(Nageblade, "Part66", "Br. yellowish orange", Vector3.new(0.2, 0.459, 0.727), "SmoothPlastic", 0, "Block")
Part66Mesh = CreateWedgeMesh(Part66, Vector3.new(0.525, 1, 1))
Part67 = CreatePart(Nageblade, "Part67", "Br. yellowish orange", Vector3.new(0.2, 0.382, 0.324), "SmoothPlastic", 0, "Block")
Part67Mesh = CreateWedgeMesh(Part67, Vector3.new(0.525, 1, 1))
Part68 = CreatePart(Nageblade, "Part68", "Br. yellowish orange", Vector3.new(0.208, 0.2, 0.293), "SmoothPlastic", 0, "Block")
Part68Mesh = CreateWedgeMesh(Part68, Vector3.new(1, 0.896, 1))
Part69 = CreatePart(Nageblade, "Part69", "Br. yellowish orange", Vector3.new(0.2, 0.209, 0.2), "SmoothPlastic", 0, "Block")
Part69Mesh = CreateBlockMesh(Part69, Vector3.new(0.973, 1, 0.904))
Part70 = CreatePart(Nageblade, "Part70", "Br. yellowish orange", Vector3.new(0.2, 0.209, 0.2), "SmoothPlastic", 0, "Block")
Part70Mesh = CreateBlockMesh(Part70, Vector3.new(0.973, 1, 0.904))
Part71 = CreatePart(Nageblade, "Part71", "Br. yellowish orange", Vector3.new(0.431, 0.209, 0.2), "SmoothPlastic", 0, "Block")
Part71Mesh = CreateBlockMesh(Part71, Vector3.new(1, 1, 0.57))
Part72 = CreatePart(Nageblade, "Part72", "Br. yellowish orange", Vector3.new(0.2, 0.21, 0.2), "SmoothPlastic", 0, "Block")
Part72Mesh = CreateBlockMesh(Part72, Vector3.new(0.973, 1, 0.904))
Part73 = CreatePart(Nageblade, "Part73", "Br. yellowish orange", Vector3.new(0.211, 0.2, 1.795), "SmoothPlastic", 0, "Block")
Part73Mesh = CreateBlockMesh(Part73, Vector3.new(1, 0.521, 1))
Part74 = CreatePart(Nageblade, "Part74", "Br. yellowish orange", Vector3.new(0.431, 0.209, 0.2), "SmoothPlastic", 0, "Block")
Part74Mesh = CreateBlockMesh(Part74, Vector3.new(1, 1, 0.57))
Part75 = CreatePart(Nageblade, "Part75", "Br. yellowish orange", Vector3.new(0.208, 0.2, 0.293), "SmoothPlastic", 0, "Block")
Part75Mesh = CreateWedgeMesh(Part75, Vector3.new(1, 0.896, 1))
Part76 = CreatePart(Nageblade, "Part76", "Br. yellowish orange", Vector3.new(0.2, 0.209, 0.2), "SmoothPlastic", 0, "Block")
Part76Mesh = CreateBlockMesh(Part76, Vector3.new(0.973, 1, 0.904))
Part77 = CreatePart(Nageblade, "Part77", "Br. yellowish orange", Vector3.new(0.2, 0.21, 0.2), "SmoothPlastic", 0, "Block")
Part77Mesh = CreateBlockMesh(Part77, Vector3.new(0.973, 1, 0.904))
Part78 = CreatePart(Nageblade, "Part78", "Br. yellowish orange", Vector3.new(0.2, 0.209, 0.2), "SmoothPlastic", 0, "Block")
Part78Mesh = CreateBlockMesh(Part78, Vector3.new(0.973, 1, 0.904))



HandleWeld = CreateWeld(Nageblade,  CFrame.new(0,-1,0) * CFrame.Angles(-1.57,0,1.57), CFrame.new(0,0,0), Handle, Right_Arm, "HandleToRightArm")
Part1Weld = CreateWeld(Nageblade,  CFrame.new(0, 0, 0, 1, 0, 0, 0, 1, 0, 0, 0, 1), CFrame.new(-0.154254913, 0.000417292118, 0.0376167297, 1.00000012, 2.32830644e-010, 3.7252903e-009, 2.32830644e-010, 1, 0, 3.7252903e-009, 0, 1.00000012), Part1, Handle, "Part1ToHandle")
Part2Weld = CreateWeld(Nageblade,  CFrame.new(0, 0, 0, 1, 0, 0, 0, 1, 0, 0, 0, 1), CFrame.new(0.484401703, -2.74181366e-006, -0.178144455, 0.939690292, -6.36512414e-006, 0.342026591, 7.60564581e-006, 0.99999994, -2.2854656e-006, -0.342026561, 4.75021079e-006, 0.939690471), Part2, Handle)
Part3Weld = CreateWeld(Nageblade,  CFrame.new(0, 0, 0, 1, 0, 0, 0, 1, 0, 0, 0, 1), CFrame.new(-0.0747833252, -0.00330075622, 2.64705276, -7.78958201e-006, -1.53575093e-006, 1.00000012, 1.05060753e-005, 1, 1.53668225e-006, -1, 1.05063082e-005, -7.7933073e-006), Part3, Handle)
Part4Weld = CreateWeld(Nageblade,  CFrame.new(0, 0, 0, 1, 0, 0, 0, 1, 0, 0, 0, 1), CFrame.new(0.545940399, 1.05202198e-005, -0.00629997253, 0.939690292, -6.36512414e-006, 0.342026591, 7.60564581e-006, 0.99999994, -2.2854656e-006, -0.342026561, 4.75021079e-006, 0.939690471), Part4, Handle)
Part5Weld = CreateWeld(Nageblade,  CFrame.new(0, 0, 0, 1, 0, 0, 0, 1, 0, 0, 0, 1), CFrame.new(-0.439594269, 1.93715096e-005, 0.0704917908, 1.00000012, 2.32830644e-010, 3.7252903e-009, 2.32830644e-010, 1, 0, 3.7252903e-009, 0, 1.00000012), Part5, Handle)
Part6Weld = CreateWeld(Nageblade,  CFrame.new(0, 0, 0, 1, 0, 0, 0, 1, 0, 0, 0, 1), CFrame.new(0.230724335, 3.93390656e-006, 0.0608444214, 0.984808147, -2.8036302e-006, 0.173646405, 1.79972267e-006, 1, 5.9409067e-006, -0.17364639, -5.53810969e-006, 0.984808087), Part6, Handle)
Part7Weld = CreateWeld(Nageblade,  CFrame.new(0, 0, 0, 1, 0, 0, 0, 1, 0, 0, 0, 1), CFrame.new(0.878177643, -4.8071146e-005, 2.00817871, -0.642798722, 4.6226196e-006, 0.766035318, 7.58218812e-006, 1, 3.28756869e-007, -0.766035199, 6.01867214e-006, -0.642798841), Part7, Handle)
Part8Weld = CreateWeld(Nageblade,  CFrame.new(0, 0, 0, 1, 0, 0, 0, 1, 0, 0, 0, 1), CFrame.new(1.65942383, -1.1831522e-005, 1.55905151, -0.866030037, 4.59607691e-007, 0.499992192, 2.27079727e-006, 1, 3.01375985e-006, -0.499992102, 3.7457794e-006, -0.866030097), Part8, Handle)
Part9Weld = CreateWeld(Nageblade,  CFrame.new(0, 0, 0, 1, 0, 0, 0, 1, 0, 0, 0, 1), CFrame.new(2.08008957, -3.7252903e-006, 1.23241043, -0.939695656, 8.45664181e-006, 0.342012167, 9.18429578e-006, 1, 5.07570803e-007, -0.342012078, 3.61772254e-006, -0.939695716), Part9, Handle)
Part10Weld = CreateWeld(Nageblade,  CFrame.new(0, 0, 0, 1, 0, 0, 0, 1, 0, 0, 0, 1), CFrame.new(2.61110306, -0.000803798437, 0.837345123, -0.984809518, 4.60387673e-006, 0.173638374, 3.06894071e-006, 1, -9.10833478e-006, -0.173638344, -8.43964517e-006, -0.984809637), Part10, Handle)
Part11Weld = CreateWeld(Nageblade,  CFrame.new(0, 0, 0, 1, 0, 0, 0, 1, 0, 0, 0, 1), CFrame.new(0.00166743994, 2.00920105, -0.637729645, -8.81997403e-006, -1, 8.54674727e-006, -0.766049802, 1.26287341e-006, -0.642781377, 0.642781317, -1.22161582e-005, -0.766049802), Part11, Handle)
Part12Weld = CreateWeld(Nageblade,  CFrame.new(0, 0, 0, 1, 0, 0, 0, 1, 0, 0, 0, 1), CFrame.new(-0.437149048, -1.10864639e-005, -0.102432251, 1.00000012, 2.32830644e-010, 3.7252903e-009, 2.32830644e-010, 1, 0, 3.7252903e-009, 0, 1.00000012), Part12, Handle)
Part13Weld = CreateWeld(Nageblade,  CFrame.new(0, 0, 0, 1, 0, 0, 0, 1, 0, 0, 0, 1), CFrame.new(0.212978363, 2.29477882e-006, -0.11391449, 0.984808147, -2.8036302e-006, 0.173646405, 1.79972267e-006, 1, 5.9409067e-006, -0.17364639, -5.53810969e-006, 0.984808087), Part13, Handle)
Part14Weld = CreateWeld(Nageblade,  CFrame.new(0, 0, 0, 1, 0, 0, 0, 1, 0, 0, 0, 1), CFrame.new(-1.55167007, 2.03251839e-005, -0.701080322, 1.00000012, 2.32830644e-010, 3.7252903e-009, 2.32830644e-010, 1, 0, 3.7252903e-009, 0, 1.00000012), Part14, Handle)
Part15Weld = CreateWeld(Nageblade,  CFrame.new(0, 0, 0, 1, 0, 0, 0, 1, 0, 0, 0, 1), CFrame.new(0.000846028328, -0.0858535767, 3.7416153, -8.81997403e-006, -1, 8.54674727e-006, -7.82310963e-006, 8.54674727e-006, 1.00000012, -1, 8.8197994e-006, -7.82310963e-006), Part15, Handle)
Part16Weld = CreateWeld(Nageblade,  CFrame.new(0, 0, 0, 1, 0, 0, 0, 1, 0, 0, 0, 1), CFrame.new(-6.12342072, 0.000812411308, 0.452892303, 0.995477796, 1.70210842e-006, 0.0949947238, -1.42474892e-006, 1.00000012, -2.98582017e-006, -0.0949947238, 2.83773988e-006, 0.995477915), Part16, Handle)
Part17Weld = CreateWeld(Nageblade,  CFrame.new(0, 0, 0, 1, 0, 0, 0, 1, 0, 0, 0, 1), CFrame.new(-0.00089469552, -2.22120667, 7.69824219, 8.81997403e-006, 1, -8.54674727e-006, 0.342030585, -1.10482797e-005, -0.939688921, -0.939688861, 5.36511652e-006, -0.342030615), Part17, Handle)
Part18Weld = CreateWeld(Nageblade,  CFrame.new(0, 0, 0, 1, 0, 0, 0, 1, 0, 0, 0, 1), CFrame.new(-4.22359085, 1.82688236e-005, 0.0301704407, 1.00000012, 2.32830644e-010, 3.7252903e-009, 2.32830644e-010, 1, 0, 3.7252903e-009, 0, 1.00000012), Part18, Handle)
Part19Weld = CreateWeld(Nageblade,  CFrame.new(0, 0, 0, 1, 0, 0, 0, 1, 0, 0, 0, 1), CFrame.new(-2.71011734, 9.86456871e-006, -0.0923919678, 1.00000012, 2.32830644e-010, 3.7252903e-009, 2.32830644e-010, 1, 0, 3.7252903e-009, 0, 1.00000012), Part19, Handle)
Part20Weld = CreateWeld(Nageblade,  CFrame.new(0, 0, 0, 1, 0, 0, 0, 1, 0, 0, 0, 1), CFrame.new(-3.71857452, 2.61068344e-005, 2.86813354, 0.766054809, -3.24938446e-006, -0.642775357, -3.7739519e-006, -1, 5.569309e-007, -0.642775297, 1.99861825e-006, -0.766054869), Part20, Handle)
Part21Weld = CreateWeld(Nageblade,  CFrame.new(0, 0, 0, 1, 0, 0, 0, 1, 0, 0, 0, 1), CFrame.new(0.000820726156, -0.0882949829, 3.7387619, -8.81997403e-006, -1, 8.54674727e-006, -7.82310963e-006, 8.54674727e-006, 1.00000012, -1, 8.8197994e-006, -7.82310963e-006), Part21, Handle)
Part22Weld = CreateWeld(Nageblade,  CFrame.new(0, 0, 0, 1, 0, 0, 0, 1, 0, 0, 0, 1), CFrame.new(2.69364166, 0.000803858042, 3.90794182, -0.64278847, -7.85477459e-006, -0.766043901, -2.45537376e-006, -1, 1.23130158e-005, -0.766043782, 9.79658216e-006, 0.642788529), Part22, Handle)
Part23Weld = CreateWeld(Nageblade,  CFrame.new(0, 0, 0, 1, 0, 0, 0, 1, 0, 0, 0, 1), CFrame.new(4.01513672, 0.000854611397, 2.72330856, -0.866026223, 7.05290586e-006, -0.499998748, -1.38133764e-005, -1.00000012, 9.81986523e-006, -0.499998629, 1.54110603e-005, 0.866026282), Part23, Handle)
Part24Weld = CreateWeld(Nageblade,  CFrame.new(0, 0, 0, 1, 0, 0, 0, 1, 0, 0, 0, 1), CFrame.new(4.60215759, 0.000867843628, 1.96988297, -0.939694524, 7.43940473e-006, -0.342015207, -9.65245999e-006, -0.99999994, 4.76837158e-006, -0.342015177, 7.78213143e-006, 0.939694464), Part24, Handle)
Part25Weld = CreateWeld(Nageblade,  CFrame.new(0, 0, 0, 1, 0, 0, 0, 1, 0, 0, 0, 1), CFrame.new(5.2229805, 2.96831131e-005, 1.12572098, -0.984808147, 2.8036302e-006, -0.173646405, -3.2314565e-006, -0.99999994, 2.17929482e-006, -0.17364639, 2.70782039e-006, 0.984808147), Part25, Handle)
Part26Weld = CreateWeld(Nageblade,  CFrame.new(0, 0, 0, 1, 0, 0, 0, 1, 0, 0, 0, 1), CFrame.new(0.000746399164, 3.90896225, -2.45314789, 8.81997403e-006, 1, -8.54674727e-006, -0.766052544, 1.22501515e-005, 0.642778039, 0.642778039, 8.77305865e-007, 0.766052604), Part26, Handle)
Part27Weld = CreateWeld(Nageblade,  CFrame.new(0, 0, 0, 1, 0, 0, 0, 1, 0, 0, 0, 1), CFrame.new(1.41415024, 0.000788211823, 3.75719452, -0.500010967, 4.51179221e-006, 0.866019249, 5.15847933e-006, 0.99999994, -2.23144889e-006, -0.86601913, 3.35089862e-006, -0.500011027), Part27, Handle)
Part28Weld = CreateWeld(Nageblade,  CFrame.new(0, 0, 0, 1, 0, 0, 0, 1, 0, 0, 0, 1), CFrame.new(2.76126289, 0.000783234835, 3.01924896, -0.766054809, 3.24938446e-006, 0.642775357, 3.7739519e-006, 1, -5.569309e-007, -0.642775297, 1.99861825e-006, -0.766054869), Part28, Handle)
Part29Weld = CreateWeld(Nageblade,  CFrame.new(0, 0, 0, 1, 0, 0, 0, 1, 0, 0, 0, 1), CFrame.new(3.41869354, 0.000812739134, 2.4790802, -0.866030037, 4.59607691e-007, 0.499992192, 2.27079727e-006, 1, 3.01375985e-006, -0.499992102, 3.7457794e-006, -0.866030097), Part29, Handle)
Part30Weld = CreateWeld(Nageblade,  CFrame.new(0, 0, 0, 1, 0, 0, 0, 1, 0, 0, 0, 1), CFrame.new(-5.07390594, 0.000837355852, -0.0785102844, 1.00000012, 2.32830644e-010, 3.7252903e-009, 2.32830644e-010, 1, 0, 3.7252903e-009, 0, 1.00000012), Part30, Handle)
Part31Weld = CreateWeld(Nageblade,  CFrame.new(0, 0, 0, 1, 0, 0, 0, 1, 0, 0, 0, 1), CFrame.new(0.000840127468, 3.75822449, -1.17358017, -8.81997403e-006, -1, 8.54674727e-006, -0.866030931, 3.36533412e-006, -0.499990523, 0.499990463, -1.18119642e-005, -0.866030931), Part31, Handle)
