local plr = game.Players.LocalPlayer
local chr = plr.Character
local maus = plr:GetMouse()
local PGui=plr.PlayerGui
local lleg = chr["Left Leg"]
local rleg = chr["Right Leg"]
local larm = chr["Left Arm"]
local rarm = chr["Right Arm"]
local hed = chr.Head
local rutprt = chr.HumanoidRootPart
local torso = chr.Torso
local otheranims=false
local armmovement=false
local equipped=false
chr.Animate.Disabled=true
local MaxSpeed=52
local runnin=false
local homingEnabled=true
local tik=0
local fldb={['w']=false,['a']=false,['s']=false,['d']=false,['q']=false,['e']=false}
local armanim=""
local animset="NotEquipped"
local rotvaluex=0
local rotvaluey=0
local rotvaluez=0
local ayyy=0
local firing=false
local distances={}
local torsos={}
local currenthealth=100
local shield=false

local decals={"339302475","339302317","339303213","339302608","339302827","339303066","339303401","150037981","167241003","235558077","265452635","260161937","242814125","230417107","252230874","231949998","229222676","181607551","231953209","123431503","184905165","172755711","161494218","292791711","205912841","68953525","180163702","123385234","138847283","159127645","172511645","210175195","206539362","192486406","96613287","131764585","168427244","128595009","96687581","171590601","172329151","72116648","221557708","214883980"}

coroutine.wrap(function()
for i,x in pairs(hed:GetChildren()) do if x:IsA('Sound') then x:Destroy() end end end)()
function Lerp(a, b, i)
local com1 = {a.X, a.Y, a.Z, a:toEulerAnglesXYZ()}
local com2 = {b.X, b.Y, b.Z, b:toEulerAnglesXYZ()}
local calx = com1[1] + (com2[1] - com1[1]) * i
local caly = com1[2] + (com2[2] - com1[2]) * i
local calz = com1[3] + (com2[3] - com1[3]) * i
local cala = com1[4] + (com2[4] - com1[4]) * i
local calb = com1[5] + (com2[5] - com1[5]) * i
local calc = com1[6] + (com2[6] - com1[6]) * i
return CFrame.new(calx, caly, calz) * CFrame.Angles(cala, calb, calc)
end
function TwnSingleNumber(s,f,m)
local wot=s+(f-s)*m
return wot
end
function TwnVector3(q,w,e)
local begin={q.x,q.y,q.z}
local ending={w.x,w.y,w.z}
local bgx=begin[1]+(ending[1]-begin[1])*e
local bgy=begin[2]+(ending[2]-begin[2])*e
local bgz=begin[3]+(ending[3]-begin[3])*e
return Vector3.new(bgx,bgy,bgz)
end
newWeld = function(wld, wp0, wp1, wc0x, wc0y, wc0z)
wld = Instance.new("Weld", wp1)
wld.Part0 = wp0
wld.Part1 = wp1
wld.C0 = CFrame.new(wc0x, wc0y, wc0z)
end
function Avg(a, b)
return CFrame.new((a.X+b.X)/2,(a.Y+b.Y)/2,(a.Z+b.Z)/2)
end

newWeld(law, torso, larm, -1.5, 0.5, 0)
newWeld(raw, torso, rarm, 1.5, 0.5, 0)
newWeld(llw, torso, lleg, -.5, -2, 0)
newWeld(rlw, torso, rleg, .5, -2, 0)
newWeld(hw, torso, hed, 0, 1.5, 0)
local rutwald=Instance.new('Weld',rutprt)
rutwald.Part0=rutprt
rutwald.Part1=torso
rutwald.C1=CFrame.new(0,-1,0)*CFrame.Angles(math.rad(0),math.rad(0),0)
larm.Weld.C1 = CFrame.new(0, 0.5, 0)
rarm.Weld.C1 = CFrame.new(0, 0.5, 0)
rleg.Weld.C1=CFrame.new(0,0,0)*CFrame.Angles(math.rad(0),0,0)
lleg.Weld.C1=CFrame.new(0,0,0)*CFrame.Angles(math.rad(0),0,0)


local anim = "Idling"
local lastanim = "Idling"
local val = 0
local syne = 0
local num = 0
local runtime = 0






--[[			Aether Ring			]]--

props = {
{"Part", "DiskAttachment", BrickColor.new("Really red"), Enum.Material.SmoothPlastic, 0.10000000149012, 0, false, Enum.FormFactor.Brick, Enum.PartType.Block, Vector3.new(0.200000003, 0.969999969, 0.200000003), Enum.SurfaceType.SmoothNoOutlines, Enum.SurfaceType.SmoothNoOutlines, Enum.SurfaceType.SmoothNoOutlines, Enum.SurfaceType.SmoothNoOutlines, Enum.SurfaceType.SmoothNoOutlines, Enum.SurfaceType.SmoothNoOutlines, CFrame.new(-29.3161812, 6.49001837, 29.67593, -4.22219593e-008, -0.965925813, 0.258819044, 1, -4.37113883e-008, 0, 1.13133396e-008, 0.258819044, 0.965925813), {"SpecialMesh", "Mesh", "rbxassetid://3270017", Enum.MeshType.Brick, Vector3.new(0, 0, 0), Vector3.new(0.00999999978, 1, 1), "", Vector3.new(1, 1, 1)}}, 
{"Part", "Part", BrickColor.new("Bright yellow"), Enum.Material.Plastic, 0.40000000596046, 0, true, Enum.FormFactor.Brick, Enum.PartType.Block, Vector3.new(0.899999976, 0.200000003, 0.550000012), Enum.SurfaceType.SmoothNoOutlines, Enum.SurfaceType.SmoothNoOutlines, Enum.SurfaceType.SmoothNoOutlines, Enum.SurfaceType.SmoothNoOutlines, Enum.SurfaceType.SmoothNoOutlines, Enum.SurfaceType.SmoothNoOutlines, CFrame.new(-27.3326092, 8.41117668, 29.5519638, 0.906307817, -0.42261824, 0, 0.42261824, 0.906307817, 0, 0, 0, 1)}, 
{"Part", "Part", BrickColor.new("Bright yellow"), Enum.Material.Plastic, 0.40000000596046, 0, true, Enum.FormFactor.Brick, Enum.PartType.Block, Vector3.new(0.899999976, 0.200000003, 0.550000012), Enum.SurfaceType.SmoothNoOutlines, Enum.SurfaceType.SmoothNoOutlines, Enum.SurfaceType.SmoothNoOutlines, Enum.SurfaceType.SmoothNoOutlines, Enum.SurfaceType.SmoothNoOutlines, Enum.SurfaceType.SmoothNoOutlines, CFrame.new(-26.5939579, 8.88666916, 29.5519638, 0.766044497, -0.642787576, 0, 0.642787576, 0.766044497, 0, 0, 0, 1)}, 
{"Part", "Part", BrickColor.new("Bright yellow"), Enum.Material.Plastic, 0.40000000596046, 0, true, Enum.FormFactor.Brick, Enum.PartType.Block, Vector3.new(0.899999976, 0.200000003, 0.550000012), Enum.SurfaceType.SmoothNoOutlines, Enum.SurfaceType.SmoothNoOutlines, Enum.SurfaceType.SmoothNoOutlines, Enum.SurfaceType.SmoothNoOutlines, Enum.SurfaceType.SmoothNoOutlines, Enum.SurfaceType.SmoothNoOutlines, CFrame.new(-26.0140114, 9.51252556, 29.5519638, 0.57357651, -0.819151998, 0, 0.819151998, 0.57357651, 0, 0, 0, 1)}, 
{"Part", "Part", BrickColor.new("Bright yellow"), Enum.Material.Plastic, 0.40000000596046, 0, true, Enum.FormFactor.Brick, Enum.PartType.Block, Vector3.new(0.899999976, 0.200000003, 0.550000012), Enum.SurfaceType.SmoothNoOutlines, Enum.SurfaceType.SmoothNoOutlines, Enum.SurfaceType.SmoothNoOutlines, Enum.SurfaceType.SmoothNoOutlines, Enum.SurfaceType.SmoothNoOutlines, Enum.SurfaceType.SmoothNoOutlines, CFrame.new(-25.6176491, 10.2599125, 29.5519638, 0.342020035, -0.939692676, 0, 0.939692676, 0.342020035, 0, 0, 0, 1)}, 
{"Part", "Part", BrickColor.new("Bright yellow"), Enum.Material.Plastic, 0.40000000596046, 0, true, Enum.FormFactor.Brick, Enum.PartType.Block, Vector3.new(0.899999976, 0.200000003, 0.550000012), Enum.SurfaceType.SmoothNoOutlines, Enum.SurfaceType.SmoothNoOutlines, Enum.SurfaceType.SmoothNoOutlines, Enum.SurfaceType.SmoothNoOutlines, Enum.SurfaceType.SmoothNoOutlines, Enum.SurfaceType.SmoothNoOutlines, CFrame.new(-25.4192696, 11.0903616, 29.5519638, 0.0871555656, -0.99619472, 0, 0.99619472, 0.0871555656, 0, 0, 0, 1)}, 
{"Part", "Part", BrickColor.new("Bright yellow"), Enum.Material.Plastic, 0.40000000596046, 0, true, Enum.FormFactor.Brick, Enum.PartType.Block, Vector3.new(0.899999976, 0.200000003, 0.550000012), Enum.SurfaceType.SmoothNoOutlines, Enum.SurfaceType.SmoothNoOutlines, Enum.SurfaceType.SmoothNoOutlines, Enum.SurfaceType.SmoothNoOutlines, Enum.SurfaceType.SmoothNoOutlines, Enum.SurfaceType.SmoothNoOutlines, CFrame.new(-25.5706329, 13.1256046, 29.5519638, -0.325568229, -0.945518553, 0, 0.945518553, -0.325568229, 0, 0, 0, 1)}, 
{"Part", "Part", BrickColor.new("Bright yellow"), Enum.Material.Plastic, 0.40000000596046, 0, true, Enum.FormFactor.Brick, Enum.PartType.Block, Vector3.new(0.899999976, 0.200000003, 0.550000012), Enum.SurfaceType.SmoothNoOutlines, Enum.SurfaceType.SmoothNoOutlines, Enum.SurfaceType.SmoothNoOutlines, Enum.SurfaceType.SmoothNoOutlines, Enum.SurfaceType.SmoothNoOutlines, Enum.SurfaceType.SmoothNoOutlines, CFrame.new(-25.9569626, 13.912467, 29.5519638, -0.559193015, -0.829037488, 0, 0.829037488, -0.559193015, 0, 0, 0, 1)}, 
{"Part", "Part", BrickColor.new("Bright yellow"), Enum.Material.Plastic, 0.40000000596046, 0, true, Enum.FormFactor.Brick, Enum.PartType.Block, Vector3.new(0.899999976, 0.200000003, 0.550000012), Enum.SurfaceType.SmoothNoOutlines, Enum.SurfaceType.SmoothNoOutlines, Enum.SurfaceType.SmoothNoOutlines, Enum.SurfaceType.SmoothNoOutlines, Enum.SurfaceType.SmoothNoOutlines, Enum.SurfaceType.SmoothNoOutlines, CFrame.new(-26.525877, 14.5524969, 29.5519638, -0.754709661, -0.656058967, 0, 0.656058967, -0.754709661, 0, 0, 0, 1)}, 
{"Part", "Part", BrickColor.new("Bright yellow"), Enum.Material.Plastic, 0.40000000596046, 0, true, Enum.FormFactor.Brick, Enum.PartType.Block, Vector3.new(0.899999976, 0.200000003, 0.550000012), Enum.SurfaceType.SmoothNoOutlines, Enum.SurfaceType.SmoothNoOutlines, Enum.SurfaceType.SmoothNoOutlines, Enum.SurfaceType.SmoothNoOutlines, Enum.SurfaceType.SmoothNoOutlines, Enum.SurfaceType.SmoothNoOutlines, CFrame.new(-27.2573853, 15.0453348, 29.5519638, -0.898794055, -0.438371122, 0, 0.438371122, -0.898794055, 0, 0, 0, 1)}, 
{"Part", "Part", BrickColor.new("Bright yellow"), Enum.Material.Plastic, 0.40000000596046, 0, true, Enum.FormFactor.Brick, Enum.PartType.Block, Vector3.new(0.899999976, 0.200000003, 0.550000012), Enum.SurfaceType.SmoothNoOutlines, Enum.SurfaceType.SmoothNoOutlines, Enum.SurfaceType.SmoothNoOutlines, Enum.SurfaceType.SmoothNoOutlines, Enum.SurfaceType.SmoothNoOutlines, Enum.SurfaceType.SmoothNoOutlines, CFrame.new(-28.0627232, 15.3194313, 29.5519638, -0.981627166, -0.190809011, 0, 0.190809011, -0.981627166, 0, 0, 0, 1)}, 
{"Part", "Part", BrickColor.new("Bright yellow"), Enum.Material.Plastic, 0.40000000596046, 0, true, Enum.FormFactor.Brick, Enum.PartType.Block, Vector3.new(0.899999976, 0.200000003, 0.550000012), Enum.SurfaceType.SmoothNoOutlines, Enum.SurfaceType.SmoothNoOutlines, Enum.SurfaceType.SmoothNoOutlines, Enum.SurfaceType.SmoothNoOutlines, Enum.SurfaceType.SmoothNoOutlines, Enum.SurfaceType.SmoothNoOutlines, CFrame.new(-28.1147537, 8.17209911, 29.5519638, 0.98480773, -0.173648223, 0, 0.173648223, 0.98480773, 0, 0, 0, 1)}, 
{"Part", "Part", BrickColor.new("Bright yellow"), Enum.Material.Plastic, 0.40000000596046, 0, true, Enum.FormFactor.Brick, Enum.PartType.Block, Vector3.new(0.899999976, 0.200000003, 0.550000012), Enum.SurfaceType.SmoothNoOutlines, Enum.SurfaceType.SmoothNoOutlines, Enum.SurfaceType.SmoothNoOutlines, Enum.SurfaceType.SmoothNoOutlines, Enum.SurfaceType.SmoothNoOutlines, Enum.SurfaceType.SmoothNoOutlines, CFrame.new(-32.1622734, 13.2227211, 29.5519657, 0.358368099, 0.933580399, 9.51921777e-008, 0.933580399, -0.358368099, 1.50995803e-007, 1.75080558e-007, 3.47574698e-008, -1)}, 
{"Part", "Part", BrickColor.new("Bright yellow"), Enum.Material.Plastic, 0.40000000596046, 0, true, Enum.FormFactor.Brick, Enum.PartType.Block, Vector3.new(0.899999976, 0.200000003, 0.550000012), Enum.SurfaceType.SmoothNoOutlines, Enum.SurfaceType.SmoothNoOutlines, Enum.SurfaceType.SmoothNoOutlines, Enum.SurfaceType.SmoothNoOutlines, Enum.SurfaceType.SmoothNoOutlines, Enum.SurfaceType.SmoothNoOutlines, CFrame.new(-29.5951366, 15.3282394, 29.5519638, 0.987688303, 0.156434566, 9.51921777e-008, 0.156434566, -0.987688303, 1.50995803e-007, 1.17641164e-007, -1.3424544e-007, -1)}, 
{"Part", "Part", BrickColor.new("Bright yellow"), Enum.Material.Plastic, 0.40000000596046, 0, true, Enum.FormFactor.Brick, Enum.PartType.Block, Vector3.new(0.899999976, 0.200000003, 0.550000012), Enum.SurfaceType.SmoothNoOutlines, Enum.SurfaceType.SmoothNoOutlines, Enum.SurfaceType.SmoothNoOutlines, Enum.SurfaceType.SmoothNoOutlines, Enum.SurfaceType.SmoothNoOutlines, Enum.SurfaceType.SmoothNoOutlines, CFrame.new(-32.2152939, 10.3571339, 29.5519638, -0.309016943, 0.95105654, 9.51921777e-008, 0.95105654, 0.309016943, 1.50995803e-007, 1.14189554e-007, 1.3719341e-007, -1)}, 
{"Part", "Part", BrickColor.new("Bright yellow"), Enum.Material.Plastic, 0.40000000596046, 0, true, Enum.FormFactor.Brick, Enum.PartType.Block, Vector3.new(0.899999976, 0.200000003, 0.550000012), Enum.SurfaceType.SmoothNoOutlines, Enum.SurfaceType.SmoothNoOutlines, Enum.SurfaceType.SmoothNoOutlines, Enum.SurfaceType.SmoothNoOutlines, Enum.SurfaceType.SmoothNoOutlines, Enum.SurfaceType.SmoothNoOutlines, CFrame.new(-31.7487202, 13.9956226, 29.5519638, 0.587785304, 0.809016943, 9.51921777e-008, 0.809016943, -0.587785304, 1.50995803e-007, 1.78110724e-007, -1.17410295e-008, -1)}, 
{"Part", "Part", BrickColor.new("Bright yellow"), Enum.Material.Plastic, 0.40000000596046, 0, true, Enum.FormFactor.Brick, Enum.PartType.Block, Vector3.new(0.899999976, 0.200000003, 0.550000012), Enum.SurfaceType.SmoothNoOutlines, Enum.SurfaceType.SmoothNoOutlines, Enum.SurfaceType.SmoothNoOutlines, Enum.SurfaceType.SmoothNoOutlines, Enum.SurfaceType.SmoothNoOutlines, Enum.SurfaceType.SmoothNoOutlines, CFrame.new(-31.1578159, 14.615406, 29.5519638, 0.777145982, 0.629320383, 9.51921777e-008, 0.629320383, -0.777145982, 1.50995803e-007, 1.69002959e-007, -5.74394079e-008, -1)}, 
{"Part", "Part", BrickColor.new("Bright yellow"), Enum.Material.Plastic, 0.40000000596046, 0, true, Enum.FormFactor.Brick, Enum.PartType.Block, Vector3.new(0.899999976, 0.200000003, 0.550000012), Enum.SurfaceType.SmoothNoOutlines, Enum.SurfaceType.SmoothNoOutlines, Enum.SurfaceType.SmoothNoOutlines, Enum.SurfaceType.SmoothNoOutlines, Enum.SurfaceType.SmoothNoOutlines, Enum.SurfaceType.SmoothNoOutlines, CFrame.new(-30.5659008, 8.44967079, 29.5519638, -0.891006589, 0.45399037, 9.51921777e-008, 0.45399037, 0.891006589, 1.50995803e-007, -1.62662204e-008, 1.77754586e-007, -1)}, 
{"Part", "Part", BrickColor.new("Bright yellow"), Enum.Material.Plastic, 0.40000000596046, 0, true, Enum.FormFactor.Brick, Enum.PartType.Block, Vector3.new(0.899999976, 0.200000003, 0.550000012), Enum.SurfaceType.SmoothNoOutlines, Enum.SurfaceType.SmoothNoOutlines, Enum.SurfaceType.SmoothNoOutlines, Enum.SurfaceType.SmoothNoOutlines, Enum.SurfaceType.SmoothNoOutlines, Enum.SurfaceType.SmoothNoOutlines, CFrame.new(-32.3845711, 11.1939983, 29.5519657, -0.0523358211, 0.99862957, 9.51921777e-008, 0.99862957, 0.0523358211, 1.50995803e-007, 1.45806922e-007, 1.02964208e-007, -1)}, 
{"Part", "Part", BrickColor.new("Bright yellow"), Enum.Material.Plastic, 0.40000000596046, 0, true, Enum.FormFactor.Brick, Enum.PartType.Block, Vector3.new(0.899999976, 0.200000003, 0.550000012), Enum.SurfaceType.SmoothNoOutlines, Enum.SurfaceType.SmoothNoOutlines, Enum.SurfaceType.SmoothNoOutlines, Enum.SurfaceType.SmoothNoOutlines, Enum.SurfaceType.SmoothNoOutlines, Enum.SurfaceType.SmoothNoOutlines, CFrame.new(-31.8452587, 9.59636784, 29.5519638, -0.54463923, 0.838670433, 9.51921777e-008, 0.838670433, 0.54463923, 1.50995803e-007, 7.47903215e-008, 1.62073093e-007, -1)}, 
{"Part", "Part", BrickColor.new("Bright yellow"), Enum.Material.Plastic, 0.40000000596046, 0, true, Enum.FormFactor.Brick, Enum.PartType.Block, Vector3.new(0.899999976, 0.200000003, 0.550000012), Enum.SurfaceType.SmoothNoOutlines, Enum.SurfaceType.SmoothNoOutlines, Enum.SurfaceType.SmoothNoOutlines, Enum.SurfaceType.SmoothNoOutlines, Enum.SurfaceType.SmoothNoOutlines, Enum.SurfaceType.SmoothNoOutlines, CFrame.new(-30.4095478, 15.0824127, 29.5519638, 0.91354543, 0.406736642, 9.51921777e-008, 0.406736642, -0.91354543, 1.50995803e-007, 1.48377907e-007, -9.92233851e-008, -1)}, 
{"Part", "Part", BrickColor.new("Bright yellow"), Enum.Material.Plastic, 0.40000000596046, 0, true, Enum.FormFactor.Brick, Enum.PartType.Block, Vector3.new(0.899999976, 0.200000003, 0.550000012), Enum.SurfaceType.SmoothNoOutlines, Enum.SurfaceType.SmoothNoOutlines, Enum.SurfaceType.SmoothNoOutlines, Enum.SurfaceType.SmoothNoOutlines, Enum.SurfaceType.SmoothNoOutlines, Enum.SurfaceType.SmoothNoOutlines, CFrame.new(-31.2875061, 8.9506588, 29.5519638, -0.743144929, 0.669130445, 9.51921777e-008, 0.669130445, 0.743144929, 1.50995803e-007, 3.02943022e-008, 1.75907758e-007, -1)}, 
{"Part", "Part", BrickColor.new("Bright yellow"), Enum.Material.Plastic, 0.40000000596046, 0, true, Enum.FormFactor.Brick, Enum.PartType.Block, Vector3.new(0.899999976, 0.200000003, 0.550000012), Enum.SurfaceType.SmoothNoOutlines, Enum.SurfaceType.SmoothNoOutlines, Enum.SurfaceType.SmoothNoOutlines, Enum.SurfaceType.SmoothNoOutlines, Enum.SurfaceType.SmoothNoOutlines, Enum.SurfaceType.SmoothNoOutlines, CFrame.new(-29.7925758, 8.18344498, 29.5519638, -0.978147626, 0.207911611, 9.51921777e-008, 0.207911611, 0.978147626, 1.50995803e-007, -6.17182181e-008, 1.67487741e-007, -1)}, 
{"Part", "Part", BrickColor.new("Bright yellow"), Enum.Material.Plastic, 0.40000000596046, 0, true, Enum.FormFactor.Brick, Enum.PartType.Block, Vector3.new(0.550000012, 0.300000012, 0.200000003), Enum.SurfaceType.SmoothNoOutlines, Enum.SurfaceType.SmoothNoOutlines, Enum.SurfaceType.SmoothNoOutlines, Enum.SurfaceType.SmoothNoOutlines, Enum.SurfaceType.SmoothNoOutlines, Enum.SurfaceType.SmoothNoOutlines, CFrame.new(-28.4747543, 8.33209896, 29.5519638, -4.37113883e-008, 0, -1, 2.68220901e-007, 1, -1.17243082e-014, 1, -2.68220901e-007, -4.37113883e-008), {"SpecialMesh", "Mesh", "", Enum.MeshType.Wedge, Vector3.new(0, 0, 0), Vector3.new(1, 1, 1), "", Vector3.new(1, 1, 1)}}, 
{"Part", "Part", BrickColor.new("Deep orange"), Enum.Material.Plastic, 0.40000000596046, 0, true, Enum.FormFactor.Brick, Enum.PartType.Block, Vector3.new(0.550000012, 0.300000012, 0.200000003), Enum.SurfaceType.SmoothNoOutlines, Enum.SurfaceType.SmoothNoOutlines, Enum.SurfaceType.SmoothNoOutlines, Enum.SurfaceType.SmoothNoOutlines, Enum.SurfaceType.SmoothNoOutlines, Enum.SurfaceType.SmoothNoOutlines, CFrame.new(-29.4300003, 8.33209896, 29.5519638, -4.37113883e-008, 0, 1, 2.68220901e-007, 1, 1.17243082e-014, -1, 2.68220901e-007, -4.37113883e-008), {"SpecialMesh", "Mesh", "", Enum.MeshType.Wedge, Vector3.new(0, 0, 0), Vector3.new(1, 1, 1), "", Vector3.new(1, 1, 1)}}, 
{"Part", "Part", BrickColor.new("Bright yellow"), Enum.Material.Plastic, 0.40000000596046, 0, true, Enum.FormFactor.Brick, Enum.PartType.Block, Vector3.new(0.550000012, 0.300000012, 0.200000003), Enum.SurfaceType.SmoothNoOutlines, Enum.SurfaceType.SmoothNoOutlines, Enum.SurfaceType.SmoothNoOutlines, Enum.SurfaceType.SmoothNoOutlines, Enum.SurfaceType.SmoothNoOutlines, Enum.SurfaceType.SmoothNoOutlines, CFrame.new(-28.4247551, 15.1720982, 29.5519638, -4.37113883e-008, 0, -1, -3.89414367e-007, -1, 1.7021842e-014, -1, 3.89414367e-007, 4.37113883e-008), {"SpecialMesh", "Mesh", "", Enum.MeshType.Wedge, Vector3.new(0, 0, 0), Vector3.new(1, 1, 1), "", Vector3.new(1, 1, 1)}}, 
{"Part", "Part", BrickColor.new("Bright yellow"), Enum.Material.Plastic, 0.40000000596046, 0, true, Enum.FormFactor.Brick, Enum.PartType.Block, Vector3.new(0.550000012, 0.300000012, 0.200000003), Enum.SurfaceType.SmoothNoOutlines, Enum.SurfaceType.SmoothNoOutlines, Enum.SurfaceType.SmoothNoOutlines, Enum.SurfaceType.SmoothNoOutlines, Enum.SurfaceType.SmoothNoOutlines, Enum.SurfaceType.SmoothNoOutlines, CFrame.new(-29.2347546, 15.1720982, 29.5519638, -4.37113883e-008, 0, 1, -3.89414367e-007, -1, -1.7021842e-014, 1, -3.89414367e-007, 4.37113883e-008), {"SpecialMesh", "Mesh", "", Enum.MeshType.Wedge, Vector3.new(0, 0, 0), Vector3.new(1, 1, 1), "", Vector3.new(1, 1, 1)}}, 
{"Part", "Part", BrickColor.new("Bright yellow"), Enum.Material.Plastic, 0.40000000596046, 0, true, Enum.FormFactor.Brick, Enum.PartType.Block, Vector3.new(0.899999976, 0.200000003, 0.75000006), Enum.SurfaceType.SmoothNoOutlines, Enum.SurfaceType.SmoothNoOutlines, Enum.SurfaceType.SmoothNoOutlines, Enum.SurfaceType.SmoothNoOutlines, Enum.SurfaceType.SmoothNoOutlines, Enum.SurfaceType.SmoothNoOutlines, CFrame.new(-32.1622734, 12.2120905, 28.571331, 0.358368099, 0.933580399, 9.51921777e-008, 1.86213398e-007, 3.04839709e-008, -1, -0.933580399, 0.358368099, -1.62920685e-007)}, 
{"Part", "Part", BrickColor.new("Bright yellow"), Enum.Material.Plastic, 0.40000000596046, 0, true, Enum.FormFactor.Brick, Enum.PartType.Block, Vector3.new(0.899999976, 0.200000003, 0.75000006), Enum.SurfaceType.SmoothNoOutlines, Enum.SurfaceType.SmoothNoOutlines, Enum.SurfaceType.SmoothNoOutlines, Enum.SurfaceType.SmoothNoOutlines, Enum.SurfaceType.SmoothNoOutlines, Enum.SurfaceType.SmoothNoOutlines, CFrame.new(-31.7487202, 12.2120886, 27.7984276, 0.587785304, 0.809016943, 9.51921777e-008, 1.87758161e-007, -1.87502991e-008, -1, -0.809016943, 0.587785304, -1.62920685e-007)}, 
{"Part", "Part", BrickColor.new("Bright yellow"), Enum.Material.Plastic, 0.40000000596046, 0, true, Enum.FormFactor.Brick, Enum.PartType.Block, Vector3.new(0.899999976, 0.200000003, 0.75000006), Enum.SurfaceType.SmoothNoOutlines, Enum.SurfaceType.SmoothNoOutlines, Enum.SurfaceType.SmoothNoOutlines, Enum.SurfaceType.SmoothNoOutlines, Enum.SurfaceType.SmoothNoOutlines, Enum.SurfaceType.SmoothNoOutlines, CFrame.new(-31.1578159, 12.2120867, 27.178648, 0.777145982, 0.629320383, 9.51921777e-008, 1.76507527e-007, -6.67067823e-008, -1, -0.629320383, 0.777145982, -1.62920685e-007)}, 
{"Part", "Part", BrickColor.new("Bright yellow"), Enum.Material.Plastic, 0.40000000596046, 0, true, Enum.FormFactor.Brick, Enum.PartType.Block, Vector3.new(0.899999976, 0.200000003, 0.75000006), Enum.SurfaceType.SmoothNoOutlines, Enum.SurfaceType.SmoothNoOutlines, Enum.SurfaceType.SmoothNoOutlines, Enum.SurfaceType.SmoothNoOutlines, Enum.SurfaceType.SmoothNoOutlines, Enum.SurfaceType.SmoothNoOutlines, CFrame.new(-30.4095497, 12.2120867, 26.7116413, 0.91354543, 0.406736642, 9.51921777e-008, 1.532282e-007, -1.10117313e-007, -1, -0.406736642, 0.91354543, -1.62920685e-007)}, 
{"Part", "Part", BrickColor.new("Bright yellow"), Enum.Material.Plastic, 0.40000000596046, 0, true, Enum.FormFactor.Brick, Enum.PartType.Block, Vector3.new(0.449999988, 0.200000003, 0.75000006), Enum.SurfaceType.SmoothNoOutlines, Enum.SurfaceType.SmoothNoOutlines, Enum.SurfaceType.SmoothNoOutlines, Enum.SurfaceType.SmoothNoOutlines, Enum.SurfaceType.SmoothNoOutlines, Enum.SurfaceType.SmoothNoOutlines, CFrame.new(-32.352272, 12.2120905, 29.1813316, 0.104528777, 0.994521856, 4.97816437e-008, 1.67231804e-007, 3.24790363e-008, -1, -0.994521856, 0.104528777, -1.62920685e-007)}, 
{"Part", "Part", BrickColor.new("Bright yellow"), Enum.Material.Plastic, 0.40000000596046, 0, true, Enum.FormFactor.Brick, Enum.PartType.Block, Vector3.new(0.449999988, 0.200000003, 0.75000006), Enum.SurfaceType.SmoothNoOutlines, Enum.SurfaceType.SmoothNoOutlines, Enum.SurfaceType.SmoothNoOutlines, Enum.SurfaceType.SmoothNoOutlines, Enum.SurfaceType.SmoothNoOutlines, Enum.SurfaceType.SmoothNoOutlines, CFrame.new(-32.3822708, 12.2120905, 29.5813332, -4.37113883e-008, 1, 5.91839822e-009, 1.62920685e-007, 5.91840532e-009, -1, -1, -4.37113883e-008, -1.62920685e-007)}, 
{"Part", "Part", BrickColor.new("Bright yellow"), Enum.Material.Plastic, 0.40000000596046, 0, true, Enum.FormFactor.Brick, Enum.PartType.Block, Vector3.new(0.449999988, 0.200000003, 0.75000006), Enum.SurfaceType.SmoothNoOutlines, Enum.SurfaceType.SmoothNoOutlines, Enum.SurfaceType.SmoothNoOutlines, Enum.SurfaceType.SmoothNoOutlines, Enum.SurfaceType.SmoothNoOutlines, Enum.SurfaceType.SmoothNoOutlines, CFrame.new(-32.352272, 12.2120905, 29.9713306, -0.156433985, 0.987688422, 5.9184373e-009, 1.59989028e-007, 3.13319042e-008, -1, -0.987688422, -0.156433985, -1.62920685e-007)}, 
{"Part", "Part", BrickColor.new("Bright yellow"), Enum.Material.Plastic, 0.40000000596046, 0, true, Enum.FormFactor.Brick, Enum.PartType.Block, Vector3.new(0.899999976, 0.200000003, 0.75000006), Enum.SurfaceType.SmoothNoOutlines, Enum.SurfaceType.SmoothNoOutlines, Enum.SurfaceType.SmoothNoOutlines, Enum.SurfaceType.SmoothNoOutlines, Enum.SurfaceType.SmoothNoOutlines, Enum.SurfaceType.SmoothNoOutlines, CFrame.new(-32.1269798, 12.2120867, 30.560957, -0.406736702, 0.91354543, -1.82006843e-007, 1.139612e-007, -1.48492489e-007, -1, -0.91354543, -0.406736702, -4.37113883e-008)}, 
{"Part", "Part", BrickColor.new("Bright yellow"), Enum.Material.Plastic, 0.40000000596046, 0, true, Enum.FormFactor.Brick, Enum.PartType.Block, Vector3.new(0.899999976, 0.200000003, 0.75000006), Enum.SurfaceType.SmoothNoOutlines, Enum.SurfaceType.SmoothNoOutlines, Enum.SurfaceType.SmoothNoOutlines, Enum.SurfaceType.SmoothNoOutlines, Enum.SurfaceType.SmoothNoOutlines, Enum.SurfaceType.SmoothNoOutlines, CFrame.new(-30.2823849, 12.2120886, 32.2962532, -0.933580339, 0.358368158, -1.82006843e-007, 1.85582778e-007, -2.44173641e-008, -1, -0.358368158, -0.933580339, -4.37113883e-008)}, 
{"Part", "Part", BrickColor.new("Bright yellow"), Enum.Material.Plastic, 0.40000000596046, 0, true, Enum.FormFactor.Brick, Enum.PartType.Block, Vector3.new(0.899999976, 0.200000003, 0.75000006), Enum.SurfaceType.SmoothNoOutlines, Enum.SurfaceType.SmoothNoOutlines, Enum.SurfaceType.SmoothNoOutlines, Enum.SurfaceType.SmoothNoOutlines, Enum.SurfaceType.SmoothNoOutlines, Enum.SurfaceType.SmoothNoOutlines, CFrame.new(-31.6787395, 12.2120867, 31.2839928, -0.629320323, 0.777146041, -1.82006843e-007, 1.48510736e-007, -1.13937432e-007, -1, -0.777146041, -0.629320323, -4.37113883e-008)}, 
{"Part", "Part", BrickColor.new("Bright yellow"), Enum.Material.Plastic, 0.40000000596046, 0, true, Enum.FormFactor.Brick, Enum.PartType.Block, Vector3.new(0.899999976, 0.200000003, 0.75000006), Enum.SurfaceType.SmoothNoOutlines, Enum.SurfaceType.SmoothNoOutlines, Enum.SurfaceType.SmoothNoOutlines, Enum.SurfaceType.SmoothNoOutlines, Enum.SurfaceType.SmoothNoOutlines, Enum.SurfaceType.SmoothNoOutlines, CFrame.new(-31.0339813, 12.2120867, 31.8858891, -0.809016883, 0.587785363, -1.82006843e-007, 1.72939522e-007, -7.16177055e-008, -1, -0.587785363, -0.809016883, -4.37113883e-008)}, 
{"Part", "Part", BrickColor.new("Bright yellow"), Enum.Material.Plastic, 0.40000000596046, 0, true, Enum.FormFactor.Brick, Enum.PartType.Block, Vector3.new(0.899999976, 0.200000003, 0.75000006), Enum.SurfaceType.SmoothNoOutlines, Enum.SurfaceType.SmoothNoOutlines, Enum.SurfaceType.SmoothNoOutlines, Enum.SurfaceType.SmoothNoOutlines, Enum.SurfaceType.SmoothNoOutlines, Enum.SurfaceType.SmoothNoOutlines, CFrame.new(-27.3320808, 12.2120886, 32.2013245, -0.913545489, -0.406736583, -9.51921777e-008, 1.66156923e-007, -1.3915573e-007, -1, 0.406736583, -0.913545489, 1.94707184e-007)}, 
{"Part", "Part", BrickColor.new("Bright yellow"), Enum.Material.Plastic, 0.40000000596046, 0, true, Enum.FormFactor.Brick, Enum.PartType.Block, Vector3.new(0.899999976, 0.200000003, 0.75000006), Enum.SurfaceType.SmoothNoOutlines, Enum.SurfaceType.SmoothNoOutlines, Enum.SurfaceType.SmoothNoOutlines, Enum.SurfaceType.SmoothNoOutlines, Enum.SurfaceType.SmoothNoOutlines, Enum.SurfaceType.SmoothNoOutlines, CFrame.new(-25.6146488, 12.2120867, 28.3520069, 0.406736612, -0.913545489, 1.82006843e-007, 1.42999625e-007, -1.35563766e-007, -1, 0.913545489, 0.406736612, 7.54979013e-008)}, 
{"Part", "Part", BrickColor.new("Bright yellow"), Enum.Material.Plastic, 0.40000000596046, 0, true, Enum.FormFactor.Brick, Enum.PartType.Block, Vector3.new(0.899999976, 0.200000003, 0.75000006), Enum.SurfaceType.SmoothNoOutlines, Enum.SurfaceType.SmoothNoOutlines, Enum.SurfaceType.SmoothNoOutlines, Enum.SurfaceType.SmoothNoOutlines, Enum.SurfaceType.SmoothNoOutlines, Enum.SurfaceType.SmoothNoOutlines, CFrame.new(-27.4592438, 12.2120895, 26.6167107, 0.933580339, -0.358368248, 1.82006843e-007, 1.96974057e-007, 5.25788835e-009, -1, 0.358368248, 0.933580339, 7.54979013e-008)}, 
{"Part", "Part", BrickColor.new("Bright yellow"), Enum.Material.Plastic, 0.40000000596046, 0, true, Enum.FormFactor.Brick, Enum.PartType.Block, Vector3.new(0.899999976, 0.200000003, 0.75000006), Enum.SurfaceType.SmoothNoOutlines, Enum.SurfaceType.SmoothNoOutlines, Enum.SurfaceType.SmoothNoOutlines, Enum.SurfaceType.SmoothNoOutlines, Enum.SurfaceType.SmoothNoOutlines, Enum.SurfaceType.SmoothNoOutlines, CFrame.new(-26.0628891, 12.2120867, 27.6289711, 0.629320204, -0.777146101, 1.82006843e-007, 1.73213479e-007, -9.39335507e-008, -1, 0.777146101, 0.629320204, 7.54979013e-008)}, 
{"Part", "Part", BrickColor.new("Bright yellow"), Enum.Material.Plastic, 0.40000000596046, 0, true, Enum.FormFactor.Brick, Enum.PartType.Block, Vector3.new(0.449999988, 0.200000003, 0.75000006), Enum.SurfaceType.SmoothNoOutlines, Enum.SurfaceType.SmoothNoOutlines, Enum.SurfaceType.SmoothNoOutlines, Enum.SurfaceType.SmoothNoOutlines, Enum.SurfaceType.SmoothNoOutlines, Enum.SurfaceType.SmoothNoOutlines, CFrame.new(-25.3893566, 12.2120905, 28.9416351, 0.156433895, -0.987688422, -5.91844795e-009, 1.91384174e-007, 3.63043853e-008, -1, 0.987688422, 0.156433895, 1.94707184e-007)}, 
{"Part", "Part", BrickColor.new("Bright yellow"), Enum.Material.Plastic, 0.40000000596046, 0, true, Enum.FormFactor.Brick, Enum.PartType.Block, Vector3.new(0.899999976, 0.200000003, 0.75000006), Enum.SurfaceType.SmoothNoOutlines, Enum.SurfaceType.SmoothNoOutlines, Enum.SurfaceType.SmoothNoOutlines, Enum.SurfaceType.SmoothNoOutlines, Enum.SurfaceType.SmoothNoOutlines, Enum.SurfaceType.SmoothNoOutlines, CFrame.new(-26.5838127, 12.2120867, 31.7343159, -0.777146041, -0.629320264, -9.51921777e-008, 1.96511394e-007, -9.14095466e-008, -1, 0.629320264, -0.777146041, 1.94707184e-007)}, 
{"Part", "Part", BrickColor.new("Bright yellow"), Enum.Material.Plastic, 0.40000000596046, 0, true, Enum.FormFactor.Brick, Enum.PartType.Block, Vector3.new(0.899999976, 0.200000003, 0.75000006), Enum.SurfaceType.SmoothNoOutlines, Enum.SurfaceType.SmoothNoOutlines, Enum.SurfaceType.SmoothNoOutlines, Enum.SurfaceType.SmoothNoOutlines, Enum.SurfaceType.SmoothNoOutlines, Enum.SurfaceType.SmoothNoOutlines, CFrame.new(-25.9929085, 12.2120886, 31.1145344, -0.587785423, -0.809016883, -9.51921777e-008, 2.13473982e-007, -3.74339635e-008, -1, 0.809016883, -0.587785423, 1.94707184e-007)}, 
{"Part", "Part", BrickColor.new("Bright yellow"), Enum.Material.Plastic, 0.40000000596046, 0, true, Enum.FormFactor.Brick, Enum.PartType.Block, Vector3.new(0.449999988, 0.200000003, 0.75000006), Enum.SurfaceType.SmoothNoOutlines, Enum.SurfaceType.SmoothNoOutlines, Enum.SurfaceType.SmoothNoOutlines, Enum.SurfaceType.SmoothNoOutlines, Enum.SurfaceType.SmoothNoOutlines, Enum.SurfaceType.SmoothNoOutlines, CFrame.new(-25.3593597, 12.2120905, 29.3316307, -4.37113883e-008, -1, -5.91840887e-009, 1.94707184e-007, 5.91840044e-009, -1, 1, -4.37113883e-008, 1.94707184e-007)}, 
{"Part", "Part", BrickColor.new("Bright yellow"), Enum.Material.Plastic, 0.40000000596046, 0, true, Enum.FormFactor.Brick, Enum.PartType.Block, Vector3.new(0.899999976, 0.200000003, 0.75000006), Enum.SurfaceType.SmoothNoOutlines, Enum.SurfaceType.SmoothNoOutlines, Enum.SurfaceType.SmoothNoOutlines, Enum.SurfaceType.SmoothNoOutlines, Enum.SurfaceType.SmoothNoOutlines, Enum.SurfaceType.SmoothNoOutlines, CFrame.new(-25.5793552, 12.2120905, 30.3416328, -0.358368158, -0.933580339, -9.51921777e-008, 2.15888633e-007, 1.90926954e-008, -1, 0.933580339, -0.358368158, 1.94707184e-007)}, 
{"Part", "Part", BrickColor.new("Bright yellow"), Enum.Material.Plastic, 0.40000000596046, 0, true, Enum.FormFactor.Brick, Enum.PartType.Block, Vector3.new(0.449999988, 0.200000003, 0.75000006), Enum.SurfaceType.SmoothNoOutlines, Enum.SurfaceType.SmoothNoOutlines, Enum.SurfaceType.SmoothNoOutlines, Enum.SurfaceType.SmoothNoOutlines, Enum.SurfaceType.SmoothNoOutlines, Enum.SurfaceType.SmoothNoOutlines, CFrame.new(-25.3893585, 12.2120895, 29.7316322, -0.104528867, -0.994521856, -4.97816579e-008, 1.98844162e-007, 2.91564266e-008, -1, 0.994521856, -0.104528867, 1.94707184e-007)}, 
{"Part", "Part", BrickColor.new("Bright yellow"), Enum.Material.Plastic, 0.40000000596046, 0, true, Enum.FormFactor.Brick, Enum.PartType.Block, Vector3.new(0.899999976, 0.200000003, 0.75000006), Enum.SurfaceType.SmoothNoOutlines, Enum.SurfaceType.SmoothNoOutlines, Enum.SurfaceType.SmoothNoOutlines, Enum.SurfaceType.SmoothNoOutlines, Enum.SurfaceType.SmoothNoOutlines, Enum.SurfaceType.SmoothNoOutlines, CFrame.new(-26.7076511, 12.2120867, 27.0270767, 0.809016824, -0.587785482, 1.82006843e-007, 1.91623172e-007, -4.59019063e-008, -1, 0.587785482, 0.809016824, 7.54979013e-008)}, 
{"Part", "Part", BrickColor.new("Bright yellow"), Enum.Material.Plastic, 0.40000000596046, 0, true, Enum.FormFactor.Brick, Enum.PartType.Block, Vector3.new(0.200000003, 0.540000021, 0.540000021), Enum.SurfaceType.SmoothNoOutlines, Enum.SurfaceType.SmoothNoOutlines, Enum.SurfaceType.SmoothNoOutlines, Enum.SurfaceType.SmoothNoOutlines, Enum.SurfaceType.SmoothNoOutlines, Enum.SurfaceType.SmoothNoOutlines, CFrame.new(-30.0095482, 12.2120867, 26.5416412, -0.258819073, -0.683012724, 0.683012664, -4.47034836e-008, 0.707106769, 0.707106769, -0.965925813, 0.183012694, -0.183012739), {"SpecialMesh", "Mesh", "", Enum.MeshType.Wedge, Vector3.new(0, 0, 0), Vector3.new(1, 1, 1), "", Vector3.new(1, 1, 1)}}, 
{"Part", "Part", BrickColor.new("Bright yellow"), Enum.Material.Plastic, 0.40000000596046, 0, true, Enum.FormFactor.Brick, Enum.PartType.Block, Vector3.new(0.200000003, 0.540000021, 0.540000021), Enum.SurfaceType.SmoothNoOutlines, Enum.SurfaceType.SmoothNoOutlines, Enum.SurfaceType.SmoothNoOutlines, Enum.SurfaceType.SmoothNoOutlines, Enum.SurfaceType.SmoothNoOutlines, Enum.SurfaceType.SmoothNoOutlines, CFrame.new(-27.8695488, 12.2120867, 26.4716415, -0.258819014, 0.683012724, -0.683012664, -1.49011612e-008, 0.707106709, 0.707106829, 0.965925813, 0.183012709, -0.183012649), {"SpecialMesh", "Mesh", "", Enum.MeshType.Wedge, Vector3.new(0, 0, 0), Vector3.new(1, 1, 1), "", Vector3.new(1, 1, 1)}}, 
{"Part", "Part", BrickColor.new("Bright yellow"), Enum.Material.Plastic, 0.40000000596046, 0, true, Enum.FormFactor.Brick, Enum.PartType.Block, Vector3.new(0.200000003, 0.540000021, 0.540000021), Enum.SurfaceType.SmoothNoOutlines, Enum.SurfaceType.SmoothNoOutlines, Enum.SurfaceType.SmoothNoOutlines, Enum.SurfaceType.SmoothNoOutlines, Enum.SurfaceType.SmoothNoOutlines, Enum.SurfaceType.SmoothNoOutlines, CFrame.new(-29.869545, 12.2120867, 32.4616432, 0.258818954, -0.683012784, 0.683012664, -4.47034836e-008, 0.707106709, 0.707106829, -0.965925872, -0.183012664, 0.18301259), {"SpecialMesh", "Mesh", "", Enum.MeshType.Wedge, Vector3.new(0, 0, 0), Vector3.new(1, 1, 1), "", Vector3.new(1, 1, 1)}}, 
{"Part", "Part", BrickColor.new("Bright yellow"), Enum.Material.Plastic, 0.40000000596046, 0, true, Enum.FormFactor.Brick, Enum.PartType.Block, Vector3.new(0.200000003, 0.540000021, 0.540000021), Enum.SurfaceType.SmoothNoOutlines, Enum.SurfaceType.SmoothNoOutlines, Enum.SurfaceType.SmoothNoOutlines, Enum.SurfaceType.SmoothNoOutlines, Enum.SurfaceType.SmoothNoOutlines, Enum.SurfaceType.SmoothNoOutlines, CFrame.new(-27.7395496, 12.2120876, 32.3716431, 0.258819193, 0.683012664, -0.683012664, 4.47034836e-008, 0.707106769, 0.707106769, 0.965925813, -0.183012843, 0.183012754), {"SpecialMesh", "Mesh", "", Enum.MeshType.Wedge, Vector3.new(0, 0, 0), Vector3.new(1, 1, 1), "", Vector3.new(1, 1, 1)}}, 
{"Part", "Part", BrickColor.new("Bright red"), Enum.Material.Neon, 0.40000000596046, 0, true, Enum.FormFactor.Brick, Enum.PartType.Block, Vector3.new(0.200000003, 0.400000006, 0.400000006), Enum.SurfaceType.SmoothNoOutlines, Enum.SurfaceType.SmoothNoOutlines, Enum.SurfaceType.SmoothNoOutlines, Enum.SurfaceType.SmoothNoOutlines, Enum.SurfaceType.SmoothNoOutlines, Enum.SurfaceType.SmoothNoOutlines, CFrame.new(-29.869545, 12.2120867, 32.4716415, 0.258818954, -0.683012784, 0.683012664, -4.47034836e-008, 0.707106709, 0.707106829, -0.965925872, -0.183012664, 0.18301259)}, 
{"Part", "Part", BrickColor.new("Bright red"), Enum.Material.Neon, 0.40000000596046, 0, true, Enum.FormFactor.Brick, Enum.PartType.Block, Vector3.new(0.219999969, 0.200000003, 0.550000012), Enum.SurfaceType.SmoothNoOutlines, Enum.SurfaceType.SmoothNoOutlines, Enum.SurfaceType.SmoothNoOutlines, Enum.SurfaceType.SmoothNoOutlines, Enum.SurfaceType.SmoothNoOutlines, Enum.SurfaceType.SmoothNoOutlines, CFrame.new(-29.9743042, 12.2120886, 32.4345169, -0.933580339, 0.358368158, -1.82006843e-007, 1.85582778e-007, -2.44173641e-008, -1, -0.358368158, -0.933580339, -4.37113883e-008), {"SpecialMesh", "Mesh", "", Enum.MeshType.Brick, Vector3.new(0, 0, 0), Vector3.new(1, 1, 1), "", Vector3.new(1, 1, 1)}}, 
{"Part", "Part", BrickColor.new("Bright red"), Enum.Material.Neon, 0.40000000596046, 0, true, Enum.FormFactor.Brick, Enum.PartType.Block, Vector3.new(0.200000003, 0.550000012, 0.550000012), Enum.SurfaceType.SmoothNoOutlines, Enum.SurfaceType.SmoothNoOutlines, Enum.SurfaceType.SmoothNoOutlines, Enum.SurfaceType.SmoothNoOutlines, Enum.SurfaceType.SmoothNoOutlines, Enum.SurfaceType.SmoothNoOutlines, CFrame.new(-30.0670528, 12.21, 32.3844604, -0.358368158, -0.933580339, -4.37113918e-008, 1.97439562e-007, -2.89687563e-008, -1, 0.933580339, -0.358368158, 1.94707184e-007), {"SpecialMesh", "Mesh", "", Enum.MeshType.Cylinder, Vector3.new(0, 0, 0), Vector3.new(1, 1, 1), "", Vector3.new(1, 1, 1)}}, 
{"Part", "Part", BrickColor.new("Bright red"), Enum.Material.Neon, 0.40000000596046, 0, true, Enum.FormFactor.Brick, Enum.PartType.Block, Vector3.new(0.200000003, 0.400000006, 0.400000006), Enum.SurfaceType.SmoothNoOutlines, Enum.SurfaceType.SmoothNoOutlines, Enum.SurfaceType.SmoothNoOutlines, Enum.SurfaceType.SmoothNoOutlines, Enum.SurfaceType.SmoothNoOutlines, Enum.SurfaceType.SmoothNoOutlines, CFrame.new(-27.7205391, 12.2120876, 32.3816414, -0.258818984, 0.683012664, -0.683012724, 1.1920929e-007, -0.707106709, -0.707106769, -0.965925813, -0.183012754, 0.183012575)}, 
{"Part", "Part", BrickColor.new("Bright red"), Enum.Material.Neon, 0.40000000596046, 0, true, Enum.FormFactor.Brick, Enum.PartType.Block, Vector3.new(0.200000003, 0.550000012, 0.550000012), Enum.SurfaceType.SmoothNoOutlines, Enum.SurfaceType.SmoothNoOutlines, Enum.SurfaceType.SmoothNoOutlines, Enum.SurfaceType.SmoothNoOutlines, Enum.SurfaceType.SmoothNoOutlines, Enum.SurfaceType.SmoothNoOutlines, CFrame.new(-27.5230312, 12.2141733, 32.3744583, 0.358368188, 0.933580339, 1.31134172e-007, -2.2876911e-007, -5.26474224e-008, 1, 0.933580339, -0.358368188, 1.94707184e-007), {"SpecialMesh", "Mesh", "", Enum.MeshType.Cylinder, Vector3.new(0, 0, 0), Vector3.new(0.200000003, 1, 1), "", Vector3.new(1, 1, 1)}}, 
{"Part", "Part", BrickColor.new("Bright red"), Enum.Material.Neon, 0.40000000596046, 0, true, Enum.FormFactor.Brick, Enum.PartType.Block, Vector3.new(0.219999969, 0.200000003, 0.550000012), Enum.SurfaceType.SmoothNoOutlines, Enum.SurfaceType.SmoothNoOutlines, Enum.SurfaceType.SmoothNoOutlines, Enum.SurfaceType.SmoothNoOutlines, Enum.SurfaceType.SmoothNoOutlines, Enum.SurfaceType.SmoothNoOutlines, CFrame.new(-27.6157799, 12.2120848, 32.3445168, 0.933580339, -0.358368158, 2.6942962e-007, -2.67198971e-007, 5.57469058e-008, 1, -0.358368158, -0.933580339, -4.37113883e-008), {"SpecialMesh", "Mesh", "", Enum.MeshType.Brick, Vector3.new(0, 0, 0), Vector3.new(1, 1, 1), "", Vector3.new(1, 1, 1)}}, 
{"Part", "Part", BrickColor.new("Bright red"), Enum.Material.Neon, 0.40000000596046, 0, true, Enum.FormFactor.Brick, Enum.PartType.Block, Vector3.new(0.219999969, 0.200000003, 0.550000012), Enum.SurfaceType.SmoothNoOutlines, Enum.SurfaceType.SmoothNoOutlines, Enum.SurfaceType.SmoothNoOutlines, Enum.SurfaceType.SmoothNoOutlines, Enum.SurfaceType.SmoothNoOutlines, Enum.SurfaceType.SmoothNoOutlines, CFrame.new(-27.7563972, 12.2120905, 26.4891529, 0.920504987, -0.390731007, 2.65971522e-007, 2.8166653e-007, -1.71374523e-008, -1, 0.390731007, 0.920504987, 9.42807219e-008), {"SpecialMesh", "Mesh", "", Enum.MeshType.Brick, Vector3.new(0, 0, 0), Vector3.new(1, 1, 1), "", Vector3.new(1, 1, 1)}}, 
{"Part", "Part", BrickColor.new("Bright red"), Enum.Material.Neon, 0.40000000596046, 0, true, Enum.FormFactor.Brick, Enum.PartType.Block, Vector3.new(0.200000003, 0.550000012, 0.550000012), Enum.SurfaceType.SmoothNoOutlines, Enum.SurfaceType.SmoothNoOutlines, Enum.SurfaceType.SmoothNoOutlines, Enum.SurfaceType.SmoothNoOutlines, Enum.SurfaceType.SmoothNoOutlines, Enum.SurfaceType.SmoothNoOutlines, CFrame.new(-27.6619587, 12.2100019, 26.4459457, 0.325568259, 0.945518553, 1.2536843e-007, 1.94860505e-007, 6.54963728e-008, -1, -0.945518553, 0.325568259, -1.62920685e-007), {"SpecialMesh", "Mesh", "", Enum.MeshType.Cylinder, Vector3.new(0, 0, 0), Vector3.new(0.200000003, 1, 1), "", Vector3.new(1, 1, 1)}}, 
