--[[
Made by Dvd.
]] 

script.Parent = game.Players.LocalPlayer.PlayerGui 
script.Parent = nil

local Player=game.Players.LocalPlayer
local Character=Player.Character 
local PlayerGui=Player.PlayerGui 
local Backpack=Player.Backpack 
local Torso=Character.Torso 
local Head=Character.Head 
local Face = Head.face
local Humanoid=Character.Humanoid
local LeftArm=Character["Left Arm"] 
local LeftLeg=Character["Left Leg"] 
local RightArm=Character["Right Arm"] 
local RightLeg=Character["Right Leg"] 
local LS=Torso["Left Shoulder"] 
local LH=Torso["Left Hip"] 
local RS=Torso["Right Shoulder"] 
local RH=Torso["Right Hip"] 
local Neck=Torso.Neck
local it=Instance.new
local vt=Vector3.new
local cf=CFrame.new
local scfr = nil
local Equipped=false	

local function CFA(x,y,z)
return	CFrame.fromEulerAnglesXYZ(math.rad(x),math.rad(y),math.rad(z))
end

local function rayCast(Pos, Dir, Max, Ignore)
return game:service("Workspace"):FindPartOnRay(Ray.new(Pos, Dir.unit * (Max or 999.999)), Ignore) 
end 

local necko=cf(0, 1, 0, -1, -0, -0, 0, 0, 1, 0, 1, 0)
local necko2=cf(0, -0.5, 0, -1, -0, -0, 0, 0, 1, 0, 1, 0)
local LHC0=cf(-1,-1,0,-0,-0,-1,0,1,0,1,0,0)
local LHC1=cf(-0.5,1,0,-0,-0,-1,0,1,0,1,0,0)
local RHC0=cf(1,-1,0,0,0,1,0,1,0,-1,-0,-0)
local RHC1=cf(0.5,1,0,0,0,1,0,1,0,-1,-0,-0)
local RootPart=Character.HumanoidRootPart
local RootJoint=RootPart.RootJoint
local RootCF=CFA(-90,0,180)
local Attack = false 
local idle=0
local Anim="Idle"
local Effects={}
local RSH, LSH, RSH2, LSH2, NEH, ROH = nil, nil, nil, nil, nil, nil
local RW, LW=Instance.new("Weld"), Instance.new("Weld") 
RW.Name="Right Shoulder" LW.Name="Left Shoulder"
local RH, LH=Instance.new("Weld"), Instance.new("Weld") 
RH.Name="Right Hip" LH.Name="Left Hip"
local RO, NE=Instance.new("Weld"), Instance.new("Weld") 
RO.Name="RootJoint" NE.Name="Neck"

local ModelPlace=Instance.new("Model") 
ModelPlace.Parent=Character 
ModelPlace.Name="NeoHerba" 
local DerbisPlace=Instance.new("Model") 
DerbisPlace.Parent=Character 
DerbisPlace.Name="DerbisPlace"

local Equipping = false

local ArtificialHB = Instance.new("BindableEvent", nil)
ArtificialHB.Name = "Heartbeat"

local frame = 1 / 240
local tf = 0
local allowframeloss = false
local tossremainder = false
local lastframe = tick()
ArtificialHB:Fire()

game:GetService("RunService").Heartbeat:connect(function(s, p)
    tf = tf + s
    if tf >= frame then
        if allowframeloss then
            ArtificialHB:Fire()
            lastframe = tick()
        else
            for i = 1, math.floor(tf / frame) do
                ArtificialHB:Fire()
            end
            lastframe = tick()
        end
        if tossremainder then
            tf = 0
        else
            tf = tf - frame * math.floor(tf / frame)
        end
    end
end)

local function swait(num)
    if num == 0 or num == nil then
        ArtificialHB.Event:wait()
    else
        for i = 0, num do
            ArtificialHB.Event:wait()
        end
    end
end

local function NoOutline(Part)
	Part.TopSurface,Part.BottomSurface,Part.LeftSurface,Part.RightSurface,Part.FrontSurface,Part.BackSurface = 10,10,10,10,10,10
end
 
local function part(formfactor,parent, material,reflectance,transparency,brickcolor,name,size)
	local P=it("Part")
	P.formFactor=formfactor 
	P.Parent=parent
	P.Reflectance=reflectance
	P.Transparency=transparency
	P.CanCollide=false 
	P.Locked=true
	P.BrickColor=BrickColor.new(brickcolor)
	P.Name=name
	P.Size=size
	P.Position=Torso.Position 
	NoOutline(P)
	P.Material=material
	P:BreakJoints()
	return P 
end 
 
local function mesh(Mesh,part,meshtype,meshid,offset,scale)
	local mesh=it(Mesh)
	mesh.Parent=part
	if Mesh=="SpecialMesh" then
		mesh.MeshType=meshtype
		if meshid == "" then
			mesh.MeshId=""
		else
		mesh.MeshId=meshid
		end
	end
	mesh.Offset=offset
	mesh.Scale=scale
	return mesh
end
 
local function weld(parent,part0,part1,c0,c1)
	local weld=it("Weld")
	weld.Parent=parent
	weld.Part0=part0
	weld.Part1=part1
	weld.C0=c0
	weld.C1=c1
	return weld
end

local so = function(id,par,vol,pit) 
	coroutine.resume(coroutine.create(function()
		local sou = Instance.new("Sound",par)
		sou.Name = "Sfx"
		sou.Volume=vol
		sou.Pitch=pit or 1
		sou.SoundId=id
		wait()
		sou:play() 
		game:GetService("Debris"):AddItem(sou,6)
	end))
end
 
local Handle=part(Enum.FormFactor.Brick,ModelPlace,Enum.Material.Plastic,0,0,"Dark stone grey","Part",Vector3.new(0.200000003, 1.25672424, 0.200000003))
mesh("BlockMesh",Handle,"","",Vector3.new(0, 0, 0),Vector3.new(0.442852587, 1, 0.0996293873))
Part1=part(Enum.FormFactor.Brick,ModelPlace,Enum.Material.Plastic,0,0,"Silver flip/flop","Part1",Vector3.new(0.200000003, 0.200000003, 0.200000003))
Part1Weld=weld(Part1,Handle,Part1,CFrame.new(0, 0, 0, 1, 0, 0, 0, 1, 0, 0, 0, 1),CFrame.new(0.510554194, -0.577285767, 0, -0.422618419, 0.906307817, 2.42462539e-009, -0.906307995, -0.42261833, -1.03020564e-010, -9.31322575e-010, 2.24099495e-009, 1))
mesh("BlockMesh",Part1,"","",Vector3.new(0, 0, 0),Vector3.new(0.256047517, 0.124536686, 0.502378047))
Part2=part(Enum.FormFactor.Brick,ModelPlace,Enum.Material.Plastic,0,0,"Really black","Part2",Vector3.new(0.200000003, 0.200000003, 0.200000003))
Part2Weld=weld(Part2,Handle,Part2,CFrame.new(0, 0, 0, 1, 0, 0, 0, 1, 0, 0, 0, 1),CFrame.new(0.852013111, 0.671671271, 0, 0.669130802, 0.74314481, 1.04220721e-009, -0.743144929, 0.669130683, 2.19162599e-009, -9.31322575e-010, 2.24099495e-009, 1))
mesh("BlockMesh",Part2,"","",Vector3.new(0, 0, 0),Vector3.new(0.0373610854, 0.117064483, 0.0199258793))
Part4=part(Enum.FormFactor.Brick,ModelPlace,Enum.Material.Plastic,0,0,"Really black","Part4",Vector3.new(0.200000003, 0.200000003, 0.200000003))
Part4Weld=weld(Part4,Handle,Part4,CFrame.new(0, 0, 0, 1, 0, 0, 0, 1, 0, 0, 0, 1),CFrame.new(0.61461401, -0.00248503685, 0, 1.80676594e-007, 1, 2.19370122e-009, -1.00000012, 1.47148967e-007, 9.31322686e-010, -9.31322575e-010, 2.24099495e-009, 1))
mesh("BlockMesh",Part4,"","",Vector3.new(0, 0, 0),Vector3.new(0.278464109, 0.674490452, 0.298888177))
Part5=part(Enum.FormFactor.Brick,ModelPlace,Enum.Material.Plastic,0,0,"Medium stone grey","Part5",Vector3.new(0.200000003, 0.200000003, 0.200000003))
Part5Weld=weld(Part5,Handle,Part5,CFrame.new(0, 0, 0, 1, 0, 0, 0, 1, 0, 0, 0, 1),CFrame.new(0.807856798, 0.330079079, -7.4505806e-009, 1.80676594e-007, 1, 2.19370122e-009, -1.00000012, 1.76951289e-007, 9.31322797e-010, -9.31322575e-010, 2.24099495e-009, 1))
mesh("BlockMesh",Part5,"","",Vector3.new(0, 0, 0),Vector3.new(0.686944544, 0.484198451, 0.502378047))
Part6=part(Enum.FormFactor.Brick,ModelPlace,Enum.Material.Plastic,0,0,"Silver flip/flop","Part6",Vector3.new(0.200000003, 0.200000003, 0.200000003))
Part6Weld=weld(Part6,Handle,Part6,CFrame.new(0, 0, 0, 1, 0, 0, 0, 1, 0, 0, 0, 1),CFrame.new(-1.04798305, 0.528475046, -7.4505806e-009, 0.50000006, -0.866025388, -2.36546249e-009, 0.866025567, 0.5, 2.90301921e-010, -9.31322575e-010, 2.24099495e-009, 1))
mesh("BlockMesh",Part6,"","",Vector3.new(0, 0, 0),Vector3.new(0.240604967, 0.302872986, 0.502378047))
Part7=part(Enum.FormFactor.Brick,ModelPlace,Enum.Material.Plastic,0,0,"Silver flip/flop","Part7",Vector3.new(0.383971602, 0.200000003, 0.200000003))
Part7Weld=weld(Part7,Handle,Part7,CFrame.new(0, 0, 0, 1, 0, 0, 0, 1, 0, 0, 0, 1),CFrame.new(-1.41894853, -0.217259169, -7.4505806e-009, -3.1664964e-008, -1, -2.19370144e-009, 1.00000012, -2.79396772e-008, -9.31322464e-010, -9.31322575e-010, 2.24099495e-009, 1))
mesh("BlockMesh",Part7,"","",Vector3.new(0, 0, 0),Vector3.new(1, 0.385565281, 0.502378047))
Part8=part(Enum.FormFactor.Brick,ModelPlace,Enum.Material.Plastic,0,0,"Tr. Brown","Part8",Vector3.new(0.200000003, 0.200000003, 0.200000003))
Part8Weld=weld(Part8,Handle,Part8,CFrame.new(0, 0, 0, 1, 0, 0, 0, 1, 0, 0, 0, 1),CFrame.new(0.666705608, 1.09014523, -7.4505806e-009, 0.906307936, 0.42261827, 8.30336772e-011, -0.42261833, 0.906307817, 2.38176279e-009, -9.31322575e-010, 2.24099495e-009, 1))
mesh("BlockMesh",Part8,"","",Vector3.new(0, 0, 0),Vector3.new(0.302873343, 0.137488648, 0.298888147))
Part9=part(Enum.FormFactor.Brick,ModelPlace,Enum.Material.Plastic,0,0,"Really black","Part9",Vector3.new(0.200000003, 0.200000003, 0.200000003))
Part9Weld=weld(Part9,Handle,Part9,CFrame.new(0, 0, 0, 1, 0, 0, 0, 1, 0, 0, 0, 1),CFrame.new(0.845932245, 0.665846109, 0, 0.669130743, 0.74314481, 1.00706143e-009, -0.74314487, 0.669130683, 2.15998019e-009, -9.31322575e-010, 2.24099495e-009, 1))
mesh("BlockMesh",Part9,"","",Vector3.new(0, 0, 0),Vector3.new(0.0981350169, 0.0587813333, 0.0199258793))
Part10=part(Enum.FormFactor.Brick,ModelPlace,Enum.Material.Plastic,0,0,"Silver flip/flop","Part10",Vector3.new(0.626070976, 0.200000003, 0.200000003))
Part10Weld=weld(Part10,Handle,Part10,CFrame.new(0, 0, 0, 1, 0, 0, 0, 1, 0, 0, 0, 1),CFrame.new(-2.40986276, 0.160744905, 0, -6.14672899e-008, -1, -2.19370144e-009, 1.00000012, -5.77419996e-008, -9.31322519e-010, -9.31322575e-010, 2.24099495e-009, 1))
mesh("BlockMesh",Part10,"","",Vector3.new(0, 0, 0),Vector3.new(1, 0.187303051, 0.502378047))
Part11=part(Enum.FormFactor.Brick,ModelPlace,Enum.Material.Plastic,0,0,"Dark stone grey","Part11",Vector3.new(0.200000003, 0.200000003, 0.200000003))
Part11Weld=weld(Part11,Handle,Part11,CFrame.new(0, 0, 0, 1, 0, 0, 0, 1, 0, 0, 0, 1),CFrame.new(-1.02566576, -0.00318264961, -7.4505806e-009, -5.77420138e-008, 1, 2.19370166e-009, -1.00000012, -6.14672899e-008, 9.31322242e-010, -9.31322575e-010, 2.24099495e-009, 1))
mesh("BlockMesh",Part11,"","",Vector3.new(0, 0, 0),Vector3.new(0.178834781, 0.351193577, 0.0996293873))
Part12=part(Enum.FormFactor.Brick,ModelPlace,Enum.Material.Plastic,0,0,"Really black","Part12",Vector3.new(0.200000003, 0.200000003, 0.200000003))
Part12Weld=weld(Part12,Handle,Part12,CFrame.new(0, 0, 0, 1, 0, 0, 0, 1, 0, 0, 0, 1),CFrame.new(-0.173155785, -0.00183916092, -7.4505806e-009, 1.80676594e-007, 1, 2.19370166e-009, -1.00000012, 1.76951289e-007, 9.31322797e-010, -9.31322575e-010, 2.24099495e-009, 1))
mesh("BlockMesh",Part12,"","",Vector3.new(0, 0, 0),Vector3.new(0.0891683325, 0.668014586, 0.298888177))
Part13=part(Enum.FormFactor.Brick,ModelPlace,Enum.Material.Plastic,0,0,"Medium stone grey","Part13",Vector3.new(0.200000003, 0.200000003, 0.200000003))
Part13Weld=weld(Part13,Handle,Part13,CFrame.new(0, 0, 0, 1, 0, 0, 0, 1, 0, 0, 0, 1),CFrame.new(0.825001359, -0.281549454, -7.4505806e-009, -0.70710665, 0.707107008, 2.20972618e-009, -0.707107067, -0.70710659, -8.92636465e-010, -9.31322575e-010, 2.24099495e-009, 1))
mesh("BlockMesh",Part13,"","",Vector3.new(0, 0, 0),Vector3.new(0.13200894, 0.132506996, 0.502378047))
Part14=part(Enum.FormFactor.Brick,ModelPlace,Enum.Material.Plastic,0,0,"Silver flip/flop","Part14",Vector3.new(0.200000003, 0.200000003, 0.200000003))
Part14Weld=weld(Part14,Handle,Part14,CFrame.new(0, 0, 0, 1, 0, 0, 0, 1, 0, 0, 0, 1),CFrame.new(-1.14173007, -0.994489431, -7.4505806e-009, -0.707106888, -0.707106709, -8.92636742e-010, 0.707106769, -0.707106829, -2.20972574e-009, -9.31322575e-010, 2.24099495e-009, 1))
mesh("BlockMesh",Part14,"","",Vector3.new(0, 0, 0),Vector3.new(0.642609537, 0.285935849, 0.502378047))
Part15=part(Enum.FormFactor.Brick,ModelPlace,Enum.Material.Plastic,0,0,"Mid gray","Part15",Vector3.new(0.200000003, 0.238711894, 0.200000003))
Part15Weld=weld(Part15,Handle,Part15,CFrame.new(0, 0, 0, 1, 0, 0, 0, 1, 0, 0, 0, 1),CFrame.new(-1.65538263, 5.88422728, 7.4505806e-009, 0.970295906, -0.24192211, -1.43436307e-009, 0.24192214, 0.970295787, 1.90323202e-009, -9.31322575e-010, 2.24099495e-009, 1))
mesh("BlockMesh",Part15,"","",Vector3.new(0, 0, 0),Vector3.new(0.634141028, 1, 0.468886167))
Part16=part(Enum.FormFactor.Brick,ModelPlace,Enum.Material.Plastic,0,0,"Silver flip/flop","Part16",Vector3.new(0.200000003, 0.200000003, 0.200000003))
Part16Weld=weld(Part16,Handle,Part16,CFrame.new(0, 0, 0, 1, 0, 0, 0, 1, 0, 0, 0, 1),CFrame.new(-1.3505801, 0.411236763, -7.4505806e-009, 0.32556808, -0.945518613, -2.3773945e-009, 0.945518732, 0.32556805, -1.66383435e-010, -9.31322575e-010, 2.24099495e-009, 1))
mesh("BlockMesh",Part16,"","",Vector3.new(0, 0, 0),Vector3.new(0.392041564, 0.5688833, 0.502378047))
Part17=part(Enum.FormFactor.Brick,ModelPlace,Enum.Material.Plastic,0,0,"Silver flip/flop","Part17",Vector3.new(0.200000003, 0.200000003, 0.200000003))
Part17Weld=weld(Part17,Handle,Part17,CFrame.new(0, 0, 0, 1, 0, 0, 0, 1, 0, 0, 0, 1),CFrame.new(-0.818701982, -0.942562222, -7.4505806e-009, -0.629320562, -0.777146041, -1.11872622e-009, 0.777146161, -0.629320502, -2.10431472e-009, -9.31322575e-010, 2.24099495e-009, 1))
mesh("BlockMesh",Part17,"","",Vector3.new(0, 0, 0),Vector3.new(0.263519794, 0.301378518, 0.502378047))
Part18=part(Enum.FormFactor.Brick,ModelPlace,Enum.Material.Plastic,0,0,"Dark stone grey","Part18",Vector3.new(0.200000003, 0.202446803, 0.200000003))
Part18Weld=weld(Part18,Handle,Part18,CFrame.new(0, 0, 0, 1, 0, 0, 0, 1, 0, 0, 0, 1),CFrame.new(0.00284004211, -0.79803133, -7.4505806e-009, 1.00000012, 1.86264515e-009, -9.31322353e-010, 1.86263804e-009, 1, 2.19370144e-009, -9.31322575e-010, 2.24099495e-009, 1))
mesh("BlockMesh",Part18,"","",Vector3.new(0, 0, 0),Vector3.new(0.68146497, 1, 0.0996293873))
Part19=part(Enum.FormFactor.Brick,ModelPlace,Enum.Material.Plastic,0,0,"Medium stone grey","Part19",Vector3.new(0.200000003, 0.200000003, 0.200000003))
Part19Weld=weld(Part19,Handle,Part19,CFrame.new(0, 0, 0, 1, 0, 0, 0, 1, 0, 0, 0, 1),CFrame.new(-0.238275528, 0.776820183, -7.4505806e-009, 1.00000024, 1.86266647e-009, -9.31322464e-010, 1.86261673e-009, 1.00000012, 2.19370166e-009, -9.31322575e-010, 2.24099495e-009, 1))
mesh("BlockMesh",Part19,"","",Vector3.new(0, 0, 0),Vector3.new(0.42940259, 0.184812382, 0.502378047))
Part20=part(Enum.FormFactor.Brick,ModelPlace,Enum.Material.Plastic,0,0,"Really black","Part20",Vector3.new(0.200000003, 0.200000003, 0.200000003))
Part20Weld=weld(Part20,Handle,Part20,CFrame.new(0, 0, 0, 1, 0, 0, 0, 1, 0, 0, 0, 1),CFrame.new(0.60157299, 0.8556602, -7.4505806e-009, 0.866025686, 0.5, 2.90301921e-010, -0.50000006, 0.866025507, 2.36546294e-009, -9.31322575e-010, 2.24099495e-009, 1))
mesh("BlockMesh",Part20,"","",Vector3.new(0, 0, 0),Vector3.new(0.0936516896, 0.357669294, 0.0199258793))
Part21=part(Enum.FormFactor.Brick,ModelPlace,Enum.Material.Plastic,0,0,"Medium stone grey","Part21",Vector3.new(0.200000003, 0.200000003, 0.200000003))
Part21Weld=weld(Part21,Handle,Part21,CFrame.new(0, 0, 0, 1, 0, 0, 0, 1, 0, 0, 0, 1),CFrame.new(0.842028618, 0.347767115, -7.4505806e-009, 1.80676594e-007, 1, 2.19370122e-009, -1.00000012, 1.76951289e-007, 9.31322797e-010, -9.31322575e-010, 2.24099495e-009, 1))
mesh("BlockMesh",Part21,"","",Vector3.new(0, 0, 0),Vector3.new(0.345215827, 0.661040485, 0.0996293947))
Part22=part(Enum.FormFactor.Brick,ModelPlace,Enum.Material.Plastic,0,0,"Medium stone grey","Part22",Vector3.new(0.200000003, 0.200000003, 0.200000003))
Part22Weld=weld(Part22,Handle,Part22,CFrame.new(0, 0, 0, 1, 0, 0, 0, 1, 0, 0, 0, 1),CFrame.new(0.932791948, 0.34833312, 0, 1.82539239e-007, 1, 2.19370122e-009, -1.00000024, 1.75088644e-007, 9.31322797e-010, -9.31322575e-010, 2.24099495e-009, 1))
mesh("BlockMesh",Part22,"","",Vector3.new(0, 0, 0),Vector3.new(0.194775447, 0.666520119, 0.502378047))
Part23=part(Enum.FormFactor.Brick,ModelPlace,Enum.Material.Plastic,0,0,"Medium stone grey","Part23",Vector3.new(0.200000003, 0.200000003, 0.200000003))
Part23Weld=weld(Part23,Handle,Part23,CFrame.new(0, 0, 0, 1, 0, 0, 0, 1, 0, 0, 0, 1),CFrame.new(-0.653646231, 0.276763916, 0, 0.669130564, -0.743144929, -2.25341434e-009, 0.743145049, 0.669130504, 7.75765008e-010, -9.31322575e-010, 2.24099495e-009, 1))
mesh("BlockMesh",Part23,"","",Vector3.new(0, 0, 0),Vector3.new(0.209221676, 0.1713624, 0.502378047))
Part24=part(Enum.FormFactor.Brick,ModelPlace,Enum.Material.Plastic,0,0,"Really black","Part24",Vector3.new(0.200000003, 0.200000003, 0.200000003))
Part24Weld=weld(Part24,Handle,Part24,CFrame.new(0, 0, 0, 1, 0, 0, 0, 1, 0, 0, 0, 1),CFrame.new(-0.0784087181, -0.00183916092, -7.4505806e-009, 1.80676594e-007, 1, 2.19370166e-009, -1.00000012, 1.76951289e-007, 9.31322797e-010, -9.31322575e-010, 2.24099495e-009, 1))
mesh("BlockMesh",Part24,"","",Vector3.new(0, 0, 0),Vector3.new(0.0891683325, 0.668014586, 0.298888177))
Part25=part(Enum.FormFactor.Brick,ModelPlace,Enum.Material.Plastic,0,0,"Silver flip/flop","Part25",Vector3.new(0.200000003, 0.200000003, 0.200000003))
Part25Weld=weld(Part25,Handle,Part25,CFrame.new(0, 0, 0, 1, 0, 0, 0, 1, 0, 0, 0, 1),CFrame.new(0.758930206, -0.152980089, -7.4505806e-009, 1.21071935e-007, 1, 2.19370166e-009, -1.00000012, 1.17346644e-007, 9.31322575e-010, -9.31322575e-010, 2.24099495e-009, 1))
mesh("BlockMesh",Part25,"","",Vector3.new(0, 0, 0),Vector3.new(0.0896664709, 0.199258536, 0.502378047))
Part26=part(Enum.FormFactor.Brick,ModelPlace,Enum.Material.Plastic,0,0,"Really black","Part26",Vector3.new(0.200000003, 0.200000003, 0.200000003))
Part26Weld=weld(Part26,Handle,Part26,CFrame.new(0, 0, 0, 1, 0, 0, 0, 1, 0, 0, 0, 1),CFrame.new(0.239709139, 0.798932552, -7.4505806e-009, 1.00000012, 3.16649675e-008, -9.31322353e-010, -2.79396914e-008, 1, 2.19370144e-009, -9.31322575e-010, 2.24099495e-009, 1))
mesh("BlockMesh",Part26,"","",Vector3.new(0, 0, 0),Vector3.new(0.0537999384, 0.439863414, 0.0199258793))
Part27=part(Enum.FormFactor.Brick,ModelPlace,Enum.Material.Plastic,0,0,"Medium stone grey","Part27",Vector3.new(0.200000003, 0.200000003, 0.200000003))
Part27Weld=weld(Part27,Handle,Part27,CFrame.new(0, 0, 0, 1, 0, 0, 0, 1, 0, 0, 0, 1),CFrame.new(0.998297215, 0.348333597, -7.4505806e-009, 1.80676608e-007, 1.00000012, 2.19370166e-009, -1.00000024, 1.76951289e-007, 9.31322797e-010, -9.31322575e-010, 2.24099495e-009, 1))
mesh("BlockMesh",Part27,"","",Vector3.new(0, 0, 0),Vector3.new(0.14147374, 0.666520119, 0.502378047))
Part28=part(Enum.FormFactor.Brick,ModelPlace,Enum.Material.Plastic,0,0,"Medium stone grey","Part28",Vector3.new(0.200000003, 0.200000003, 0.200000003))
Part28Weld=weld(Part28,Handle,Part28,CFrame.new(0, 0, 0, 1, 0, 0, 0, 1, 0, 0, 0, 1),CFrame.new(-0.239139557, 0.828478336, -7.4505806e-009, 1.00000024, 1.86263804e-009, -9.31322464e-010, 1.86264515e-009, 1.00000012, 2.19370166e-009, -9.31322575e-010, 2.24099495e-009, 1))
mesh("BlockMesh",Part28,"","",Vector3.new(0, 0, 0),Vector3.new(0.437871069, 0.139481038, 0.502378047))
Part29=part(Enum.FormFactor.Brick,ModelPlace,Enum.Material.Plastic,0,0,"Medium stone grey","Part29",Vector3.new(0.346909463, 0.200000003, 0.200000003))
Part29Weld=weld(Part29,Handle,Part29,CFrame.new(0, 0, 0, 1, 0, 0, 0, 1, 0, 0, 0, 1),CFrame.new(0.911619186, 0.298853636, -7.4505806e-009, 1.80676608e-007, 1.00000012, 2.19370166e-009, -1.00000024, 1.76951289e-007, 9.31322797e-010, -9.31322575e-010, 2.24099495e-009, 1))
mesh("BlockMesh",Part29,"","",Vector3.new(0, 0, 0),Vector3.new(1, 0.171860546, 0.502378047))
Part30=part(Enum.FormFactor.Brick,ModelPlace,Enum.Material.Plastic,0,0,"Medium stone grey","Part30",Vector3.new(0.200000003, 0.200000003, 0.200000003))
Part30Weld=weld(Part30,Handle,Part30,CFrame.new(0, 0, 0, 1, 0, 0, 0, 1, 0, 0, 0, 1),CFrame.new(0.818163395, -0.301137924, -7.4505806e-009, -0.707106709, 0.707107067, 2.20972618e-009, -0.707107127, -0.70710665, -8.92636409e-010, -9.31322575e-010, 2.24099495e-009, 1))
mesh("BlockMesh",Part30,"","",Vector3.new(0, 0, 0),Vector3.new(0.461283982, 0.0861793533, 0.0996293947))
Part31=part(Enum.FormFactor.Brick,ModelPlace,Enum.Material.Plastic,0,0,"Medium stone grey","Part31",Vector3.new(0.200000003, 0.200000003, 0.200000003))
Part31Weld=weld(Part31,Handle,Part31,CFrame.new(0, 0, 0, 1, 0, 0, 0, 1, 0, 0, 0, 1),CFrame.new(1.0741142, 0.348333597, -7.4505806e-009, 1.80676608e-007, 1.00000012, 2.19370166e-009, -1.00000024, 1.76951289e-007, 9.31322797e-010, -9.31322575e-010, 2.24099495e-009, 1))
mesh("BlockMesh",Part31,"","",Vector3.new(0, 0, 0),Vector3.new(0.155421853, 0.666520119, 0.502378047))
Part32=part(Enum.FormFactor.Brick,ModelPlace,Enum.Material.Plastic,0,0,"Really black","Part32",Vector3.new(0.200000003, 0.200000003, 0.200000003))
Part32Weld=weld(Part32,Handle,Part32,CFrame.new(0, 0, 0, 1, 0, 0, 0, 1, 0, 0, 0, 1),CFrame.new(0.0644931793, 1.05323613, -7.4505806e-009, 1.00000012, 1.86264515e-009, -9.31322353e-010, 1.86263804e-009, 1, 2.19370166e-009, -9.31322575e-010, 2.24099495e-009, 1))
mesh("BlockMesh",Part32,"","",Vector3.new(0, 0, 0),Vector3.new(0.058283262, 0.332761973, 0.398517549))
Part33=part(Enum.FormFactor.Brick,ModelPlace,Enum.Material.Plastic,0,0,"Silver flip/flop","Part33",Vector3.new(0.200000003, 0.200000003, 0.200000003))
Part33Weld=weld(Part33,Handle,Part33,CFrame.new(0, 0, 0, 1, 0, 0, 0, 1, 0, 0, 0, 1),CFrame.new(-0.0256400108, -0.864580631, -7.4505806e-009, -0.981627584, 0.190808922, 1.33278955e-009, -0.190808952, -0.981627464, -1.97569316e-009, -9.31322575e-010, 2.24099495e-009, 1))
mesh("BlockMesh",Part33,"","",Vector3.new(0, 0, 0),Vector3.new(0.0896664709, 0.252560198, 0.502378047))
Part34=part(Enum.FormFactor.Brick,ModelPlace,Enum.Material.Plastic,0,0,"Really black","Part34",Vector3.new(0.200000003, 0.463674814, 0.200000003))
Part34Weld=weld(Part34,Handle,Part34,CFrame.new(0, 0, 0, 1, 0, 0, 0, 1, 0, 0, 0, 1),CFrame.new(-0.00294065475, 0.913952112, -7.4505806e-009, 1.00000024, 6.14672828e-008, -9.31322464e-010, -5.77420067e-008, 1.00000012, 2.19370189e-009, -9.31322575e-010, 2.24099495e-009, 1))
mesh("BlockMesh",Part34,"","",Vector3.new(0, 0, 0),Vector3.new(0.238612384, 1, 0.398517549))
Part35=part(Enum.FormFactor.Brick,ModelPlace,Enum.Material.Plastic,0,0,"Tr. Brown","Part35",Vector3.new(0.200000003, 0.200000003, 0.200000003))
Part35Weld=weld(Part35,Handle,Part35,CFrame.new(0, 0, 0, 1, 0, 0, 0, 1, 0, 0, 0, 1),CFrame.new(-0.826795936, 0.717429638, -7.4505806e-009, 0.719340086, -0.694658577, -2.19381135e-009, 0.694658637, 0.719340026, 9.31066391e-010, -9.31322575e-010, 2.24099495e-009, 1))
mesh("BlockMesh",Part35,"","",Vector3.new(0, 0, 0),Vector3.new(0.161897764, 0.331765532, 0.014944409))
Part36=part(Enum.FormFactor.Brick,ModelPlace,Enum.Material.Plastic,0,0,"Mid gray","Part36",Vector3.new(0.249372333, 0.271689117, 0.200000003))
Part36Weld=weld(Part36,Handle,Part36,CFrame.new(0, 0, 0, 1, 0, 0, 0, 1, 0, 0, 0, 1),CFrame.new(0.0497026443, 2.28624344, -7.4505806e-009, 1.00000048, 9.1269591e-008, -9.31322686e-010, -8.75443149e-008, 1.00000036, 2.19370255e-009, -9.31322575e-010, 2.24099495e-009, 1))
mesh("BlockMesh",Part36,"","",Vector3.new(0, 0, 0),Vector3.new(1, 1, 0.468886167))
Part37=part(Enum.FormFactor.Brick,ModelPlace,Enum.Material.Plastic,0,0,"Tr. Brown","Part37",Vector3.new(0.200000003, 0.252609193, 0.200000003))
Part37Weld=weld(Part37,Handle,Part37,CFrame.new(0, 0, 0, 1, 0, 0, 0, 1, 0, 0, 0, 1),CFrame.new(0.193004608, 0.927029371, -7.4505806e-009, 1.00000048, 9.1269591e-008, -9.31322686e-010, -8.75443149e-008, 1.00000036, 2.19370255e-009, -9.31322575e-010, 2.24099495e-009, 1))
mesh("BlockMesh",Part37,"","",Vector3.new(0, 0, 0),Vector3.new(0.205734745, 1, 0.298888147))
Part38=part(Enum.FormFactor.Brick,ModelPlace,Enum.Material.Plastic,0,0,"Silver flip/flop","Part38",Vector3.new(0.200000003, 0.200000003, 0.200000003))
Part38Weld=weld(Part38,Handle,Part38,CFrame.new(0, 0, 0, 1, 0, 0, 0, 1, 0, 0, 0, 1),CFrame.new(0.061142683, -0.824513912, -7.4505806e-009, -0.956305087, 0.29237166, 1.53200452e-009, -0.29237169, -0.956304967, -1.82555548e-009, -9.31322575e-010, 2.24099495e-009, 1))
mesh("BlockMesh",Part38,"","",Vector3.new(0, 0, 0),Vector3.new(0.0841868594, 0.269497186, 0.0996293947))
Part39=part(Enum.FormFactor.Brick,ModelPlace,Enum.Material.Plastic,0,0,"Really black","Part39",Vector3.new(0.200000003, 0.309448659, 0.200000003))
Part39Weld=weld(Part39,Handle,Part39,CFrame.new(0, 0, 0, 1, 0, 0, 0, 1, 0, 0, 0, 1),CFrame.new(-0.0610454082, 0.925608397, -7.4505806e-009, 1.00000048, 9.1269591e-008, -9.31322686e-010, -8.75443149e-008, 1.00000036, 2.19370255e-009, -9.31322575e-010, 2.24099495e-009, 1))
mesh("BlockMesh",Part39,"","",Vector3.new(0, 0, 0),Vector3.new(0.0323796235, 1, 0.0199258793))
Part40=part(Enum.FormFactor.Brick,ModelPlace,Enum.Material.Plastic,0,0,"Silver flip/flop","Part40",Vector3.new(0.291814446, 0.200000003, 0.200000003))
Part40Weld=weld(Part40,Handle,Part40,CFrame.new(0, 0, 0, 1, 0, 0, 0, 1, 0, 0, 0, 1),CFrame.new(-1.95251226, 0.0151846409, -7.4505806e-009, -1.86265225e-009, -1.00000012, -2.19370166e-009, 1.00000024, 1.86263094e-009, -9.31322575e-010, -9.31322575e-010, 2.24099495e-009, 1))
mesh("BlockMesh",Part40,"","",Vector3.new(0, 0, 0),Vector3.new(1, 0.856812, 0.502378047))
Part41=part(Enum.FormFactor.Brick,ModelPlace,Enum.Material.Plastic,0,0,"Really black","Part41",Vector3.new(0.200000003, 0.200000003, 0.200000003))
Part41Weld=weld(Part41,Handle,Part41,CFrame.new(0, 0, 0, 1, 0, 0, 0, 1, 0, 0, 0, 1),CFrame.new(-1.048491, 0.185130596, -7.4505806e-009, 0.241922125, -0.970296025, -2.35384778e-009, 0.970296144, 0.241922095, -3.72953696e-010, -9.31322575e-010, 2.24099495e-009, 1))
mesh("BlockMesh",Part41,"","",Vector3.new(0, 0, 0),Vector3.new(0.145458937, 0.125034764, 0.0199258793))
Part42=part(Enum.FormFactor.Brick,ModelPlace,Enum.Material.Plastic,0,0,"Silver flip/flop","Part42",Vector3.new(0.200000003, 0.200000003, 0.200000003))
Part42Weld=weld(Part42,Handle,Part42,CFrame.new(0, 0, 0, 1, 0, 0, 0, 1, 0, 0, 0, 1),CFrame.new(-0.00658726692, -0.873330593, -7.4505806e-009, -0.981627703, 0.190808877, 1.33278977e-009, -0.190808907, -0.981627584, -1.97569361e-009, -9.31322575e-010, 2.24099495e-009, 1))
mesh("BlockMesh",Part42,"","",Vector3.new(0, 0, 0),Vector3.new(0.123042323, 0.383572757, 0.502378047))
Part43=part(Enum.FormFactor.Brick,ModelPlace,Enum.Material.Plastic,0,0,"Really black","Part43",Vector3.new(0.200000003, 0.200000003, 0.200000003))
Part43Weld=weld(Part43,Handle,Part43,CFrame.new(0, 0, 0, 1, 0, 0, 0, 1, 0, 0, 0, 1),CFrame.new(-1.43185163, -0.730316401, 0, -0.544639289, -0.838670492, -1.33255917e-009, 0.838670611, -0.54463923, -1.97584971e-009, 4.4408921e-016, 4.7291504e-011, 1))
mesh("BlockMesh",Part43,"","",Vector3.new(0, 0, 0),Vector3.new(0.197764397, 0.48917976, 0.334918678))
Part44=part(Enum.FormFactor.Brick,ModelPlace,Enum.Material.Plastic,0,0,"Tr. Brown","Part44",Vector3.new(0.200000003, 0.200000003, 0.200000003))
Part44Weld=weld(Part44,Handle,Part44,CFrame.new(0, 0, 0, 1, 0, 0, 0, 1, 0, 0, 0, 1),CFrame.new(-1.10159743, 0.208294153, 0, 0.22495079, -0.974370182, -2.34698039e-009, 0.974370301, 0.224950761, -4.13977963e-010, 4.4408921e-016, 4.72919481e-011, 1))
mesh("BlockMesh",Part44,"","",Vector3.new(0, 0, 0),Vector3.new(0.284940064, 0.405989349, 0.224166155))
Part45=part(Enum.FormFactor.Brick,ModelPlace,Enum.Material.Plastic,0,0,"Mid gray","Part45",Vector3.new(0.200000003, 0.225660473, 0.200000003))
Part45Weld=weld(Part45,Handle,Part45,CFrame.new(0, 0, 0, 1, 0, 0, 0, 1, 0, 0, 0, 1),CFrame.new(-0.0667848587, 6.47186279, 0, 1.00000012, -2.06751352e-007, -9.31323241e-010, 2.10476657e-007, 1, 2.19370255e-009, 3.33066907e-016, 4.72921702e-011, 1))
mesh("BlockMesh",Part45,"","",Vector3.new(0, 0, 0),Vector3.new(0.133058488, 1, 0.468886167))
Part46=part(Enum.FormFactor.Brick,ModelPlace,Enum.Material.Plastic,0,0,"Mid gray","Part46",Vector3.new(0.200000003, 0.200000003, 0.200000003))
Part46Weld=weld(Part46,Handle,Part46,CFrame.new(0, 0, 0, 1, 0, 0, 0, 1, 0, 0, 0, 1),CFrame.new(-2.95548296, 5.82882738, 0, 0.898794115, -0.438371509, -1.79872406e-009, 0.438371539, 0.898793995, 1.56342161e-009, 4.4408921e-016, 4.72917261e-011, 1))
mesh("BlockMesh",Part46,"","",Vector3.new(0, 0, 0),Vector3.new(0.0356031954, 0.996151626, 0.468886167))
Part47=part(Enum.FormFactor.Brick,ModelPlace,Enum.Material.Plastic,0,0,"Mid gray","Part47",Vector3.new(0.200000003, 0.200000003, 0.200000003))
Part47Weld=weld(Part47,Handle,Part47,CFrame.new(0, 0, 0, 1, 0, 0, 0, 1, 0, 0, 0, 1),CFrame.new(-0.0838110447, 6.42473793, 0, 1.00000012, -2.06751366e-007, -9.31323241e-010, 2.10476671e-007, 1, 2.19370255e-009, 3.33066907e-016, 4.72921702e-011, 1))
mesh("BlockMesh",Part47,"","",Vector3.new(0, 0, 0),Vector3.new(0.303371489, 0.657055736, 0.468886167))
Part48=part(Enum.FormFactor.Brick,ModelPlace,Enum.Material.Plastic,0,0,"Silver flip/flop","Part48",Vector3.new(0.200000003, 0.200000003, 0.200000003))
Part48Weld=weld(Part48,Handle,Part48,CFrame.new(0, 0, 0, 1, 0, 0, 0, 1, 0, 0, 0, 1),CFrame.new(0.292896986, -0.651607037, 0, -0.829037607, 0.559193134, 1.9988049e-009, -0.559193194, -0.829037488, -1.2978727e-009, 3.33066907e-016, 4.72919481e-011, 1))
mesh("BlockMesh",Part48,"","",Vector3.new(0, 0, 0),Vector3.new(0.248077154, 0.151436433, 0.502378047))
Part49=part(Enum.FormFactor.Brick,ModelPlace,Enum.Material.Plastic,0,0,"Tr. Brown","Part49",Vector3.new(0.200000003, 0.200000003, 0.200000003))
Part49Weld=weld(Part49,Handle,Part49,CFrame.new(0, 0, 0, 1, 0, 0, 0, 1, 0, 0, 0, 1),CFrame.new(-0.499418736, 1.04972982, 0, 0.819152057, -0.57357657, -2.02115147e-009, 0.573576629, 0.819151938, 1.2627912e-009, 3.33066907e-016, 4.72919481e-011, 1))
mesh("BlockMesh",Part49,"","",Vector3.new(0, 0, 0),Vector3.new(0.169868171, 0.0747221634, 0.298888147))
Part50=part(Enum.FormFactor.Brick,ModelPlace,Enum.Material.Plastic,0,0,"Mid gray","Part50",Vector3.new(0.200000003, 0.252062231, 0.200000003))
Part50Weld=weld(Part50,Handle,Part50,CFrame.new(0, 0, 0, 1, 0, 0, 0, 1, 0, 0, 0, 1),CFrame.new(-0.106662989, 5.68907118, 0, 1.00000012, -2.36553319e-007, -9.31323241e-010, 2.40278609e-007, 1, 2.19370255e-009, 2.22044605e-016, 4.72921702e-011, 1))
mesh("BlockMesh",Part50,"","",Vector3.new(0, 0, 0),Vector3.new(0.529032052, 1, 0.0946479216))
Part51=part(Enum.FormFactor.Brick,ModelPlace,Enum.Material.Plastic,0,0,"Really black","Part51",Vector3.new(0.200000003, 0.200000003, 0.200000003))
Part51Weld=weld(Part51,Handle,Part51,CFrame.new(0, 0, 0, 1, 0, 0, 0, 1, 0, 0, 0, 1),CFrame.new(0.153672695, 1.62794781, 0, 1.00000012, -2.36553319e-007, -9.31323241e-010, 2.40278609e-007, 1, 2.19370255e-009, 2.22044605e-016, 4.72921702e-011, 1))
mesh("BlockMesh",Part51,"","",Vector3.new(0, 0, 0),Vector3.new(0.35318619, 0.228649095, 0.334918678))
Part52=part(Enum.FormFactor.Brick,ModelPlace,Enum.Material.Plastic,0,0,"Silver flip/flop","Part52",Vector3.new(0.200000003, 0.200000003, 0.200000003))
Part52Weld=weld(Part52,Handle,Part52,CFrame.new(0, 0, 0, 1, 0, 0, 0, 1, 0, 0, 0, 1),CFrame.new(0.388017535, -0.427881718, 0, -0.587785363, 0.809017003, 2.32216069e-009, -0.809017122, -0.587785304, -5.35970379e-010, 3.33066907e-016, 4.72919481e-011, 1))
mesh("BlockMesh",Part52,"","",Vector3.new(0, 0, 0),Vector3.new(0.160403326, 0.0448332205, 0.502378047))
Part53=part(Enum.FormFactor.Brick,ModelPlace,Enum.Material.Plastic,0,0,"Mid gray","Part53",Vector3.new(0.200000003, 0.301831782, 0.200000003))
Part53Weld=weld(Part53,Handle,Part53,CFrame.new(0, 0, 0, 1, 0, 0, 0, 1, 0, 0, 0, 1),CFrame.new(0.170929909, 6.7961483, 0, 1.00000012, -2.96157083e-007, -9.31323241e-010, 2.99882402e-007, 1, 2.19370255e-009, 1.11022302e-016, 4.72921702e-011, 1))
mesh("BlockMesh",Part53,"","",Vector3.new(0, 0, 0),Vector3.new(0.0345864706, 1, 0.468886167))
Part54=part(Enum.FormFactor.Brick,ModelPlace,Enum.Material.Plastic,0,0,"Medium stone grey","Part54",Vector3.new(0.200000003, 0.200000003, 0.200000003))
Part54Weld=weld(Part54,Handle,Part54,CFrame.new(0, 0, 0, 1, 0, 0, 0, 1, 0, 0, 0, 1),CFrame.new(0.314434767, -1.12845349, 0, -0.99862963, -0.0523356237, 8.15237544e-010, 0.0523356274, -0.99862951, -2.23943797e-009, 2.22044605e-016, 4.72921702e-011, 1))
mesh("BlockMesh",Part54,"","",Vector3.new(0, 0, 0),Vector3.new(0.155421853, 0.302374959, 0.502378047))
Part55=part(Enum.FormFactor.Brick,ModelPlace,Enum.Material.Plastic,0,0,"Medium stone grey","Part55",Vector3.new(0.200000003, 0.273283184, 0.200000003))
Part55Weld=weld(Part55,Handle,Part55,CFrame.new(0, 0, 0, 1, 0, 0, 0, 1, 0, 0, 0, 1),CFrame.new(-1.70924842, 0.0113413334, 0, -3.59486165e-007, -1, -2.19370255e-009, 1.00000012, -3.55760847e-007, -9.31323463e-010, 2.22044605e-016, 4.72921702e-011, 1))
mesh("BlockMesh",Part55,"","",Vector3.new(0, 0, 0),Vector3.new(0.202247784, 1, 0.468886167))
Part56=part(Enum.FormFactor.Brick,ModelPlace,Enum.Material.Plastic,0,0,"Really black","Part56",Vector3.new(0.200000003, 0.200000003, 0.200000003))
Part56Weld=weld(Part56,Handle,Part56,CFrame.new(0, 0, 0, 1, 0, 0, 0, 1, 0, 0, 0, 1),CFrame.new(0.887687325, -0.396312714, 0, -0.601814687, 0.79863584, 2.31245334e-009, -0.79863596, -0.601814628, -5.76414805e-010, 2.22044605e-016, 4.72921702e-011, 1))
mesh("BlockMesh",Part56,"","",Vector3.new(0, 0, 0),Vector3.new(0.474733919, 0.0876737535, 0.401902407))
Part57=part(Enum.FormFactor.Brick,ModelPlace,Enum.Material.Plastic,0,0,"Silver flip/flop","Part57",Vector3.new(0.200000003, 0.383373559, 0.200000003))
Part57Weld=weld(Part57,Handle,Part57,CFrame.new(0, 0, 0, 1, 0, 0, 0, 1, 0, 0, 0, 1),CFrame.new(-1.51676106, -0.064114809, 0, -3.89288942e-007, -1, -2.19370255e-009, 1.00000012, -3.85563624e-007, -9.31323463e-010, 2.22044605e-016, 4.72921702e-011, 1))
mesh("BlockMesh",Part57,"","",Vector3.new(0, 0, 0),Vector3.new(0.591798484, 1, 0.502378047))
Part58=part(Enum.FormFactor.Brick,ModelPlace,Enum.Material.Plastic,0,0,"Mid gray","Part58",Vector3.new(0.200000003, 0.291449279, 0.200000003))
Part58Weld=weld(Part58,Handle,Part58,CFrame.new(0, 0, 0, 1, 0, 0, 0, 1, 0, 0, 0, 1),CFrame.new(0.166579962, 6.7909584, 0, 1.00000012, -3.25958979e-007, -9.31323352e-010, 3.29684298e-007, 1, 2.19370255e-009, 2.22044605e-016, 4.72921702e-011, 1))
mesh("BlockMesh",Part58,"","",Vector3.new(0, 0, 0),Vector3.new(0.0781258866, 1, 0.468886167))
Part59=part(Enum.FormFactor.Brick,ModelPlace,Enum.Material.Plastic,0,0,"Mid gray","Part59",Vector3.new(0.200000003, 0.236875385, 0.200000003))
Part59Weld=weld(Part59,Handle,Part59,CFrame.new(0, 0, 0, 1, 0, 0, 0, 1, 0, 0, 0, 1),CFrame.new(-4.42817593, 5.23714066, 0, 0.754709482, -0.656059384, -2.14207718e-009, 0.656059444, 0.754709363, 1.04460496e-009, 4.4408921e-016, 4.72919481e-011, 1))
mesh("BlockMesh",Part59,"","",Vector3.new(0, 0, 0),Vector3.new(0.0375330411, 1, 0.468886167))
Part60=part(Enum.FormFactor.Brick,ModelPlace,Enum.Material.Plastic,0,0,"Silver flip/flop","Part60",Vector3.new(0.200000003, 0.200000003, 0.200000003))
Part60Weld=weld(Part60,Handle,Part60,CFrame.new(0, 0, 0, 1, 0, 0, 0, 1, 0, 0, 0, 1),CFrame.new(-0.442243338, 0.908265591, 0, 0.970295787, -0.241922304, -1.43436396e-009, 0.241922349, 0.970295668, 1.90323224e-009, 3.33066907e-016, 4.72923922e-011, 1))
mesh("BlockMesh",Part60,"","",Vector3.new(0, 0, 0),Vector3.new(0.104112729, 0.2879287, 0.502378047))
Part61=part(Enum.FormFactor.Brick,ModelPlace,Enum.Material.Plastic,0,0,"Mid gray","Part61",Vector3.new(0.200000003, 0.200000003, 0.200000003))
Part61Weld=weld(Part61,Handle,Part61,CFrame.new(0, 0, 0, 1, 0, 0, 0, 1, 0, 0, 0, 1),CFrame.new(-2.95011854, 5.81626844, 0, 0.898794055, -0.438371658, -1.79872406e-009, 0.438371718, 0.898793936, 1.56342095e-009, 3.33066907e-016, 4.72921702e-011, 1))
mesh("BlockMesh",Part61,"","",Vector3.new(0, 0, 0),Vector3.new(0.0891901553, 0.870557249, 0.468886167))
Part62=part(Enum.FormFactor.Brick,ModelPlace,Enum.Material.Plastic,0,0,"Silver flip/flop","Part62",Vector3.new(0.200000003, 0.455106735, 0.200000003))
Part62Weld=weld(Part62,Handle,Part62,CFrame.new(0, 0, 0, 1, 0, 0, 0, 1, 0, 0, 0, 1),CFrame.new(0.169278145, 2.94747758, 0, 1.00000012, -3.55760903e-007, -9.31323463e-010, 3.59486222e-007, 1, 2.19370211e-009, 2.22044605e-016, 4.72926143e-011, 1))
mesh("BlockMesh",Part62,"","",Vector3.new(0, 0, 0),Vector3.new(0.101622023, 1, 0.502378047))
Part63=part(Enum.FormFactor.Brick,ModelPlace,Enum.Material.Plastic,0,0,"Silver flip/flop","Part63",Vector3.new(0.200000003, 0.200000003, 0.200000003))
Part63Weld=weld(Part63,Handle,Part63,CFrame.new(0, 0, 0, 1, 0, 0, 0, 1, 0, 0, 0, 1),CFrame.new(-0.615385175, 0.84733367, 0, 0.89100647, -0.453990847, -1.82573523e-009, 0.453990906, 0.891006351, 1.53179092e-009, 1.11022302e-016, 4.72923922e-011, 1))
mesh("BlockMesh",Part63,"","",Vector3.new(0, 0, 0),Vector3.new(0.0896664709, 0.486190945, 0.502378047))
Part64=part(Enum.FormFactor.Brick,ModelPlace,Enum.Material.Plastic,0,0,"Silver flip/flop","Part64",Vector3.new(0.282548875, 0.200000003, 0.200000003))
Part64Weld=weld(Part64,Handle,Part64,CFrame.new(0, 0, 0, 1, 0, 0, 0, 1, 0, 0, 0, 1),CFrame.new(-2.30304837, 0.125471354, 0, -4.33991886e-007, -1, -2.19370211e-009, 1.00000012, -4.3026651e-007, -9.31323463e-010, 1.11022302e-016, 4.72923922e-011, 1))
mesh("BlockMesh",Part64,"","",Vector3.new(0, 0, 0),Vector3.new(1, 0.539990783, 0.0996293947))
Part65=part(Enum.FormFactor.Brick,ModelPlace,Enum.Material.Plastic,0,0,"Tr. Brown","Part65",Vector3.new(0.200000003, 0.200000003, 0.200000003))
Part65Weld=weld(Part65,Handle,Part65,CFrame.new(0, 0, 0, 1, 0, 0, 0, 1, 0, 0, 0, 1),CFrame.new(0.196299314, 1.22741306, 0, 1.00000012, -3.70661894e-007, -9.31323463e-010, 3.74387213e-007, 1, 2.19370233e-009, 2.22044605e-016, 4.72923922e-011, 1))
mesh("BlockMesh",Part65,"","",Vector3.new(0, 0, 0),Vector3.new(0.142968237, 0.782588422, 0.298888147))
Part66=part(Enum.FormFactor.Brick,ModelPlace,Enum.Material.Plastic,0,0,"Silver flip/flop","Part66",Vector3.new(0.200000003, 0.213904157, 0.200000003))
Part66Weld=weld(Part66,Handle,Part66,CFrame.new(0, 0, 0, 1, 0, 0, 0, 1, 0, 0, 0, 1),CFrame.new(-0.284373283, 2.51897597, 0, 0.987688482, -0.156434789, -1.2630279e-009, 0.156434804, 0.987688363, 2.02100336e-009, 3.33066907e-016, 4.72919481e-011, 1))
mesh("BlockMesh",Part66,"","",Vector3.new(0, 0, 0),Vector3.new(0.329773307, 1, 0.502378047))
Part67=part(Enum.FormFactor.Brick,ModelPlace,Enum.Material.Plastic,0,0,"Silver flip/flop","Part67",Vector3.new(0.200000003, 0.200000003, 0.200000003))
Part67Weld=weld(Part67,Handle,Part67,CFrame.new(0, 0, 0, 1, 0, 0, 0, 1, 0, 0, 0, 1),CFrame.new(0.628805637, -0.116426706, 0, -0.0871554688, 0.99619472, 2.26652475e-009, -0.996194839, -0.0871554613, 7.36585459e-010, 1.11022302e-016, 4.72923922e-011, 1))
mesh("BlockMesh",Part67,"","",Vector3.new(0, 0, 0),Vector3.new(0.0896664709, 0.323795259, 0.0996293947))
Part68=part(Enum.FormFactor.Brick,ModelPlace,Enum.Material.Plastic,0,0,"Tr. Brown","Part68",Vector3.new(0.200000003, 0.200000003, 0.200000003))
Part68Weld=weld(Part68,Handle,Part68,CFrame.new(0, 0, 0, 1, 0, 0, 0, 1, 0, 0, 0, 1),CFrame.new(0.150508881, 1.16987574, 0, 1.00000012, -3.85562885e-007, -9.31323463e-010, 3.89288203e-007, 1, 2.19370211e-009, 2.22044605e-016, 4.72926143e-011, 1))
mesh("BlockMesh",Part68,"","",Vector3.new(0, 0, 0),Vector3.new(0.600765169, 0.21221064, 0.298888147))
Part69=part(Enum.FormFactor.Brick,ModelPlace,Enum.Material.Plastic,0,0,"Silver flip/flop","Part69",Vector3.new(0.200000003, 0.200000003, 0.200000003))
Part69Weld=weld(Part69,Handle,Part69,CFrame.new(0, 0, 0, 1, 0, 0, 0, 1, 0, 0, 0, 1),CFrame.new(0.159141779, -0.796158314, 0, -0.920504928, 0.390731454, 1.71443537e-009, -0.390731514, -0.920504808, -1.65541658e-009, 2.22044605e-016, 4.72923922e-011, 1))
mesh("BlockMesh",Part69,"","",Vector3.new(0, 0, 0),Vector3.new(0.185702384, 0.382045537, 0.502378047))
Part70=part(Enum.FormFactor.Brick,ModelPlace,Enum.Material.Plastic,0,0,"Silver flip/flop","Part70",Vector3.new(0.200000003, 0.423424542, 0.200000003))
Part70Weld=weld(Part70,Handle,Part70,CFrame.new(0, 0, 0, 1, 0, 0, 0, 1, 0, 0, 0, 1),CFrame.new(-1.49763274, -0.0440957546, 0, -4.78694119e-007, -1, -2.19370211e-009, 1.00000012, -4.74968743e-007, -9.31323463e-010, -2.77555756e-017, 4.72923922e-011, 1))
mesh("BlockMesh",Part70,"","",Vector3.new(0, 0, 0),Vector3.new(0.400510103, 1, 0.0996293947))
Part71=part(Enum.FormFactor.Brick,ModelPlace,Enum.Material.Plastic,0,0,"Silver flip/flop","Part71",Vector3.new(0.200000003, 0.200000003, 0.200000003))
Part71Weld=weld(Part71,Handle,Part71,CFrame.new(0, 0, 0, 1, 0, 0, 0, 1, 0, 0, 0, 1),CFrame.new(0.0585122108, 0.827519655, 0, 0.961261928, 0.275636882, -2.90579422e-010, -0.275636911, 0.961261809, 2.36542919e-009, -2.77555756e-017, 4.72926143e-011, 1))
mesh("BlockMesh",Part71,"","",Vector3.new(0, 0, 0),Vector3.new(0.0896664709, 0.537001967, 0.502378047))
