----Reskinned----
---By KAITO_KIRO----

Player=game:GetService("Players").LocalPlayer
Character=Player.Character 
PlayerGui=Player.PlayerGui 
Backpack=Player.Backpack 
Torso=Character.Torso 
Head=Character.Head 
Humanoid=Character.Humanoid
m=Instance.new('Model',Character)
LeftArm=Character["Left Arm"] 
LeftLeg=Character["Left Leg"] 
RightArm=Character["Right Arm"] 
RightLeg=Character["Right Leg"] 
LS=Torso["Left Shoulder"] 
LH=Torso["Left Hip"] 
RS=Torso["Right Shoulder"] 
RH=Torso["Right Hip"] 
Face = Head.face
Neck=Torso.Neck
it=Instance.new
attacktype=1
vt=Vector3.new
cf=CFrame.new
euler=CFrame.fromEulerAnglesXYZ
angles=CFrame.Angles
cloaked=false
necko=cf(0, 1, 0, -1, -0, -0, 0, 0, 1, 0, 1, 0)
necko2=cf(0, -0.5, 0, -1, -0, -0, 0, 0, 1, 0, 1, 0)
LHC0=cf(-1,-1,0,-0,-0,-1,0,1,0,1,0,0)
LHC1=cf(-0.5,1,0,-0,-0,-1,0,1,0,1,0,0)
RHC0=cf(1,-1,0,0,0,1,0,1,0,-1,-0,-0)
RHC1=cf(0.5,1,0,0,0,1,0,1,0,-1,-0,-0)
RootPart=Character.HumanoidRootPart
RootJoint=RootPart.RootJoint
RootCF=euler(-1.57,0,3.14)
attack = false 
attackdebounce = false 
deb=false
equipped=true
hand=false
MMouse=nil
combo=0
mana=0
trispeed=.2
attackmode='none'
local idle=0
local Anim="Idle"
local Effects={}
local gun=false
local shoot=false
player=nil 

mouse=Player:GetMouse()
--save shoulders 
RSH, LSH=nil, nil 
--welds 
RW, LW=Instance.new("Weld"), Instance.new("Weld") 
RW.Name="Right Shoulder" LW.Name="Left Shoulder"
LH=Torso["Left Hip"]
RH=Torso["Right Hip"]
TorsoColor=Torso.BrickColor
function NoOutline(Part)
Part.TopSurface,Part.BottomSurface,Part.LeftSurface,Part.RightSurface,Part.FrontSurface,Part.BackSurface = 10,10,10,10,10,10
end
player=Player 
ch=Character
RSH=ch.Torso["Right Shoulder"] 
LSH=ch.Torso["Left Shoulder"] 
-- 
RSH.Parent=nil 
LSH.Parent=nil 
-- 
RW.Name="Right Shoulder"
RW.Part0=ch.Torso 
RW.C0=cf(1.5, 0.5, 0) --* CFrame.fromEulerAnglesXYZ(1.3, 0, -0.5) 
RW.C1=cf(0, 0.5, 0) 
RW.Part1=ch["Right Arm"] 
RW.Parent=ch.Torso 
-- 
LW.Name="Left Shoulder"
LW.Part0=ch.Torso 
LW.C0=cf(-1.5, 0.5, 0) --* CFrame.fromEulerAnglesXYZ(1.7, 0, 0.8) 
LW.C1=cf(0, 0.5, 0) 
LW.Part1=ch["Left Arm"] 
LW.Parent=ch.Torso 

local Stats=Instance.new("BoolValue")
Stats.Name="Stats"
Stats.Parent=Character
local Atk=Instance.new("NumberValue")
Atk.Name="Damage"
Atk.Parent=Stats
Atk.Value=1
local Def=Instance.new("NumberValue")
Def.Name="Defense"
Def.Parent=Stats
Def.Value=1
local Speed=Instance.new("NumberValue")
Speed.Name="Speed"
Speed.Parent=Stats
Speed.Value=1
local Mvmt=Instance.new("NumberValue")
Mvmt.Name="Movement"
Mvmt.Parent=Stats
Mvmt.Value=1

local donum=0
 

function part(formfactor,parent,reflectance,transparency,brickcolor,name,size)
local fp=it("Part")
fp.formFactor=formfactor 
fp.Parent=parent
fp.Reflectance=reflectance
fp.Transparency=transparency
fp.CanCollide=false 
fp.Locked=true
fp.BrickColor=brickcolor
fp.Name=name
fp.Size=size
fp.Position=Torso.Position 
NoOutline(fp)
fp.Material="SmoothPlastic"
fp:BreakJoints()
return fp 
end 
 
function mesh(Mesh,part,meshtype,meshid,offset,scale)
local mesh=it(Mesh) 
mesh.Parent=part
if Mesh=="SpecialMesh" then
mesh.MeshType=meshtype
if meshid~="nil" then
mesh.MeshId="http://www.roblox.com/asset/?id="..meshid
end
end
mesh.Offset=offset
mesh.Scale=scale
return mesh
end
 
function weld(parent,part0,part1,c0)
local weld=it("Weld") 
weld.Parent=parent
weld.Part0=part0 
weld.Part1=part1 
weld.C0=c0
return weld
end
 
local Color1=Torso.BrickColor

local bodvel=Instance.new("BodyVelocity")
local bg=Instance.new("BodyGyro")

function swait(num)
if num==0 or num==nil then
game:service'RunService'.Stepped:wait(0)
else
for i=0,num do
game:service'RunService'.Stepped:wait(0)
end
end
end
 
 
so = function(id,par,vol,pit) 
coroutine.resume(coroutine.create(function()
local sou = Instance.new("Sound",par or workspace)
sou.Volume=vol
sou.Pitch=pit or 1
sou.SoundId=id
swait() 
sou:play() 
game:GetService("Debris"):AddItem(sou,6)
end))
end
 
function clerp(a,b,t) 
local qa = {QuaternionFromCFrame(a)}
local qb = {QuaternionFromCFrame(b)} 
local ax, ay, az = a.x, a.y, a.z 
local bx, by, bz = b.x, b.y, b.z
local _t = 1-t
return QuaternionToCFrame(_t*ax + t*bx, _t*ay + t*by, _t*az + t*bz,QuaternionSlerp(qa, qb, t)) 
end 
 
function QuaternionFromCFrame(cf) 
local mx, my, mz, m00, m01, m02, m10, m11, m12, m20, m21, m22 = cf:components() 
local trace = m00 + m11 + m22 
if trace > 0 then 
local s = math.sqrt(1 + trace) 
local recip = 0.5/s 
return (m21-m12)*recip, (m02-m20)*recip, (m10-m01)*recip, s*0.5 
else 
local i = 0 
if m11 > m00 then
i = 1
end
if m22 > (i == 0 and m00 or m11) then 
i = 2 
end 
if i == 0 then 
local s = math.sqrt(m00-m11-m22+1) 
local recip = 0.5/s 
return 0.5*s, (m10+m01)*recip, (m20+m02)*recip, (m21-m12)*recip 
elseif i == 1 then 
local s = math.sqrt(m11-m22-m00+1) 
local recip = 0.5/s 
return (m01+m10)*recip, 0.5*s, (m21+m12)*recip, (m02-m20)*recip 
elseif i == 2 then 
local s = math.sqrt(m22-m00-m11+1) 
local recip = 0.5/s return (m02+m20)*recip, (m12+m21)*recip, 0.5*s, (m10-m01)*recip 
end 
end 
end
 
function QuaternionToCFrame(px, py, pz, x, y, z, w) 
local xs, ys, zs = x + x, y + y, z + z 
local wx, wy, wz = w*xs, w*ys, w*zs 
local xx = x*xs 
local xy = x*ys 
local xz = x*zs 
local yy = y*ys 
local yz = y*zs 
local zz = z*zs 
return CFrame.new(px, py, pz,1-(yy+zz), xy - wz, xz + wy,xy + wz, 1-(xx+zz), yz - wx, xz - wy, yz + wx, 1-(xx+yy)) 
end
 
function QuaternionSlerp(a, b, t) 
local cosTheta = a[1]*b[1] + a[2]*b[2] + a[3]*b[3] + a[4]*b[4] 
local startInterp, finishInterp; 
if cosTheta >= 0.0001 then 
if (1 - cosTheta) > 0.0001 then 
local theta = math.acos(cosTheta) 
local invSinTheta = 1/math.sin(theta) 
startInterp = math.sin((1-t)*theta)*invSinTheta 
finishInterp = math.sin(t*theta)*invSinTheta  
else 
startInterp = 1-t 
finishInterp = t 
end 
else 
if (1+cosTheta) > 0.0001 then 
local theta = math.acos(-cosTheta) 
local invSinTheta = 1/math.sin(theta) 
startInterp = math.sin((t-1)*theta)*invSinTheta 
finishInterp = math.sin(t*theta)*invSinTheta 
else 
startInterp = t-1 
finishInterp = t 
end 
end 
return a[1]*startInterp + b[1]*finishInterp, a[2]*startInterp + b[2]*finishInterp, a[3]*startInterp + b[3]*finishInterp, a[4]*startInterp + b[4]*finishInterp 
end

local function CFrameFromTopBack(at, top, back)
local right = top:Cross(back)
return CFrame.new(at.x, at.y, at.z,
right.x, top.x, back.x,
right.y, top.y, back.y,
right.z, top.z, back.z)
end

function Triangle(a, b, c)
local edg1 = (c-a):Dot((b-a).unit)
local edg2 = (a-b):Dot((c-b).unit)
local edg3 = (b-c):Dot((a-c).unit)
if edg1 <= (b-a).magnitude and edg1 >= 0 then
a, b, c = a, b, c
elseif edg2 <= (c-b).magnitude and edg2 >= 0 then
a, b, c = b, c, a
elseif edg3 <= (a-c).magnitude and edg3 >= 0 then
a, b, c = c, a, b
else
assert(false, "unreachable")
end
 
local len1 = (c-a):Dot((b-a).unit)
local len2 = (b-a).magnitude - len1
local width = (a + (b-a).unit*len1 - c).magnitude
 
local maincf = CFrameFromTopBack(a, (b-a):Cross(c-b).unit, -(b-a).unit)
 
local list = {}
 
if len1 > 0.01 then
local w1 = Instance.new('WedgePart', m)
game:GetService("Debris"):AddItem(w1,5)
w1.Material = "SmoothPlastic"
w1.FormFactor = 'Custom'
w1.BrickColor = BrickColor.new("Toothpaste")
w1.Transparency = 0
w1.Reflectance = 0
w1.Material = "SmoothPlastic"
w1.CanCollide = false
local l1 = Instance.new("PointLight",w1)
l1.Color = Color3.new(170,0,0)
NoOutline(w1)
local sz = Vector3.new(0.2, width, len1)
w1.Size = sz
local sp = Instance.new("SpecialMesh",w1)
sp.MeshType = "Wedge"
sp.Scale = Vector3.new(0,1,1) * sz/w1.Size
w1:BreakJoints()
w1.Anchored = true
w1.Parent = workspace
w1.Transparency = 0.7
table.insert(Effects,{w1,"Disappear",.01})
w1.CFrame = maincf*CFrame.Angles(math.pi,0,math.pi/2)*CFrame.new(0,width/2,len1/2)
table.insert(list,w1)
end
 
if len2 > 0.01 then
local w2 = Instance.new('WedgePart', m)
game:GetService("Debris"):AddItem(w2,5)
w2.Material = "SmoothPlastic"
w2.FormFactor = 'Custom'
w2.BrickColor = BrickColor.new("Toothpaste")
w2.Transparency = 0
w2.Reflectance = 0
w2.Material = "SmoothPlastic"
w2.CanCollide = false
local l2 = Instance.new("PointLight",w2)
l2.Color = Color3.new(170,0,0)
NoOutline(w2)
local sz = Vector3.new(0.2, width, len2)
w2.Size = sz
local sp = Instance.new("SpecialMesh",w2)
sp.MeshType = "Wedge"
sp.Scale = Vector3.new(0,1,1) * sz/w2.Size
w2:BreakJoints()
w2.Anchored = true
w2.Parent = workspace
w2.Transparency = 0.7
table.insert(Effects,{w2,"Disappear",.01})
w2.CFrame = maincf*CFrame.Angles(math.pi,math.pi,-math.pi/2)*CFrame.new(0,width/2,-len1 - len2/2)
table.insert(list,w2)
end
return unpack(list)
end
 

Damagefunc=function(hit,minim,maxim,knockback,Type,Property,Delay,KnockbackType,decreaseblock)
        if hit.Parent==nil then
                return
        end
        h=hit.Parent:FindFirstChild("Humanoid")
        for _,v in pairs(hit.Parent:children()) do
        if v:IsA("Humanoid") then
        h=v
        end
        end
        if hit.Parent.Parent:FindFirstChild("Torso")~=nil then
        h=hit.Parent.Parent:FindFirstChild("Humanoid")
        end
        if hit.Parent.className=="Hat" then
        hit=hit.Parent.Parent:findFirstChild("Head")
        end
        if h~=nil and hit.Parent.Name~=Character.Name and hit.Parent:FindFirstChild("Torso")~=nil then
        if hit.Parent:findFirstChild("DebounceHit")~=nil then if hit.Parent.DebounceHit.Value==true then return end end
        --[[                if game.Players:GetPlayerFromCharacter(hit.Parent)~=nil then
                        return
                end]]
--                        hs(hit,1.2) 
                        c=Instance.new("ObjectValue")
                        c.Name="creator"
                        c.Value=game:service("Players").LocalPlayer
                        c.Parent=h
                        game:GetService("Debris"):AddItem(c,.5)
                Damage=math.random(minim,maxim)
--                h:TakeDamage(Damage)
                blocked=false
                block=hit.Parent:findFirstChild("Block")
                if block~=nil then
                print(block.className)
                if block.className=="NumberValue" then
                if block.Value>0 then
                blocked=true
                if decreaseblock==nil then
                block.Value=block.Value-1
                end
                end
                end
                if block.className=="IntValue" then
                if block.Value>0 then
                blocked=true
                if decreaseblock~=nil then
                block.Value=block.Value-1
                end
                end
                end
                end
                if blocked==false then
--                h:TakeDamage(Damage)
                h.Health=h.Health-Damage
                showDamage(hit.Parent,Damage,.5,BrickColor.new("Toothpaste"))
                else
                h.Health=h.Health-(Damage/2)
                showDamage(hit.Parent,Damage/2,.5,BrickColor.new("Bright blue"))
                end
                if Type=="Knockdown" then
                hum=hit.Parent.Humanoid
hum.PlatformStand=true
coroutine.resume(coroutine.create(function(HHumanoid)
swait(1)
HHumanoid.PlatformStand=false
end),hum)
                local angle=(hit.Position-(Property.Position+Vector3.new(0,0,0))).unit
--hit.CFrame=CFrame.new(hit.Position,Vector3.new(angle.x,hit.Position.y,angle.z))*CFrame.fromEulerAnglesXYZ(math.pi/4,0,0)
local bodvol=Instance.new("BodyVelocity")
bodvol.velocity=angle*knockback
bodvol.P=5000
bodvol.maxForce=Vector3.new(8e+003, 8e+003, 8e+003)
bodvol.Parent=hit
rl=Instance.new("BodyAngularVelocity")
rl.P=3000
rl.maxTorque=Vector3.new(500000,500000,500000)*50000000000000
rl.angularvelocity=Vector3.new(math.random(-10,10),math.random(-10,10),math.random(-10,10))
rl.Parent=hit
game:GetService("Debris"):AddItem(bodvol,.5)
game:GetService("Debris"):AddItem(rl,.5)
                elseif Type=="Normal" then
                vp=Instance.new("BodyVelocity")
                vp.P=500
                vp.maxForce=Vector3.new(math.huge,0,math.huge)
--                vp.velocity=Character.Torso.CFrame.lookVector*Knockback
                if KnockbackType==1 then
                vp.velocity=Property.CFrame.lookVector*knockback+Property.Velocity/1.05
                elseif KnockbackType==2 then
                vp.velocity=Property.CFrame.lookVector*knockback
                end
                if knockback>0 then
                        vp.Parent=hit.Parent.Torso
                end
                game:GetService("Debris"):AddItem(vp,.5)
                elseif Type=="Up" then
                local bodyVelocity=Instance.new("BodyVelocity")
                bodyVelocity.velocity=vt(0,60,0)
                bodyVelocity.P=5000
                bodyVelocity.maxForce=Vector3.new(8e+003, 8e+003, 8e+003)
                bodyVelocity.Parent=hit
                game:GetService("Debris"):AddItem(bodyVelocity,1)
                rl=Instance.new("BodyAngularVelocity")
                rl.P=3000
                rl.maxTorque=Vector3.new(500000,500000,500000)*50000000000000
                rl.angularvelocity=Vector3.new(math.random(-30,30),math.random(-30,30),math.random(-30,30))
                rl.Parent=hit
                game:GetService("Debris"):AddItem(rl,.5)
                elseif Type=="Snare" then
                bp=Instance.new("BodyPosition")
                bp.P=2000
                bp.D=100
                bp.maxForce=Vector3.new(math.huge,math.huge,math.huge)
                bp.position=hit.Parent.Torso.Position
                bp.Parent=hit.Parent.Torso
                game:GetService("Debris"):AddItem(bp,1)
                elseif Type=="Target" then
                if Targetting==false then
                ZTarget=hit.Parent.Torso
                coroutine.resume(coroutine.create(function(Part) 
                so("http://www.roblox.com/asset/?id=15666462",Part,1,1.5) 
                swait(5)
                so("http://www.roblox.com/asset/?id=15666462",Part,1,1.5) 
                end),ZTarget)
                TargHum=ZTarget.Parent:findFirstChild("Humanoid")
                targetgui=Instance.new("BillboardGui")
                targetgui.Parent=ZTarget
                targetgui.Size=UDim2.new(10,100,10,100)
                targ=Instance.new("ImageLabel")
                targ.Parent=targetgui
                targ.BackgroundTransparency=1
                targ.Image="rbxassetid://4834067"
                targ.Size=UDim2.new(1,0,1,0)
                cam.CameraType="Scriptable"
                cam.CoordinateFrame=CFrame.new(Head.CFrame.p,ZTarget.Position)
                dir=Vector3.new(cam.CoordinateFrame.lookVector.x,0,cam.CoordinateFrame.lookVector.z)
                workspace.CurrentCamera.CoordinateFrame=CFrame.new(Head.CFrame.p,ZTarget.Position)
                Targetting=true
                RocketTarget=ZTarget
                for i=1,Property do
                --while Targetting==true and Humanoid.Health>0 and Character.Parent~=nil do
                if Humanoid.Health>0 and Character.Parent~=nil and TargHum.Health>0 and TargHum.Parent~=nil and Targetting==true then
                swait()
                end
                --workspace.CurrentCamera.CoordinateFrame=CFrame.new(Head.CFrame.p,Head.CFrame.p+rmdir*100)
                cam.CoordinateFrame=CFrame.new(Head.CFrame.p,ZTarget.Position)
                dir=Vector3.new(cam.CoordinateFrame.lookVector.x,0,cam.CoordinateFrame.lookVector.z)
                cam.CoordinateFrame=CFrame.new(Head.CFrame.p,ZTarget.Position)*cf(0,5,10)*euler(-0.3,0,0)
                end
                Targetting=false
                RocketTarget=nil
                targetgui.Parent=nil
                cam.CameraType="Custom"
                end
                end
                        debounce=Instance.new("BoolValue")
                        debounce.Name="DebounceHit"
                        debounce.Parent=hit.Parent
                        debounce.Value=true
                        game:GetService("Debris"):AddItem(debounce,Delay)
                        c=Instance.new("ObjectValue")
                        c.Name="creator"
                        c.Value=Player
                        c.Parent=h
                        game:GetService("Debris"):AddItem(c,.5)
                CRIT=false
                hitDeb=true
                AttackPos=6
        end
end
 
showDamage=function(Char,Dealt,du,Color)
        m=Instance.new("Model")
        m.Name=tostring(Dealt)
        h=Instance.new("Humanoid")
        h.Health=0
        h.MaxHealth=0
        h.Parent=m
        c=Instance.new("Part")
        c.Transparency=0
        c.BrickColor=Color
        c.Name="Head"
        c.TopSurface=0
        c.BottomSurface=0
        c.formFactor="Plate"
        c.Size=Vector3.new(1,.4,1)
        ms=Instance.new("CylinderMesh")
        ms.Scale=Vector3.new(.8,.8,.8)
        if CRIT==true then
                ms.Scale=Vector3.new(1,1.25,1)
        end
        ms.Parent=c
        c.Reflectance=0
        Instance.new("BodyGyro").Parent=c
        c.Parent=m
        if Char:findFirstChild("Head")~=nil then
        c.CFrame=CFrame.new(Char["Head"].CFrame.p+Vector3.new(0,1.5,0))
        elseif Char.Parent:findFirstChild("Head")~=nil then
        c.CFrame=CFrame.new(Char.Parent["Head"].CFrame.p+Vector3.new(0,1.5,0))
        end
        f=Instance.new("BodyPosition")
        f.P=2000
        f.D=100
        f.maxForce=Vector3.new(math.huge,math.huge,math.huge)
        f.position=c.Position+Vector3.new(0,3,0)
        f.Parent=c
        game:GetService("Debris"):AddItem(m,.5+du)
        c.CanCollide=false
        m.Parent=workspace
        c.CanCollide=false
end

function rayCast(Pos, Dir, Max, Ignore)  -- Origin Position , Direction, MaxDistance , IgnoreDescendants
return game:service("Workspace"):FindPartOnRay(Ray.new(Pos, Dir.unit * (Max or 999.999)), Ignore) 
end 

function SkullEffect(brickcolor,cframe,x1,y1,z1,delay)
local prt=part(3,workspace,0,0,brickcolor,"Effect",vt(0.5,0.5,0.5))
prt.Anchored=true
prt.CFrame=cframe
local msh=mesh("SpecialMesh",prt,"FileMesh","http://www.roblox.com/asset/?id=4770583",vt(0,0,0),vt(x1,y1,z1))
--http://www.roblox.com/asset/?id=4770560
game:GetService("Debris"):AddItem(prt,2)
CF=prt.CFrame
coroutine.resume(coroutine.create(function(Part,Mesh,TehCF) 
for i=0,1,0.2 do
wait()
Part.CFrame=CF*cf(0,0,-0.4)
end
for i=0,1,delay do
wait()
--Part.CFrame=CF*cf((math.random(-1,0)+math.random())/5,(math.random(-1,0)+math.random())/5,(math.random(-1,0)+math.random())/5)
Mesh.Scale=Mesh.Scale
end
for i=0,1,0.1 do
wait()
Part.Transparency=i
end
Part.Parent=nil
end),prt,msh,CF)
end
 
function MagicBlock(brickcolor,cframe,x1,y1,z1,x3,y3,z3,delay)
local prt=part(3,workspace,0,0,brickcolor,"Effect",vt(0.5,0.5,0.5))
prt.Anchored=true
prt.CFrame=cframe
msh=mesh("BlockMesh",prt,"","",vt(0,0,0),vt(x1,y1,z1))
game:GetService("Debris"):AddItem(prt,5)
coroutine.resume(coroutine.create(function(Part,Mesh) 
for i=0,1,delay do
wait()
Part.CFrame=Part.CFrame*euler(math.random(-50,50),math.random(-50,50),math.random(-50,50))
Part.Transparency=i
Mesh.Scale=Mesh.Scale+vt(x3,y3,z3)
end
Part.Parent=nil
end),prt,msh)
end
 
function MagicBlock2(brickcolor,cframe,Parent,x1,y1,z1,x3,y3,z3,delay)
local prt=part(3,workspace,0,0,brickcolor,"Effect",vt(0.5,0.5,0.5))
prt.Anchored=false
prt.CFrame=cframe
msh=mesh("BlockMesh",prt,"","",vt(0,0,0),vt(x1,y1,z1))
local wld=weld(prt,prt,Parent,cframe)
game:GetService("Debris"):AddItem(prt,5)
coroutine.resume(coroutine.create(function(Part,Mesh,Weld) 
for i=0,1,delay do
wait()
Weld.C0=euler(math.random(-50,50),math.random(-50,50),math.random(-50,50))*cframe
--Part.CFrame=Part.CFrame*euler(math.random(-50,50),math.random(-50,50),math.random(-50,50))
Part.Transparency=i
Mesh.Scale=Mesh.Scale+vt(x3,y3,z3)
end
Part.Parent=nil
end),prt,msh,wld)
end
 
function MagicBlock3(brickcolor,cframe,Parent,x1,y1,z1,x3,y3,z3,delay)
local prt=part(3,workspace,0,0,brickcolor,"Effect",vt(0.5,0.5,0.5))
prt.Anchored=false
prt.CFrame=cframe
msh=mesh("BlockMesh",prt,"","",vt(0,0,0),vt(x1,y1,z1))
local wld=weld(prt,prt,Parent,euler(0,0,0)*cf(0,0,0))
game:GetService("Debris"):AddItem(prt,5)
coroutine.resume(coroutine.create(function(Part,Mesh,Weld) 
for i=0,1,delay do
wait()
Weld.C0=euler(i*20,0,0)
--Part.CFrame=Part.CFrame*euler(math.random(-50,50),math.random(-50,50),math.random(-50,50))
Part.Transparency=i
Mesh.Scale=Mesh.Scale+vt(x3,y3,z3)
end
Part.Parent=nil
end),prt,msh,wld)
end
 
function MagicCircle2(brickcolor,cframe,x1,y1,z1,x3,y3,z3,delay)
local prt=part(3,workspace,0,0,brickcolor,"Effect",vt(0.5,0.5,0.5))
prt.Anchored=true
prt.CFrame=cframe
local msh=mesh("CylinderMesh",prt,"","",vt(0,0,0),vt(x1,y1,z1))
game:GetService("Debris"):AddItem(prt,2)
coroutine.resume(coroutine.create(function(Part,Mesh) 
for i=0,1,delay do
wait()
Part.CFrame=Part.CFrame
Mesh.Scale=Mesh.Scale+vt(x3,y3,z3)
local prt2=part(3,workspace,0,0,brickcolor,"Effect",vt(0.5,0.5,0.5))
prt2.Anchored=true
prt2.CFrame=cframe*euler(math.random(-50,50),math.random(-50,50),math.random(-50,50))
local msh2=mesh("SpecialMesh",prt2,"Sphere","",vt(0,0,0),vt(0.5,0.5,0.5))
game:GetService("Debris"):AddItem(prt2,2)
coroutine.resume(coroutine.create(function(Part,Mesh) 
for i=0,1,0.1 do
wait()
Part.CFrame=Part.CFrame*cf(0,0.5,0)
end
Part.Parent=nil
end),prt2,msh2)
end
for i=0,1,delay*2 do
wait()
Part.CFrame=Part.CFrame
Mesh.Scale=vt((x1+x3)-(x1+x3)*i,(y1+y3)-(y1+y3)*i,(z1+z3)-(z1+z3)*i)
end
Part.Parent=nil
end),prt,msh)
end
 
function MagicCircle(brickcolor,cframe,x1,y1,z1,x3,y3,z3,delay)
local prt=part(3,workspace,0,0,brickcolor,"Effect",vt(0.5,0.5,0.5))
prt.Anchored=true
prt.CFrame=cframe
local msh=mesh("SpecialMesh",prt,"Sphere","",vt(0,0,0),vt(x1,y1,z1))
game:GetService("Debris"):AddItem(prt,2)
coroutine.resume(coroutine.create(function(Part,Mesh) 
for i=0,1,delay do
wait()
Part.CFrame=Part.CFrame
Part.Transparency=i
Mesh.Scale=Mesh.Scale+vt(x3,y3,z3)
end
Part.Parent=nil
end),prt,msh)
end
 
function MagicRing(brickcolor,cframe,x1,y1,z1,x2,y2,z2,x3,y3,z3)
local prt=part(3,workspace,0,0,brickcolor,"Effect",vt(0.5,0.5,0.5))
prt.Anchored=true
prt.CFrame=cframe*euler(x2,y2,z2)
--"http://www.roblox.com/asset/?id=168892465"
local msh=mesh("SpecialMesh",prt,"FileMesh","http://www.roblox.com/asset/?id=3270017",vt(0,0,0),vt(x1,y1,z1))
game:GetService("Debris"):AddItem(prt,2)
coroutine.resume(coroutine.create(function(Part,Mesh) 
for i=0,1,0.03 do
wait()
Part.CFrame=Part.CFrame
Part.Transparency=i
Mesh.Scale=Mesh.Scale+vt(x3,y3,z3)
end
Part.Parent=nil
end),prt,msh)
end
 
function BreakEffect(brickcolor,cframe,x1,y1,z1)
local prt=part(3,workspace,0,0,brickcolor,"Effect",vt(0.5,0.5,0.5))
prt.Anchored=true
prt.CFrame=cframe*euler(math.random(-50,50),math.random(-50,50),math.random(-50,50))
local msh=mesh("SpecialMesh",prt,"Sphere","",vt(0,0,0),vt(x1,y1,z1))
game:GetService("Debris"):AddItem(prt,2)
coroutine.resume(coroutine.create(function(Part,CF,Numbb,randnumb) 
CF=Part.CFrame
Numbb=0
randnumb=math.random()/10
rand1=math.random()/10
for i=0,1,rand1 do
wait()
CF=CF*cf(0,math.random()/2,0)
--Part.CFrame=Part.CFrame*euler(0.5,0,0)*cf(0,1,0)
Part.CFrame=CF*euler(Numbb,0,0)
Part.Transparency=i
Numbb=Numbb+randnumb
end
Part.Parent=nil
end),prt,CF,Numbb,randnumb)
end
 
function MagicWaveThing(brickcolor,cframe,x1,y1,z1,x3,y3,z3,delay)
local prt=part(3,workspace,0,0,brickcolor,"Effect",vt(0.5,0.5,0.5))
prt.Anchored=true
prt.CFrame=cframe
msh=mesh("SpecialMesh",prt,"FileMesh","http://www.roblox.com/asset/?id=1051557",vt(0,0,0),vt(x1,y1,z1))
game:GetService("Debris"):AddItem(prt,5)
coroutine.resume(coroutine.create(function(Part,Mesh) 
for i=0,1,delay do
wait()
Part.CFrame=Part.CFrame*euler(0,0.7,0)
Part.Transparency=i
Mesh.Scale=Mesh.Scale+vt(x3,y3,z3)
end
Part.Parent=nil
end),prt,msh)
end
 
function WaveEffect(brickcolor,cframe,x1,y1,z1,x3,y3,z3,delay)
local prt=part(3,workspace,0,0,brickcolor,"Effect",vt(0.5,0.5,0.5))
prt.Anchored=true
prt.CFrame=cframe
msh=mesh("SpecialMesh",prt,"FileMesh","http://www.roblox.com/asset/?id=20329976",vt(0,0,0),vt(x1,y1,z1))
game:GetService("Debris"):AddItem(prt,2)
coroutine.resume(coroutine.create(function(Part,Mesh) 
for i=0,1,delay do
wait()
Part.CFrame=Part.CFrame*cf(0,y3/2,0)
Part.Transparency=i
Mesh.Scale=Mesh.Scale+vt(x3,y3,z3)
end
Part.Parent=nil
end),prt,msh)
end
 
function StravEffect(brickcolor,cframe,x,y,z,x1,y1,z1,delay)
local prt=part(3,workspace,0,0,brickcolor,"Effect",vt(0.5,0.5,0.5))
prt.Anchored=true
prt.CFrame=cframe*cf(x,y,z)
msh=mesh("SpecialMesh",prt,"FileMesh","rbxassetid://168892363",vt(0,0,0),vt(x1,y1,z1))
game:GetService("Debris"):AddItem(prt,5)
coroutine.resume(coroutine.create(function(Part,Mesh,ex,why,zee) 
local num=math.random()
local num2=math.random(-3,2)+math.random()
local numm=0
for i=0,1,delay*2 do
swait()
Part.CFrame=cframe*euler(0,numm*num*10,0)*cf(ex,why,zee)*cf(-i*10,num2,0)
Part.Transparency=i
numm=numm+0.01
end
Part.Parent=nil
Mesh.Parent=nil
end),prt,msh,x,y,z)
end

function dmgstart(dmg,what)
	hitcon = what.Touched:connect(function(hit)
		local hum = hit.Parent:FindFirstChild("Humanoid")
		if hum and not hum:IsDescendantOf(Character) then
			hum:TakeDamage(dmg)
		end
	end)
end

function dmgstop()
	hitcon:disconnect()
end

function Cloak()
Face.Parent=nil
cloaked=true
        for _,v in pairs(Torso.Parent:children()) do
                if v.className=="Part" and v.Name~="HumanoidRootPart" then
                coroutine.resume(coroutine.create(function() 
                for i=0,1,0.2 do
                wait()
                v.Transparency=i
                end
                v.Transparency=1
                end))
                end
                if v.className=="Hat" then
                hatp=v.Handle
                coroutine.resume(coroutine.create(function(derp) 
                for i=0,1,0.2 do
                wait()
                derp.Transparency=i
                end
                derp.Transparency=1
                end),hatp)
                end
        end
        for _,v in pairs(m:children()) do
                if v.className=="Part" then
                coroutine.resume(coroutine.create(function() 
                for i=0,1,0.2 do
                wait()
                v.Transparency=i
                end
                v.Transparency=1
                end))
                end
        end
end
 
function UnCloak()
so("http://roblox.com/asset/?id=2767090",Torso,1,1.1) 
Face.Parent=Head 
cloaked=false
        for _,v in pairs(Torso.Parent:children()) do
                if v.className=="Part" and v.Name~="HumanoidRootPart" then
                coroutine.resume(coroutine.create(function() 
                for i=0,1,0.1 do
                wait()
                v.Transparency=v.Transparency-0.1
                end
                v.Transparency=0
                end))
                end
                if v.className=="Hat" then
                hatp=v.Handle
                coroutine.resume(coroutine.create(function(derp) 
                for i=0,1,0.1 do
                wait()
                derp.Transparency=derp.Transparency-0.1
                end
                derp.Transparency=0
                end),hatp)
                end
        end
        for _,v in pairs(m:children()) do
                if v.className=="Part" and v.Name~="hitbox" and v.Name~='tip' then
                coroutine.resume(coroutine.create(function() 
                for i=0,1,0.1 do
                wait()
                v.Transparency=v.Transparency-0.1
                end
                v.Transparency=0
                end))
                v.Transparency=0
                end
        end
end

	Player=game:GetService('Players').LocalPlayer
	Character=Player.Character
	Mouse=Player:GetMouse()
	m=Instance.new('Model',Character)


	local function weldBetween(a, b)
	    local weldd = Instance.new("ManualWeld")
	    weldd.Part0 = a
	    weldd.Part1 = b
	    weldd.C0 = CFrame.new()
	    weldd.C1 = b.CFrame:inverse() * a.CFrame
	    weldd.Parent = a
	    return weldd
	end
	
	it=Instance.new
	
	function nooutline(part)
		part.TopSurface,part.BottomSurface,part.LeftSurface,part.RightSurface,part.FrontSurface,part.BackSurface = 10,10,10,10,10,10
	end
	
	function part(formfactor,parent,material,reflectance,transparency,brickcolor,name,size)
		local fp=it("Part")
		fp.formFactor=formfactor
		fp.Parent=parent
		fp.Reflectance=reflectance
		fp.Transparency=transparency
		fp.CanCollide=false
		fp.Locked=true
		fp.BrickColor=BrickColor.new(tostring(brickcolor))
		fp.Name=name
		fp.Size=size
		fp.Position=Character.Torso.Position
		nooutline(fp)
		fp.Material=material
		fp:BreakJoints()
		return fp
	end
	
	function mesh(Mesh,part,meshtype,meshid,offset,scale)
		local mesh=it(Mesh)
		mesh.Parent=part
		if Mesh=="SpecialMesh" then
			mesh.MeshType=meshtype
			mesh.MeshId=meshid
		end
		mesh.Offset=offset
		mesh.Scale=scale
		return mesh
	end
	
	function weld(parent,part0,part1,c0,c1)
		local weld=it("Weld")
		weld.Parent=parent
		weld.Part0=part0
		weld.Part1=part1
		weld.C0=c0
		weld.C1=c1
		return weld
	end

Player=game:GetService('Players').LocalPlayer
Character=Player.Character
Mouse=Player:GetMouse()
m=Instance.new('Model',Character)
it=Instance.new
function nooutline(part)
	part.TopSurface,part.BottomSurface,part.LeftSurface,part.RightSurface,part.FrontSurface,part.BackSurface = 10,10,10,10,10,10
end
function part(formfactor,parent,material,reflectance,transparency,brickcolor,name,size)
	local fp=it("Part")
	fp.formFactor=formfactor
	fp.Parent=parent
	fp.Reflectance=reflectance
	fp.Transparency=transparency
	fp.CanCollide=false
	fp.Locked=true
	fp.BrickColor=BrickColor.new(tostring(brickcolor))
	fp.Name=name
	fp.Size=size
	fp.Position=Character.Torso.Position
	nooutline(fp)
	fp.Material=material
	fp:BreakJoints()
	return fp
end
function mesh(Mesh,part,meshtype,meshid,offset,scale)
	local mesh=it(Mesh)
	mesh.Parent=part
	if Mesh=="SpecialMesh" then
		mesh.MeshType=meshtype
		mesh.MeshId=meshid
	end
	mesh.Offset=offset
	mesh.Scale=scale
	return mesh
end
function weld(parent,part0,part1,c0,c1)
	local weld=it("Weld")
	weld.Parent=parent
	weld.Part0=part0
	weld.Part1=part1
	weld.C0=c0
	weld.C1=c1
	return weld
end

Handle=part(Enum.FormFactor.Custom,m,Enum.Material.SmoothPlastic,0,0,"Really black","Handle",Vector3.new(0.200000003, 0.400000006, 1))
handleweld=weld(m,Character["Right Arm"],Handle,CFrame.new(0, 0, 0, 1, -5.69614329e-008, 5.96046448e-008, 5.69614222e-008, 0.999999881, 6.38557296e-008, -5.96045986e-008, -6.38557367e-008, 1),CFrame.new(-1.0929389, -0.0714454651, 0.15032959, -0.0167783406, -0.999297023, -0.0335264392, -0.99968487, 0.0161396954, 0.0192296654, -0.0186750405, 0.0338385142, -0.999252915))
mesh("BlockMesh",Handle,"","",Vector3.new(0, 0, 0),Vector3.new(1, 1, 1))
Part=part(Enum.FormFactor.Custom,m,Enum.Material.Neon,0,0,"Toothpaste","Part",Vector3.new(0.200000003, 0.599999964, 3.20000005))
Partweld=weld(m,Handle,Part,CFrame.new(0, 0, 0, -0.0167783406, -0.999297023, -0.0335264392, -0.99968487, 0.0161396954, 0.0192296654, -0.0186750405, 0.0338385142, -0.999252915),CFrame.new(4.19616699e-005, -0.0100028515, 3.1000824, -0.99968493, 0.0161349382, 0.0192294158, -0.0167735796, -0.999297142, -0.0335265808, 0.018674951, -0.0338385589, 0.999252915))
mesh("SpecialMesh",Part,Enum.MeshType.Wedge,"",Vector3.new(0, 0, 0),Vector3.new(0.99000001, 1, 1))
Part=part(Enum.FormFactor.Custom,m,Enum.Material.Neon,0,0,"Toothpaste","Part",Vector3.new(0.200000003, 0.599999964, 5.80000019))
Partweld=weld(m,Handle,Part,CFrame.new(0, 0, 0, -0.0167783406, -0.999297023, -0.0335264392, -0.99968487, 0.0161396954, 0.0192296654, -0.0186750405, 0.0338385142, -0.999252915),CFrame.new(3.81469727e-005, -0.0100257397, 4.40010071, -0.99968493, 0.0161349382, 0.0192294158, -0.0167735796, -0.999297142, -0.0335265808, 0.018674951, -0.0338385589, 0.999252915))
mesh("SpecialMesh",Part,Enum.MeshType.Wedge,"",Vector3.new(0, 0, 0),Vector3.new(0.99000001, 1, 1))
Part=part(Enum.FormFactor.Custom,m,Enum.Material.Neon,0,0,"Toothpaste","Part",Vector3.new(0.200000003, 0.599999964, 4.4000001))
Partweld=weld(m,Handle,Part,CFrame.new(0, 0, 0, -0.0167783406, -0.999297023, -0.0335264392, -0.99968487, 0.0161396954, 0.0192296654, -0.0186750405, 0.0338385142, -0.999252915),CFrame.new(4.19616699e-005, -0.0100123882, 3.70007324, -0.99968493, 0.0161349382, 0.0192294158, -0.0167735796, -0.999297142, -0.0335265808, 0.018674951, -0.0338385589, 0.999252915))
mesh("SpecialMesh",Part,Enum.MeshType.Wedge,"",Vector3.new(0, 0, 0),Vector3.new(0.99000001, 1, 1))
Part=part(Enum.FormFactor.Custom,m,Enum.Material.SmoothPlastic,0,0,"Really black","Part",Vector3.new(0.200000003, 0.399999976, 0.200000003))
Partweld=weld(m,Handle,Part,CFrame.new(0, 0, 0, -0.0167783406, -0.999297023, -0.0335264392, -0.99968487, 0.0161396954, 0.0192296654, -0.0186750405, 0.0338385142, -0.999252915),CFrame.new(-4.57763672e-005, 1.29995728, -0.199999332, 0.99968493, -0.0161349382, -0.0192294158, 0.0186750833, -0.0338307135, 0.999253154, -0.0167734325, -0.99929744, -0.0335187353))
mesh("SpecialMesh",Part,Enum.MeshType.Wedge,"",Vector3.new(0, 0, 0),Vector3.new(1, 1, 1))
Part=part(Enum.FormFactor.Custom,m,Enum.Material.SmoothPlastic,0,0,"Really black","Part",Vector3.new(0.200000003, 1, 0.400000036))
Partweld=weld(m,Handle,Part,CFrame.new(0, 0, 0, -0.0167783406, -0.999297023, -0.0335264392, -0.99968487, 0.0161396954, 0.0192296654, -0.0186750405, 0.0338385142, -0.999252915),CFrame.new(-1.52587891e-005, -1.73275757, 0.101932526, -0.99968493, 0.0161348786, 0.019229291, 0.0223798491, 0.225955546, 0.973880529, 0.0113684786, 0.97400409, -0.226245463))
mesh("SpecialMesh",Part,Enum.MeshType.Wedge,"",Vector3.new(0, 0, 0),Vector3.new(1, 1, 1))
Part=part(Enum.FormFactor.Custom,m,Enum.Material.SmoothPlastic,0,0,"Really black","Part",Vector3.new(0.200000003, 0.600000024, 0.200000003))
Partweld=weld(m,Handle,Part,CFrame.new(0, 0, 0, -0.0167783406, -0.999297023, -0.0335264392, -0.99968487, 0.0161396954, 0.0192296654, -0.0186750405, 0.0338385142, -0.999252915),CFrame.new(-2.28881836e-005, -1.08944702, 0.159484863, -0.99968493, 0.0161346551, 0.0192298498, 0.0245600175, 0.47034353, 0.88214159, 0.00518841529, 0.882335901, -0.470591575))
mesh("SpecialMesh",Part,Enum.MeshType.Wedge,"",Vector3.new(0, 0, 0),Vector3.new(1, 1, 1))
Part=part(Enum.FormFactor.Custom,m,Enum.Material.SmoothPlastic,0,0,"Really black","Part",Vector3.new(0.400000006, 1.20000005, 0.400000036))
Partweld=weld(m,Handle,Part,CFrame.new(0, 0, 0, -0.0167783406, -0.999297023, -0.0335264392, -0.99968487, 0.0161396954, 0.0192296654, -0.0186750405, 0.0338385142, -0.999252915),CFrame.new(-2.28881836e-005, -2.09999084, -0.100028276, 0.99968493, -0.0161349382, -0.0192294158, -0.0186750833, 0.0338306986, -0.999253154, 0.0167734325, 0.99929744, 0.0335187204))
mesh("SpecialMesh",Part,Enum.MeshType.Wedge,"",Vector3.new(0, 0, 0),Vector3.new(1, 1, 1))
Part=part(Enum.FormFactor.Custom,m,Enum.Material.SmoothPlastic,0,0,"Really black","Part",Vector3.new(0.200000003, 0.200000003, 0.800000072))
Partweld=weld(m,Handle,Part,CFrame.new(0, 0, 0, -0.0167783406, -0.999297023, -0.0335264392, -0.99968487, 0.0161396954, 0.0192296654, -0.0186750405, 0.0338385142, -0.999252915),CFrame.new(-0.722251892, -7.62939453e-006, -0.31111145, -0.0250595883, -0.682680428, -0.730287313, -0.999685049, 0.0161298718, 0.0192255117, -0.00134544016, 0.730539024, -0.682869613))
mesh("BlockMesh",Part,"","",Vector3.new(0, 0, 0),Vector3.new(1, 1, 1))
Part=part(Enum.FormFactor.Custom,m,Enum.Material.SmoothPlastic,0,0,"Really black","Part",Vector3.new(0.400000006, 0.200000003, 0.200000003))
Partweld=weld(m,Handle,Part,CFrame.new(0, 0, 0, -0.0167783406, -0.999297023, -0.0335264392, -0.99968487, 0.0161396954, 0.0192296654, -0.0186750405, 0.0338385142, -0.999252915),CFrame.new(6.10351563e-005, -0.200017452, -0.40007019, 0.99968493, -0.0161349382, -0.0192294158, 0.0167735796, 0.999297142, 0.0335265808, 0.018674951, -0.0338385589, 0.999252915))
mesh("SpecialMesh",Part,Enum.MeshType.Wedge,"",Vector3.new(0, 0, 0),Vector3.new(1, 1, 1))
Part=part(Enum.FormFactor.Custom,m,Enum.Material.SmoothPlastic,0,0,"Really black","Part",Vector3.new(0.200000003, 0.400000006, 0.200000003))
Partweld=weld(m,Handle,Part,CFrame.new(0, 0, 0, -0.0167783406, -0.999297023, -0.0335264392, -0.99968487, 0.0161396954, 0.0192296654, -0.0186750405, 0.0338385142, -0.999252915),CFrame.new(-3.81469727e-005, -1.27485657, -1.2587204, -0.99968493, 0.0161348786, 0.0192295052, 0.00134484924, -0.730529785, 0.682879508, 0.0250659045, 0.682690203, 0.730277896))
mesh("SpecialMesh",Part,Enum.MeshType.Wedge,"",Vector3.new(0, 0, 0),Vector3.new(1, 1, 1))
Part=part(Enum.FormFactor.Custom,m,Enum.Material.SmoothPlastic,0,0,"Really black","Part",Vector3.new(0.200000003, 0.200000003, 0.800000072))
Partweld=weld(m,Handle,Part,CFrame.new(0, 0, 0, -0.0167783406, -0.999297023, -0.0335264392, -0.99968487, 0.0161396954, 0.0192296654, -0.0186750405, 0.0338385142, -0.999252915),CFrame.new(-0.742538452, -3.81469727e-006, 0.317245483, 0.00133255101, -0.730529666, 0.682879746, -0.99968487, 0.0161438417, 0.0192210786, -0.025065871, -0.682690144, -0.730277956))
mesh("BlockMesh",Part,"","",Vector3.new(0, 0, 0),Vector3.new(1, 1, 1))
Part=part(Enum.FormFactor.Custom,m,Enum.Material.SmoothPlastic,0,0,"Really black","Part",Vector3.new(0.400000006, 0.400000006, 1))
Partweld=weld(m,Handle,Part,CFrame.new(0, 0, 0, -0.0167783406, -0.999297023, -0.0335264392, -0.99968487, 0.0161396954, 0.0192296654, -0.0186750405, 0.0338385142, -0.999252915),CFrame.new(0.0999779701, -1.52587891e-005, -0.999984741, -0.0167783406, -0.999297023, -0.0335264392, -0.99968487, 0.0161396954, 0.0192296654, -0.0186750405, 0.0338385142, -0.999252915))
mesh("BlockMesh",Part,"","",Vector3.new(0, 0, 0),Vector3.new(1, 1, 1))
Part=part(Enum.FormFactor.Custom,m,Enum.Material.SmoothPlastic,0,0,"Really black","Part",Vector3.new(0.400000006, 0.200000003, 0.200000003))
Partweld=weld(m,Handle,Part,CFrame.new(0, 0, 0, -0.0167783406, -0.999297023, -0.0335264392, -0.99968487, 0.0161396954, 0.0192296654, -0.0186750405, 0.0338385142, -0.999252915),CFrame.new(3.81469727e-006, 0.399978638, 0.199987411, 0.99968493, -0.0161349382, -0.0192294158, 0.0186750833, -0.0338306986, 0.999253154, -0.0167734325, -0.99929744, -0.0335187204))
mesh("SpecialMesh",Part,Enum.MeshType.Wedge,"",Vector3.new(0, 0, 0),Vector3.new(1, 1, 1))
Part=part(Enum.FormFactor.Custom,m,Enum.Material.SmoothPlastic,0,0,"Really black","Part",Vector3.new(0.200000003, 0.800000012, 0.200000003))
Partweld=weld(m,Handle,Part,CFrame.new(0, 0, 0, -0.0167783406, -0.999297023, -0.0335264392, -0.99968487, 0.0161396954, 0.0192296654, -0.0186750405, 0.0338385142, -0.999252915),CFrame.new(-4.19616699e-005, -0.652126312, -1.27474976, -0.99968493, 0.0161349233, 0.0192295164, -0.0113684721, -0.97400403, 0.226245433, 0.0223800782, 0.225955546, 0.973880589))
mesh("SpecialMesh",Part,Enum.MeshType.Wedge,"",Vector3.new(0, 0, 0),Vector3.new(1, 1, 1))
Part=part(Enum.FormFactor.Custom,m,Enum.Material.SmoothPlastic,0,0,"Really black","Part",Vector3.new(0.200000003, 0.600000024, 0.200000003))
Partweld=weld(m,Handle,Part,CFrame.new(0, 0, 0, -0.0167783406, -0.999297023, -0.0335264392, -0.99968487, 0.0161396954, 0.0192296654, -0.0186750405, 0.0338385142, -0.999252915),CFrame.new(-6.86645508e-005, -1.00984955, -1.32232666, -0.99968493, 0.0161349084, 0.0192292985, -0.00518870167, -0.882332146, 0.470598638, 0.0245596915, 0.470350564, 0.882137835))
mesh("SpecialMesh",Part,Enum.MeshType.Wedge,"",Vector3.new(0, 0, 0),Vector3.new(1, 1, 1))
Part=part(Enum.FormFactor.Custom,m,Enum.Material.SmoothPlastic,0,0,"Really black","Part",Vector3.new(0.400000006, 0.400000006, 0.600000024))
Partweld=weld(m,Handle,Part,CFrame.new(0, 0, 0, -0.0167783406, -0.999297023, -0.0335264392, -0.99968487, 0.0161396954, 0.0192296654, -0.0186750405, 0.0338385142, -0.999252915),CFrame.new(0.099998951, -3.81469727e-005, 0.800018311, -0.0167783406, -0.999297023, -0.0335264392, -0.99968487, 0.0161396954, 0.0192296654, -0.0186750405, 0.0338385142, -0.999252915))
