--[[Nocturna_A._Alteriano_Night.Owl.Inc]]--
wait(1 / 60)
Effects = { }
local Player = game.Players.localPlayer
local Character = Player.Character
local Humanoid = Character.Humanoid
local mouse = Player:GetMouse()
local m = Instance.new('Model', Character)
m.Name = "WeaponModel"
local LeftArm = Character["Left Arm"]
local RightArm = Character["Right Arm"]
local LeftLeg = Character["Left Leg"]
local RightLeg = Character["Right Leg"]
local Head = Character.Head
local Torso = Character.Torso
local cam = game.Workspace.CurrentCamera
local RootPart = Character.HumanoidRootPart
local RootJoint = RootPart.RootJoint
local equipped = false
local attack = false
local Anim = 'Idle'
local idle = 0
local attacktype = 1
local Torsovelocity = (RootPart.Velocity * Vector3.new(1, 0, 1)).magnitude 
local velocity = RootPart.Velocity.y
local sine = 0
local change = 1
local grabbed = false
local cn = CFrame.new
local mr = math.rad
local angles = CFrame.Angles
local ud = UDim2.new
local c3 = Color3.new

Humanoid.Animator.Parent = nil
Character.Animate.Parent = nil

local newMotor = function(part0, part1, c0, c1)
	local w = Instance.new('Motor', part0)
	w.Part0 = part0
	w.Part1 = part1
	w.C0 = c0
	w.C1 = c1
	return w
end

function clerp(a, b, t)
	return a:lerp(b, t)
end

RootCF = CFrame.fromEulerAnglesXYZ(-1.57, 0, 3.14)
NeckCF = CFrame.new(0, 1, 0, -1, -0, -0, 0, 0, 1, 0, 1, 0)

local RW = newMotor(Torso, RightArm, CFrame.new(1.5, 0, 0), CFrame.new(0, 0, 0)) 
local LW = newMotor(Torso, LeftArm, CFrame.new(-1.5, 0, 0), CFrame.new(0, 0, 0))
local RH = newMotor(Torso, RightLeg, CFrame.new(.5, -2, 0), CFrame.new(0, 0, 0))
local LH = newMotor(Torso, LeftLeg, CFrame.new(-.5, -2, 0), CFrame.new(0, 0, 0))
RootJoint.C1 = CFrame.new(0, 0, 0)
RootJoint.C0 = CFrame.new(0, 0, 0)
Torso.Neck.C1 = CFrame.new(0, 0, 0)
Torso.Neck.C0 = CFrame.new(0, 1.5, 0)

local rarmc1 = RW.C1
local larmc1 = LW.C1
local rlegc1 = RH.C1
local llegc1 = LH.C1

local resetc1 = false

function PlayAnimationFromTable(table, speed, bool)
	RootJoint.C0 = clerp(RootJoint.C0, table[1], speed) 
	Torso.Neck.C0 = clerp(Torso.Neck.C0, table[2], speed) 
	RW.C0 = clerp(RW.C0, table[3], speed) 
	LW.C0 = clerp(LW.C0, table[4], speed) 
	RH.C0 = clerp(RH.C0, table[5], speed) 
	LH.C0 = clerp(LH.C0, table[6], speed) 
	if bool == true then
		if resetc1 == false then
			resetc1 = true
			RootJoint.C1 = RootJoint.C1
			Torso.Neck.C1 = Torso.Neck.C1
			RW.C1 = rarmc1
			LW.C1 = larmc1
			RH.C1 = rlegc1
			LH.C1 = llegc1
		end
	end
end

--[[Credits to SazErenos for his Artificial Heartbeat]]--

ArtificialHB = Instance.new("BindableEvent", script)
ArtificialHB.Name = "Heartbeat"

script:WaitForChild("Heartbeat")

frame = 1 / 30
tf = 0
allowframeloss = false
tossremainder = false
lastframe = tick()
script.Heartbeat:Fire()

game:GetService("RunService").Heartbeat:connect(function(s, p)
	tf = tf + s
	if tf >= frame then
		if allowframeloss then
			script.Heartbeat:Fire()
			lastframe = tick()
		else
			for i = 1, math.floor(tf / frame) do
				script.Heartbeat:Fire()
			end
			lastframe = tick()
		end
		if tossremainder then
			tf = 0
		else
			tf = tf - frame * math.floor(tf / frame)
		end
	end
end)

function swait(num)
	if num == 0 or num == nil then
		ArtificialHB.Event:wait()
	else
		for i = 0, num do
			ArtificialHB.Event:wait()
		end
	end
end

local RbxUtility = LoadLibrary("RbxUtility")
local Create = RbxUtility.Create

function RemoveOutlines(part)
	part.TopSurface, part.BottomSurface, part.LeftSurface, part.RightSurface, part.FrontSurface, part.BackSurface = 10, 10, 10, 10, 10, 10
end
	
CFuncs = {	
	["Part"] = {
		Create = function(Parent, Material, Reflectance, Transparency, BColor, Name, Size)
			local Part = Create("Part"){
				Parent = Parent,
				Reflectance = Reflectance,
				Transparency = Transparency,
				CanCollide = false,
				Locked = true,
				BrickColor = BrickColor.new(tostring(BColor)),
				Name = Name,
				Size = Size,
				Material = Material,
			}
			RemoveOutlines(Part)
			return Part
		end;
	};
	
	["Mesh"] = {
		Create = function(Mesh, Part, MeshType, MeshId, OffSet, Scale)
			local Msh = Create(Mesh){
				Parent = Part,
				Offset = OffSet,
				Scale = Scale,
			}
			if Mesh == "SpecialMesh" then
				Msh.MeshType = MeshType
				Msh.MeshId = MeshId
			end
			return Msh
		end;
	};
	
	["Mesh"] = {
		Create = function(Mesh, Part, MeshType, MeshId, OffSet, Scale)
			local Msh = Create(Mesh){
				Parent = Part,
				Offset = OffSet,
				Scale = Scale,
			}
			if Mesh == "SpecialMesh" then
				Msh.MeshType = MeshType
				Msh.MeshId = MeshId
			end
			return Msh
		end;
	};
	
	["Weld"] = {
		Create = function(Parent, Part0, Part1, C0, C1)
			local Weld = Create("Weld"){
				Parent = Parent,
				Part0 = Part0,
				Part1 = Part1,
				C0 = C0,
				C1 = C1,
			}
			return Weld
		end;
	};

	["Sound"] = {
		Create = function(id, par, vol, pit) 
			coroutine.resume(coroutine.create(function()
				local S = Create("Sound"){
					Volume = vol,
					Pitch = pit or 1,
					SoundId = id,
					Parent = par or workspace,
				}
				wait() 
				S:play() 
				game:GetService("Debris"):AddItem(S, 6)
			end))
		end;
	};
	
	["ParticleEmitter"] = {
		Create = function(Parent, Color1, Color2, LightEmission, Size, Texture, Transparency, ZOffset, Accel, Drag, LockedToPart, VelocityInheritance, EmissionDirection, Enabled, LifeTime, Rate, Rotation, RotSpeed, Speed, VelocitySpread)
			local fp = Create("ParticleEmitter"){
				Parent = Parent,
				Color = ColorSequence.new(Color1, Color2),
				LightEmission = LightEmission,
				Size = Size,
				Texture = Texture,
				Transparency = Transparency,
				ZOffset = ZOffset,
				Acceleration = Accel,
				Drag = Drag,
				LockedToPart = LockedToPart,
				VelocityInheritance = VelocityInheritance,
				EmissionDirection = EmissionDirection,
				Enabled = Enabled,
				Lifetime = LifeTime,
				Rate = Rate,
				Rotation = Rotation,
				RotSpeed = RotSpeed,
				Speed = Speed,
				VelocitySpread = VelocitySpread,
			}
			return fp
		end;
	};
}

function rayCast(Position, Direction, Range, Ignore)
	return game:service("Workspace"):FindPartOnRay(Ray.new(Position, Direction.unit * (Range or 999.999)), Ignore) 
end 

local function GetNearest(obj, distance)
	local last, lastx = distance + 1
	for i, v in pairs(workspace:GetChildren()) do
		if v:IsA'Model' and v ~= Character and v:findFirstChild('Humanoid') and v:findFirstChild('Torso') and v:findFirstChild('Humanoid').Health > 0 then
			local t = v.Torso
			local dist = (t.Position - obj.Position).magnitude
			if dist <= distance then
				if dist < last then
					last = dist
					lastx = v
				end
			end
		end
	end
	return lastx
end

--[[ Credits to Kert109 (Ninja_Deer) for the Damage function. Fenrier for the Magnitude Damage ]]--

function Damage(hit, damage, cooldown, Color1, Color2, HSound, HPitch)
	for i, v in pairs(hit:GetChildren()) do 
		if v:IsA("Humanoid") and hit.Name ~= Character.Name then
			local find = v:FindFirstChild("DebounceHit")
			if not find then
				if v.Parent:findFirstChild("Head") then
					local BillG = Create("BillboardGui"){
						Parent = v.Parent.Head,
						Size = UDim2.new(1, 0, 1, 0),
						Adornee = v.Parent.Head,
						StudsOffset = Vector3.new(math.random(-3, 3), math.random(3, 5), math.random(-3, 3)),
					}
					local TL = Create("TextLabel"){
						Parent = BillG,
						Size = UDim2.new(3, 3, 3, 3),
						BackgroundTransparency = 1,
						Text = tostring(damage).."-",
						TextColor3 = Color1.Color,
						TextStrokeColor3 = Color2.Color,
						TextStrokeTransparency = 0,
						TextXAlignment = Enum.TextXAlignment.Center,
						TextYAlignment = Enum.TextYAlignment.Center,
						FontSize = Enum.FontSize.Size18,
						Font = "ArialBold",
					}
					coroutine.resume(coroutine.create(function()
						swait(1)
						for i = 0, 1, .1 do
							swait(.1)
							BillG.StudsOffset = BillG.StudsOffset + Vector3.new(0, .1, 0)
						end
						BillG:Destroy()
					end))
				end
				v.Health = v.Health - damage
				local bool = Create("BoolValue"){
					Parent = v,
					Name = "DebounceHit",
				}
				if HSound ~= nil and HPitch ~= nil then
					CFuncs["Sound"].Create(HSound, hit, 1, HPitch) 
				end
				game:GetService("Debris"):AddItem(bool, cooldown)
			end
		end
	end
end

function MagnitudeDamage(Part, magni, mindam, maxdam, Color1, Color2, HSound, HPitch)
	for _, c in pairs(workspace:children()) do
		local hum = c:findFirstChild("Humanoid")
		if hum ~= nil then
			local head = c:findFirstChild("Torso")
			if head ~= nil then
				local targ = head.Position - Part.Position
				local mag = targ.magnitude
				if mag <= magni and c.Name ~= Player.Name then 
					Damage(head.Parent, math.random(mindam, maxdam), 0.5, Color1, Color2, HSound, HPitch)
				end
			end
		end
	end
end

Handle = CFuncs["Part"].Create(m, Enum.Material.SmoothPlastic, 0, 1, "Really black", "Handle", Vector3.new(0.254003167, 1.64342403, 0.260198474))
HandleWeld = CFuncs["Weld"].Create(m, Character["Left Arm"], Handle, CFrame.new(0, 0, 0, 1, 0, 0, 0, 1, 0, 0, 0, 1), CFrame.new(0.99836731, 0.0517368317, -0.0548477173, 0, 1, 0, 0, 0, -1, -1, 0, 0))
FakeHandle = CFuncs["Part"].Create(m, Enum.Material.SmoothPlastic, 0, 1, "Really black", "FakeHandle", Vector3.new(0.254003167, 1.14342403, 0.260198474))
FakeHandleWeld = CFuncs["Weld"].Create(m, Handle, FakeHandle, CFrame.new(0, 0, 0, 1, 0, 0, 0, 1, 0, 0, 0, 1), CFrame.new(-3.81469727e-006, -0.0500059128, 0.0999984741, 1, 0, 0, 0, 1, 0, 0, 0, 1))
Part = CFuncs["Part"].Create(m, Enum.Material.SmoothPlastic, 0, 0, "Really black", "Part", Vector3.new(0.247808024, 0.247808024, 0.247808024))
PartWeld = CFuncs["Weld"].Create(m, FakeHandle, Part, CFrame.new(0, 0, 0, 1, 0, 0, 0, 1, 0, 0, 0, 1), CFrame.new(-5.26589966, 0.00039100647, 0.000610351563, 0.000117000003, 1, 0.000118999997, 1, -0.000117000003, 0, 1.39229996e-008, 0.000118999997, -1))
CFuncs["Mesh"].Create("SpecialMesh", Part, Enum.MeshType.FileMesh, "http://www.roblox.com/Asset/?id=9756362", Vector3.new(0, 0, 0), Vector3.new(1.3753345, 0.185856044, 0.185856044))
Hitbox = CFuncs["Part"].Create(m, Enum.Material.SmoothPlastic, 0, 1, "Really black", "Hitbox", Vector3.new(0.447807968, 5.13465595, 0.447808027))
HitboxWeld = CFuncs["Weld"].Create(m, FakeHandle, Hitbox, CFrame.new(0, 0, 0, 1, 0, 0, 0, 1, 0, 0, 0, 1), CFrame.new(0.000743865967, -3.7444067, -0.000473022461, 0.707102835, 0, -0.707110822, 0, 1, 0, 0.707110822, 0, 0.707102835))
Part = CFuncs["Part"].Create(m, Enum.Material.SmoothPlastic, 0, 0, "Really black", "Part", Vector3.new(0.247808024, 0.242000014, 0.371712089))
PartWeld = CFuncs["Weld"].Create(m, FakeHandle, Part, CFrame.new(0, 0, 0, 1, 0, 0, 0, 1, 0, 0, 0, 1), CFrame.new(0.428066373, -1.24401093, -0.000930786133, -0.965926111, 0.25881803, 0, -0.25881803, -0.965926111, 0, 0, 0, 1))
CFuncs["Mesh"].Create("BlockMesh", Part, "", "", Vector3.new(0, 0, 0), Vector3.new(1, 0.512000144, 1))
Part = CFuncs["Part"].Create(m, Enum.Material.SmoothPlastic, 0, 0, "Dark stone grey", "Part", Vector3.new(0.242000014, 0.242000014, 0.247808024))
PartWeld = CFuncs["Weld"].Create(m, FakeHandle, Part, CFrame.new(0, 0, 0, 1, 0, 0, 0, 1, 0, 0, 0, 1), CFrame.new(-0.0868660212, -1.11515617, -0.000923156738, -1, 0, 0, 0, -1, 0, 0, 0, 1))
CFuncs["Mesh"].Create("BlockMesh", Part, "", "", Vector3.new(0, 0, 0), Vector3.new(0.512000144, 0.512000144, 1))
Part = CFuncs["Part"].Create(m, Enum.Material.SmoothPlastic, 0, 0, "Black", "Part", Vector3.new(0.495616019, 0.247808158, 0.371712089))
PartWeld = CFuncs["Weld"].Create(m, FakeHandle, Part, CFrame.new(0, 0, 0, 1, 0, 0, 0, 1, 0, 0, 0, 1), CFrame.new(-0.000139713287, -0.681477547, -0.000900268555, -1, 0, 0, 0, -1, 0, 0, 0, 1))
CFuncs["Mesh"].Create("CylinderMesh", Part, "", "", Vector3.new(0, 0, 0), Vector3.new(1, 1, 1))
Part = CFuncs["Part"].Create(m, Enum.Material.SmoothPlastic, 0, 0, "Dark stone grey", "Part", Vector3.new(0.272588789, 0.247808024, 0.247808024))
PartWeld = CFuncs["Weld"].Create(m, FakeHandle, Part, CFrame.new(0, 0, 0, 1, 0, 0, 0, 1, 0, 0, 0, 1), CFrame.new(0.0679831505, -1.17708778, -0.000923156738, -1, 0, 0, 0, -1, 0, 0, 0, 1))
Part = CFuncs["Part"].Create(m, Enum.Material.SmoothPlastic, 0, 0, "Dark stone grey", "Part", Vector3.new(0.297369599, 0.278784007, 0.247808024))
PartWeld = CFuncs["Weld"].Create(m, FakeHandle, Part, CFrame.new(0, 0, 0, 1, 0, 0, 0, 1, 0, 0, 0, 1), CFrame.new(-0.548965454, -1.05070114, -0.000900268555, -0.819151819, -0.573576868, 0, 0.573576868, -0.819151819, 0, 0, 0, 1))
Part = CFuncs["Part"].Create(m, Enum.Material.SmoothPlastic, 0, 0, "Really black", "Part", Vector3.new(0.495616049, 0.242000014, 0.743424177))
PartWeld = CFuncs["Weld"].Create(m, FakeHandle, Part, CFrame.new(0, 0, 0, 1, 0, 0, 0, 1, 0, 0, 0, 1), CFrame.new(0.000163078308, -0.867334366, -0.000854492188, 1, 0, 0, 0, 1, 0, 0, 0, 1))
CFuncs["Mesh"].Create("CylinderMesh", Part, "", "", Vector3.new(0, 0, 0), Vector3.new(1, 0.512000144, 1))
Part = CFuncs["Part"].Create(m, Enum.Material.SmoothPlastic, 0, 0, "Really black", "Part", Vector3.new(0.495616019, 0.242000014, 0.371712089))
PartWeld = CFuncs["Weld"].Create(m, FakeHandle, Part, CFrame.new(0, 0, 0, 1, 0, 0, 0, 1, 0, 0, 0, 1), CFrame.new(-0.000113010406, -0.867340088, -0.000900268555, -1, 0, 0, 0, -1, 0, 0, 0, 1))
CFuncs["Mesh"].Create("CylinderMesh", Part, "", "", Vector3.new(0, 0, 0), Vector3.new(1, 0.512000144, 1))
Part = CFuncs["Part"].Create(m, Enum.Material.SmoothPlastic, 0, 0, "Really black", "Part", Vector3.new(0.242000014, 0.242000014, 0.371712089))
PartWeld = CFuncs["Weld"].Create(m, FakeHandle, Part, CFrame.new(0, 0, 0, 1, 0, 0, 0, 1, 0, 0, 0, 1), CFrame.new(0.964140892, -0.531862259, -0.000915527344, -0.342021108, 0.939692378, 0, -0.939692378, -0.342021108, 0, 0, 0, 1))
CFuncs["Mesh"].Create("BlockMesh", Part, "", "", Vector3.new(0, 0, 0), Vector3.new(0.512000144, 0.512000144, 1))
Part = CFuncs["Part"].Create(m, Enum.Material.SmoothPlastic, 0, 0, "Really black", "Part", Vector3.new(0.247808024, 0.242000014, 0.247808024))
PartWeld = CFuncs["Weld"].Create(m, FakeHandle, Part, CFrame.new(0, 0, 0, 1, 0, 0, 0, 1, 0, 0, 0, 1), CFrame.new(0.23951149, -0.842378139, -0.122993469, -0.642788053, -0.76604414, 0, -0.76604414, 0.642788053, 0, 0, 0, -1))
CFuncs["Mesh"].Create("CylinderMesh", Part, "", "", Vector3.new(0, 0, 0), Vector3.new(1, 0.512000144, 1))
Part = CFuncs["Part"].Create(m, Enum.Material.SmoothPlastic, 0, 0, "Really black", "Part", Vector3.new(0.242000014, 0.247808024, 0.619520068))
PartWeld = CFuncs["Weld"].Create(m, FakeHandle, Part, CFrame.new(0, 0, 0, 1, 0, 0, 0, 1, 0, 0, 0, 1), CFrame.new(0.842347145, -0.487338066, -0.000900268555, 0.76604414, -0.642788053, 0, 0.642788053, 0.76604414, 0, 0, 0, 1))
CFuncs["Mesh"].Create("BlockMesh", Part, "", "", Vector3.new(0, 0, 0), Vector3.new(0.512000144, 1, 1))
Part = CFuncs["Part"].Create(m, Enum.Material.SmoothPlastic, 0, 0, "Black", "Part", Vector3.new(0.495616019, 0.247808158, 0.371712089))
PartWeld = CFuncs["Weld"].Create(m, FakeHandle, Part, CFrame.new(0, 0, 0, 1, 0, 0, 0, 1, 0, 0, 0, 1), CFrame.new(0.000148773193, -0.681489944, -0.000854492188, 1, 0, 0, 0, 1, 0, 0, 0, 1))
CFuncs["Mesh"].Create("CylinderMesh", Part, "", "", Vector3.new(0, 0, 0), Vector3.new(1, 1, 1))
Part = CFuncs["Part"].Create(m, Enum.Material.SmoothPlastic, 0, 0, "Dark stone grey", "Part", Vector3.new(0.24780798, 1.61075222, 0.247808024))
PartWeld = CFuncs["Weld"].Create(m, FakeHandle, Part, CFrame.new(0, 0, 0, 1, 0, 0, 0, 1, 0, 0, 0, 1), CFrame.new(0.000148773193, 2.19345093e-005, -0.000885009766, 1, 0, 0, 0, 1, 0, 0, 0, 1))
CFuncs["Mesh"].Create("CylinderMesh", Part, "", "", Vector3.new(0, 0, 0), Vector3.new(1, 1, 1))
Part = CFuncs["Part"].Create(m, Enum.Material.SmoothPlastic, 0, 0, "Really black", "Part", Vector3.new(0.242000014, 1.11513627, 0.242000014))
PartWeld = CFuncs["Weld"].Create(m, FakeHandle, Part, CFrame.new(0, 0, 0, 1, 0, 0, 0, 1, 0, 0, 0, 1), CFrame.new(0.552087665, 0.015086174, -0.000900268555, 1, 0, 0, 0, 1, 0, 0, 0, 1))
CFuncs["Mesh"].Create("BlockMesh", Part, "", "", Vector3.new(0, 0, 0), Vector3.new(0.512000144, 1, 0.512000144))
Part = CFuncs["Part"].Create(m, Enum.Material.SmoothPlastic, 0, 0, "Really black", "Part", Vector3.new(0.495616049, 0.242000014, 0.371712089))
PartWeld = CFuncs["Weld"].Create(m, FakeHandle, Part, CFrame.new(0, 0, 0, 1, 0, 0, 0, 1, 0, 0, 0, 1), CFrame.new(-0.000146865845, -0.991248131, -0.000907897949, -1, 0, 0, 0, -1, 0, 0, 0, 1))
CFuncs["Mesh"].Create("BlockMesh", Part, "", "", Vector3.new(0, 0, 0), Vector3.new(1, 0.512000144, 1))
Part = CFuncs["Part"].Create(m, Enum.Material.SmoothPlastic, 0, 0, "Really black", "Part", Vector3.new(0.743424058, 0.247808024, 0.743424177))
PartWeld = CFuncs["Weld"].Create(m, FakeHandle, Part, CFrame.new(0, 0, 0, 1, 0, 0, 0, 1, 0, 0, 0, 1), CFrame.new(0.000150680542, -1.05320072, -0.000869750977, 1, 0, 0, 0, 1, 0, 0, 0, 1))
CFuncs["Mesh"].Create("CylinderMesh", Part, "", "", Vector3.new(0, 0, 0), Vector3.new(1, 1, 1))
Part = CFuncs["Part"].Create(m, Enum.Material.SmoothPlastic, 0, 0, "Really black", "Part", Vector3.new(0.247808024, 0.242000014, 0.247808024))
PartWeld = CFuncs["Weld"].Create(m, FakeHandle, Part, CFrame.new(0, 0, 0, 1, 0, 0, 0, 1, 0, 0, 0, 1), CFrame.new(0.36342907, -0.842353344, 0.186752319, -0.642788053, -0.76604414, 0, -0.76604414, 0.642788053, 0, 0, 0, -1))
CFuncs["Mesh"].Create("CylinderMesh", Part, "", "", Vector3.new(0, 0, 0), Vector3.new(1, 0.512000144, 1))
Part = CFuncs["Part"].Create(m, Enum.Material.SmoothPlastic, 0, 0, "Really black", "Part", Vector3.new(0.247808024, 0.247808024, 0.247808024))
PartWeld = CFuncs["Weld"].Create(m, FakeHandle, Part, CFrame.new(0, 0, 0, 1, 0, 0, 0, 1, 0, 0, 0, 1), CFrame.new(-1.17704391, 0.000398516655, 0.000640869141, 0.000117000003, 1, 0.000118999997, 1, -0.000117000003, 0, 1.39229996e-008, 0.000118999997, -1))
CFuncs["Mesh"].Create("SpecialMesh", Part, Enum.MeshType.FileMesh, "http://www.roblox.com/Asset/?id=9756362", Vector3.new(0, 0, 0), Vector3.new(1.77182734, 0.371712089, 0.371712089))
Part = CFuncs["Part"].Create(m, Enum.Material.SmoothPlastic, 0, 0, "Really black", "Part", Vector3.new(0.247808024, 0.242000014, 0.247808024))
PartWeld = CFuncs["Weld"].Create(m, FakeHandle, Part, CFrame.new(0, 0, 0, 1, 0, 0, 0, 1, 0, 0, 0, 1), CFrame.new(0.363412857, -0.842355251, -0.184997559, -0.642788053, -0.76604414, 0, -0.76604414, 0.642788053, 0, 0, 0, -1))
CFuncs["Mesh"].Create("CylinderMesh", Part, "", "", Vector3.new(0, 0, 0), Vector3.new(1, 0.512000144, 1))
Part = CFuncs["Part"].Create(m, Enum.Material.SmoothPlastic, 0, 0, "Really black", "Part", Vector3.new(0.247808024, 0.242000014, 0.247808024))
PartWeld = CFuncs["Weld"].Create(m, FakeHandle, Part, CFrame.new(0, 0, 0, 1, 0, 0, 0, 1, 0, 0, 0, 1), CFrame.new(0.239536285, -0.842377186, 0.124786377, -0.642788053, -0.76604414, 0, -0.76604414, 0.642788053, 0, 0, 0, -1))
CFuncs["Mesh"].Create("CylinderMesh", Part, "", "", Vector3.new(0, 0, 0), Vector3.new(1, 0.512000144, 1))
Part = CFuncs["Part"].Create(m, Enum.Material.SmoothPlastic, 0, 0, "Really black", "Part", Vector3.new(0.24780798, 1.7346561, 0.247808024))
PartWeld = CFuncs["Weld"].Create(m, FakeHandle, Part, CFrame.new(0, 0, 0, 1, 0, 0, 0, 1, 0, 0, 0, 1), CFrame.new(0.000743865967, -2.04440403, -0.000473022461, 0.707102835, 0, -0.707110822, 0, 1, 0, 0.707110822, 0, 0.707102835))
Part = CFuncs["Part"].Create(m, Enum.Material.SmoothPlastic, 0, 0, "Really black", "Part", Vector3.new(0.619520068, 0.242000014, 0.619520068))
PartWeld = CFuncs["Weld"].Create(m, FakeHandle, Part, CFrame.new(0, 0, 0, 1, 0, 0, 0, 1, 0, 0, 0, 1), CFrame.new(0.810720444, -0.853779793, -0.000946044922, -0.642788053, 0.76604414, 0, -0.76604414, -0.642788053, 0, 0, 0, 1))
CFuncs["Mesh"].Create("CylinderMesh", Part, "", "", Vector3.new(0, 0, 0), Vector3.new(1, 0.512000144, 1))
Part = CFuncs["Part"].Create(m, Enum.Material.SmoothPlastic, 0, 0, "Really black", "Part", Vector3.new(0.242000014, 0.242000014, 0.495616049))
PartWeld = CFuncs["Weld"].Create(m, FakeHandle, Part, CFrame.new(0, 0, 0, 1, 0, 0, 0, 1, 0, 0, 0, 1), CFrame.new(0.842340946, -0.301486015, -0.000900268555, 0.76604414, -0.642788053, 0, 0.642788053, 0.76604414, 0, 0, 0, 1))
CFuncs["Mesh"].Create("BlockMesh", Part, "", "", Vector3.new(0, 0, 0), Vector3.new(0.512000144, 0.512000144, 1))
Part = CFuncs["Part"].Create(m, Enum.Material.SmoothPlastic, 0, 0, "Really black", "Part", Vector3.new(0.242000014, 0.242000014, 0.247808024))
PartWeld = CFuncs["Weld"].Create(m, FakeHandle, Part, CFrame.new(0, 0, 0, 1, 0, 0, 0, 1, 0, 0, 0, 1), CFrame.new(0.842370033, -0.177565575, -0.000900268555, 0.76604414, -0.642788053, 0, 0.642788053, 0.76604414, 0, 0, 0, 1))
CFuncs["Mesh"].Create("BlockMesh", Part, "", "", Vector3.new(0, 0, 0), Vector3.new(0.512000144, 0.512000144, 1))
Part = CFuncs["Part"].Create(m, Enum.Material.SmoothPlastic, 0, 0, "Really black", "Part", Vector3.new(0.242000014, 2.35417652, 0.242000014))
PartWeld = CFuncs["Weld"].Create(m, FakeHandle, Part, CFrame.new(0, 0, 0, 1, 0, 0, 0, 1, 0, 0, 0, 1), CFrame.new(0.000858306885, -4.0888052, -0.000625610352, 0.707102835, 0, -0.707110822, 0, 1, 0, 0.707110822, 0, 0.707102835))
CFuncs["Mesh"].Create("BlockMesh", Part, "", "", Vector3.new(0, 0, 0), Vector3.new(0.768000126, 1, 0.768000185))
Part = CFuncs["Part"].Create(m, Enum.Material.SmoothPlastic, 0, 0, "Really black", "Part", Vector3.new(0.242000014, 0.242000014, 0.247808024))
PartWeld = CFuncs["Weld"].Create(m, FakeHandle, Part, CFrame.new(0, 0, 0, 1, 0, 0, 0, 1, 0, 0, 0, 1), CFrame.new(0.5521034, -0.604457855, -0.000900268555, 1, 0, 0, 0, 1, 0, 0, 0, 1))
CFuncs["Mesh"].Create("BlockMesh", Part, "", "", Vector3.new(0, 0, 0), Vector3.new(0.512000144, 0.512000144, 1))
Part = CFuncs["Part"].Create(m, Enum.Material.SmoothPlastic, 0, 0, "Really black", "Part", Vector3.new(0.247808024, 0.247808024, 0.247808024))
PartWeld = CFuncs["Weld"].Create(m, FakeHandle, Part, CFrame.new(0, 0, 0, 1, 0, 0, 0, 1, 0, 0, 0, 1), CFrame.new(-2.91172791, 0.000427365303, 0.00065612793, 0.000117000003, 1, 0.000118999997, 1, -0.000117000003, 0, 1.39229996e-008, 0.000118999997, -1))
CFuncs["Mesh"].Create("SpecialMesh", Part, Enum.MeshType.FileMesh, "http://www.roblox.com/Asset/?id=9756362", Vector3.new(0, 0, 0), Vector3.new(0.706252933, 0.247808024, 0.247808024))
Part = CFuncs["Part"].Create(m, Enum.Material.SmoothPlastic, 0, 0, "Really black", "Part", Vector3.new(0.247808024, 0.242000014, 0.247808024))
PartWeld = CFuncs["Weld"].Create(m, FakeHandle, Part, CFrame.new(0, 0, 0, 1, 0, 0, 0, 1, 0, 0, 0, 1), CFrame.new(0.253172874, -0.853765488, -0.124824524, -0.642788053, 0.76604414, 0, -0.76604414, -0.642788053, 0, 0, 0, 1))
CFuncs["Mesh"].Create("CylinderMesh", Part, "", "", Vector3.new(0, 0, 0), Vector3.new(1, 0.512000144, 1))
Part = CFuncs["Part"].Create(m, Enum.Material.SmoothPlastic, 0, 0, "Really black", "Part", Vector3.new(0.247808024, 0.242000014, 0.247808024))
PartWeld = CFuncs["Weld"].Create(m, FakeHandle, Part, CFrame.new(0, 0, 0, 1, 0, 0, 0, 1, 0, 0, 0, 1), CFrame.new(0.377055168, -0.853793144, -0.186752319, -0.642788053, 0.76604414, 0, -0.76604414, -0.642788053, 0, 0, 0, 1))
CFuncs["Mesh"].Create("CylinderMesh", Part, "", "", Vector3.new(0, 0, 0), Vector3.new(1, 0.512000144, 1))
Part = CFuncs["Part"].Create(m, Enum.Material.SmoothPlastic, 0, 0, "Really black", "Part", Vector3.new(0.247808024, 0.242000014, 0.247808024))
PartWeld = CFuncs["Weld"].Create(m, FakeHandle, Part, CFrame.new(0, 0, 0, 1, 0, 0, 0, 1, 0, 0, 0, 1), CFrame.new(0.253149033, -0.853768349, 0.123001099, -0.642788053, 0.76604414, 0, -0.76604414, -0.642788053, 0, 0, 0, 1))
CFuncs["Mesh"].Create("CylinderMesh", Part, "", "", Vector3.new(0, 0, 0), Vector3.new(1, 0.512000144, 1))
Part = CFuncs["Part"].Create(m, Enum.Material.SmoothPlastic, 0, 0, "Really black", "Part", Vector3.new(0.242000014, 0.242000014, 0.247808024))
PartWeld = CFuncs["Weld"].Create(m, FakeHandle, Part, CFrame.new(0, 0, 0, 1, 0, 0, 0, 1, 0, 0, 0, 1), CFrame.new(0.552095771, -0.622245789, 0.000900268555, 1, 0, 0, 0, -1, 0, 0, 0, -1))
CFuncs["Mesh"].Create("BlockMesh", Part, "", "", Vector3.new(0, 0, 0), Vector3.new(0.512000144, 0.512000144, 1))
Part = CFuncs["Part"].Create(m, Enum.Material.SmoothPlastic, 0, 0, "Really black", "Part", Vector3.new(0.254003167, 0.743424058, 0.260198474))
PartWeld = CFuncs["Weld"].Create(m, FakeHandle, Part, CFrame.new(0, 0, 0, 1, 0, 0, 0, 1, 0, 0, 0, 1), CFrame.new(0, 0, 0, 1, 0, 0, 0, 1, 0, 0, 0, 1))
CFuncs["Mesh"].Create("CylinderMesh", Part, "", "", Vector3.new(0, 0, 0), Vector3.new(1, 1, 1))
Part = CFuncs["Part"].Create(m, Enum.Material.SmoothPlastic, 0, 0, "Really black", "Part", Vector3.new(0.247808024, 0.242000014, 0.247808024))
PartWeld = CFuncs["Weld"].Create(m, FakeHandle, Part, CFrame.new(0, 0, 0, 1, 0, 0, 0, 1, 0, 0, 0, 1), CFrame.new(0.377065659, -0.853788376, 0.184921265, -0.642788053, 0.76604414, 0, -0.76604414, -0.642788053, 0, 0, 0, 1))
CFuncs["Mesh"].Create("CylinderMesh", Part, "", "", Vector3.new(0, 0, 0), Vector3.new(1, 0.512000144, 1))
Part = CFuncs["Part"].Create(m, Enum.Material.SmoothPlastic, 0, 0, "Really black", "Part", Vector3.new(0.242000014, 0.433664054, 0.619520068))
PartWeld = CFuncs["Weld"].Create(m, FakeHandle, Part, CFrame.new(0, 0, 0, 1, 0, 0, 0, 1, 0, 0, 0, 1), CFrame.new(0.853796005, -0.593886375, 0.000907897949, 0.76604414, 0.642788053, 0, 0.642788053, -0.76604414, 0, 0, 0, -1))
CFuncs["Mesh"].Create("BlockMesh", Part, "", "", Vector3.new(0, 0, 0), Vector3.new(0.512000144, 1, 1))
Part = CFuncs["Part"].Create(m, Enum.Material.SmoothPlastic, 0, 0, "Really black", "Part", Vector3.new(0.242000014, 0.242000014, 0.495616049))
PartWeld = CFuncs["Weld"].Create(m, FakeHandle, Part, CFrame.new(0, 0, 0, 1, 0, 0, 0, 1, 0, 0, 0, 1), CFrame.new(0.853778839, -0.31512928, 0.000915527344, 0.76604414, 0.642788053, 0, 0.642788053, -0.76604414, 0, 0, 0, -1))
CFuncs["Mesh"].Create("BlockMesh", Part, "", "", Vector3.new(0, 0, 0), Vector3.new(0.512000144, 0.512000144, 1))
Part = CFuncs["Part"].Create(m, Enum.Material.SmoothPlastic, 0, 0, "Really black", "Part", Vector3.new(0.242000014, 0.242000014, 0.247808024))
PartWeld = CFuncs["Weld"].Create(m, FakeHandle, Part, CFrame.new(0, 0, 0, 1, 0, 0, 0, 1, 0, 0, 0, 1), CFrame.new(0.853791237, -0.191212654, 0.000900268555, 0.76604414, 0.642788053, 0, 0.642788053, -0.76604414, 0, 0, 0, -1))
CFuncs["Mesh"].Create("BlockMesh", Part, "", "", Vector3.new(0, 0, 0), Vector3.new(0.512000144, 0.512000144, 1))
Part = CFuncs["Part"].Create(m, Enum.Material.Neon, 0, 0, "Maroon", "Part", Vector3.new(0.309760034, 0.242000014, 0.242000014))
PartWeld = CFuncs["Weld"].Create(m, FakeHandle, Part, CFrame.new(0, 0, 0, 1, 0, 0, 0, 1, 0, 0, 0, 1), CFrame.new(0.309207916, -0.84986639, 0.00183868408, -0.642788053, -0.76604414, 0, -0.76604414, 0.642788053, 0, 0, 0, -1))
CFuncs["Mesh"].Create("CylinderMesh", Part, "", "", Vector3.new(0, 0, 0), Vector3.new(1, 0.512000144, 0.512000144))
Part = CFuncs["Part"].Create(m, Enum.Material.SmoothPlastic, 0, 0, "Really black", "Part", Vector3.new(0.242000014, 0.242000014, 0.259851515))
PartWeld = CFuncs["Weld"].Create(m, FakeHandle, Part, CFrame.new(0, 0, 0, 1, 0, 0, 0, 1, 0, 0, 0, 1), CFrame.new(0.00113677979, 0.00042617321, 1.05298805, 0.000346999994, -2.99999992e-005, -1, 1, -1.80000006e-005, 0.000347000547, -1.80104089e-005, -1, 2.99937492e-005))
CFuncs["Mesh"].Create("SpecialMesh", Part, Enum.MeshType.FileMesh, "http://www.roblox.com/asset/?id=18430887", Vector3.new(0, 0, 0), Vector3.new(0.472203195, 0.48459357, 2.56607437))
Part = CFuncs["Part"].Create(m, Enum.Material.SmoothPlastic, 0, 0, "Really black", "Part", Vector3.new(0.743424058, 0.247808024, 0.743424177))
PartWeld = CFuncs["Weld"].Create(m, FakeHandle, Part, CFrame.new(0, 0, 0, 1, 0, 0, 0, 1, 0, 0, 0, 1), CFrame.new(0.000146865845, -1.17708874, -0.000862121582, 1, 0, 0, 0, 1, 0, 0, 0, 1))
CFuncs["Mesh"].Create("SpecialMesh", Part, Enum.MeshType.Sphere, "", Vector3.new(0, 0, 0), Vector3.new(1, 1, 1))
Part = CFuncs["Part"].Create(m, Enum.Material.SmoothPlastic, 0, 0, "Dark stone grey", "Part", Vector3.new(0.309760034, 0.242000014, 0.371712089))
PartWeld = CFuncs["Weld"].Create(m, FakeHandle, Part, CFrame.new(0, 0, 0, 1, 0, 0, 0, 1, 0, 0, 0, 1), CFrame.new(0.309185982, -0.84424448, 0.00513458252, -0.642788053, -0.76604414, 0, -0.76604414, 0.642788053, 0, 0, 0, -1))
CFuncs["Mesh"].Create("CylinderMesh", Part, "", "", Vector3.new(0, 0, 0), Vector3.new(1, 0.512000144, 1))
Part = CFuncs["Part"].Create(m, Enum.Material.SmoothPlastic, 0, 0, "Really black", "Part", Vector3.new(0.309760034, 0.242000014, 0.272588819))
PartWeld = CFuncs["Weld"].Create(m, FakeHandle, Part, CFrame.new(0, 0, 0, 1, 0, 0, 0, 1, 0, 0, 0, 1), CFrame.new(0.309211731, -0.848698139, 0.00434875488, -0.642788053, -0.76604414, 0, -0.76604414, 0.642788053, 0, 0, 0, -1))
CFuncs["Mesh"].Create("CylinderMesh", Part, "", "", Vector3.new(0, 0, 0), Vector3.new(1, 0.512000144, 1))
Handle1=CFuncs["Part"].Create(m,Enum.Material.SmoothPlastic,0,0.5,"Maroon","Handle1",Vector3.new(0.200000003, 0.200000003, 0.200000003))
Handle1Weld=CFuncs["Weld"].Create(m,Character["HumanoidRootPart"],Handle1,CFrame.new(0, 0, 0, 1, 0, 0, 0, 1, 0, 0, 0, 1),CFrame.new(-4.89996433, -0.300001144, -3.81469727e-006, 0, 1, 0, 0, 0, -1, -1, 0, 0))
CFuncs["Mesh"].Create("SpecialMesh",Handle1,Enum.MeshType.FileMesh,"rbxassetid://571013824",Vector3.new(0, 0, 0),Vector3.new(0.0299999993, 0.0299999993, 0.0299999993))
Handle2=CFuncs["Part"].Create(m,Enum.Material.SmoothPlastic,0,0.5,"Maroon","Handle2",Vector3.new(0.200000003, 0.200000003, 0.200000003))
Handle2Weld=CFuncs["Weld"].Create(m,Character["HumanoidRootPart"],Handle2,CFrame.new(0, 0, 0, 1, 0, 0, 0, 1, 0, 0, 0, 1),CFrame.new(-4.89996433, -0.300001144, 3.69999886, 0, 1, 0, 0, 0, -1, -1, 0, 0))
CFuncs["Mesh"].Create("SpecialMesh",Handle2,Enum.MeshType.FileMesh,"rbxassetid://571013824",Vector3.new(0, 0, 0),Vector3.new(0.0299999993, 0.0299999993, 0.0299999993))
Handle3=CFuncs["Part"].Create(m,Enum.Material.SmoothPlastic,0,0.5,"Maroon","Handle3",Vector3.new(0.200000003, 0.200000003, 0.200000003))
Handle3Weld=CFuncs["Weld"].Create(m,Character["HumanoidRootPart"],Handle3,CFrame.new(0, 0, 0, 1, 0, 0, 0, 1, 0, 0, 0, 1),CFrame.new(-4.89996433, -0.300001144, -3.80001068, 0, 1, 0, 0, 0, -1, -1, 0, 0))
CFuncs["Mesh"].Create("SpecialMesh",Handle3,Enum.MeshType.FileMesh,"rbxassetid://571013824",Vector3.new(0, 0, 0),Vector3.new(0.0299999993, 0.0299999993, 0.0299999993))

Handle1.Transparency = 1
Handle2.Transparency = 1
Handle3.Transparency = 1

EffectModel = Instance.new("Model", Character)
EffectModel.Name = "Effects"

Effects = {
	["Block"] = {
		Create = function(brickcolor, cframe, x1, y1, z1, x3, y3, z3, delay, Type)
			local prt = CFuncs["Part"].Create(EffectModel, "SmoothPlastic", 0, 0, brickcolor, "Effect", Vector3.new())
			prt.Anchored = true
			prt.CFrame = cframe
			local msh = CFuncs["Mesh"].Create("BlockMesh", prt, "", "", Vector3.new(0, 0, 0), Vector3.new(x1, y1, z1))
			game:GetService("Debris"):AddItem(prt, 10)
			if Type == 1 or Type == nil then
				table.insert(Effects, {
					prt,
					"Block1",
					delay,
					x3,
					y3,
					z3,
					msh
				})
			elseif Type == 2 then
				table.insert(Effects, {
					prt,
					"Block2",
					delay,
					x3,
					y3,
					z3,
					msh
				})
			end
		end;
	};
	
	["Sphere"] = {
		Create = function(brickcolor, cframe, x1, y1, z1, x3, y3, z3, delay)
			local prt = CFuncs["Part"].Create(EffectModel, "SmoothPlastic", 0, 0, brickcolor, "Effect", Vector3.new())
			prt.Anchored = true
			prt.CFrame = cframe
			local msh = CFuncs["Mesh"].Create("SpecialMesh", prt, "Sphere", "", Vector3.new(0, 0, 0), Vector3.new(x1, y1, z1))
			game:GetService("Debris"):AddItem(prt, 10)
			table.insert(Effects, {
				prt,
				"Cylinder",
				delay,
				x3,
				y3,
				z3,
				msh
			})
		end;
	};

	["Ring"] = {
		Create = function(brickcolor, cframe, x1, y1, z1, x3, y3, z3, delay)
			local prt = CFuncs["Part"].Create(EffectModel, "SmoothPlastic", 0, 0, brickcolor, "Effect", Vector3.new())
			prt.Anchored = true
			prt.CFrame = cframe
			local msh = CFuncs["Mesh"].Create("CylinderMesh", prt, "", "", Vector3.new(0, 0, 0), Vector3.new(x1, y1, z1))
			game:GetService("Debris"):AddItem(prt, 10)
			table.insert(Effects, {
				prt,
				"Cylinder",
				delay,
				x3,
				y3,
				z3,
				msh
			})
		end;
	};


	["Wave"] = {
		Create = function(brickcolor, cframe, x1, y1, z1, x3, y3, z3, delay)
			local prt = CFuncs["Part"].Create(EffectModel, "SmoothPlastic", 0, 0, brickcolor, "Effect", Vector3.new())
			prt.Anchored = true
			prt.CFrame = cframe
			local msh = CFuncs["Mesh"].Create("SpecialMesh", prt, "FileMesh", "rbxassetid://20329976", Vector3.new(0, 0, 0), Vector3.new(x1, y1, z1))
			game:GetService("Debris"):AddItem(prt, 10)
			table.insert(Effects, {
				prt,
				"Cylinder",
				delay,
				x3,
				y3,
				z3,
				msh
			})
		end;
	};

	["Break"] = {
		Create = function(brickcolor, cframe, x1, y1, z1)
			local prt = CFuncs["Part"].Create(EffectModel, "SmoothPlastic", 0, 0, brickcolor, "Effect", Vector3.new(0.5, 0.5, 0.5))
			prt.Anchored = true
			prt.CFrame = cframe * CFrame.fromEulerAnglesXYZ(math.random(-50, 50), math.random(-50, 50), math.random(-50, 50))
			local msh = CFuncs["Mesh"].Create("SpecialMesh", prt, "Sphere", "", Vector3.new(0, 0, 0), Vector3.new(x1, y1, z1))
			local num = math.random(10, 50) / 1000
			game:GetService("Debris"):AddItem(prt, 10)
			table.insert(Effects, {
				prt,
				"Shatter",
				num,
				prt.CFrame,
				math.random() - math.random(),
				0,
				math.random(50, 100) / 100
			})
		end;
	};
}

function attackone()
	attack = true
	for i = 0, 1, 0.18 do
		swait()
		PlayAnimationFromTable({
			CFrame.new(5.21097445e-006, 0, 1.39627514e-006, 0.500000238, 0, -0.866025388, 0, 1, 0, 0.866025388, 0, 0.500000238),
			CFrame.new(1.86264515e-007, 1.49999213, 1.11758709e-007, 0.500000238, -0.0754792839, 0.862729847, 0, 0.996194661, 0.087155968, -0.866025388, -0.0435780063, 0.498097569),
			CFrame.new(1.50000036, 0, 5.72204726e-006, 1.00000024, 0, 0, 0, 1, 0, 0, 0, 1.00000024),
			CFrame.new(-0.366784006, 0.731893659, -1.14485168, 0.356001496, -0.850091577, -0.388081908, -0.93399173, -0.337178171, -0.118196875, -0.0303746015, 0.404543579, -0.91401422),
			CFrame.new(0.904913902, -1.89649975, -0.0730408952, 0.571393132, -0.260298461, 0.77830261, 0.0871559978, 0.96225059, 0.257832885, -0.816035509, -0.0794901848, 0.572509944),
			CFrame.new(-0.528955996, -1.97384918, 0.0388401002, 0.342020601, -0.0571864806, 0.937950969, 0, 0.998146534, 0.0608565845, -0.939692676, -0.0208142027, 0.341386676),
		}, .4, false)
	end
	MagnitudeDamage(Hitbox, 15, 15, 20, BrickColor.new("Really black"), BrickColor.new("Crimson"), " ", 0)
	FakeHandleWeld.C0 = angles(math.rad(0), math.rad(0), math.rad(50))
	CFuncs["Sound"].Create("http://roblox.com/asset/?id=356430004", Hitbox, 1, 1.1)
	for i = 0, 1, 0.2 do
		swait()
		PlayAnimationFromTable({
			CFrame.new(-1.07485366e-005, -0, 9.40369318e-007, 0.642788053, 0, 0.76604414, 0, 1, 0, -0.76604414, 0, 0.642788053),
			CFrame.new(-1.71363354e-007, 1.49999213, 1.34110451e-007, 0.642788053, 0.0667653158, -0.763129056, 0, 0.996194661, 0.087155968, 0.76604414, -0.0560228154, 0.640341997),
			CFrame.new(1.50000405, 0, 3.81469772e-006, 1.00000012, 0, 0, 0, 1, 0, 0, 0, 1.00000012),
			CFrame.new(-1.64033329, 0.239580303, 0.32212162, 0.407846123, 0.871090412, 0.273611486, -0.883638024, 0.30112043, 0.358483493, 0.22988157, -0.387979686, 0.892539263),
			CFrame.new(0.710344791, -2.02141356, -0.196990728, 0.767721832, -0.023819983, -0.640340447, 0.103438981, 0.990809619, 0.0871588141, 0.632379293, -0.133149892, 0.763130188),
			CFrame.new(-0.815283537, -1.94957781, 0.0924245715, 0.824585378, 0.181777626, -0.535738766, -0.0773119852, 0.974296749, 0.211586341, 0.560430169, -0.133051991, 0.817444444),
		}, .5, false)
		Handle1Weld.C0 = clerp(Handle1Weld.C0, CFrame.new(0, -4, -6) * angles(math.rad(-5), math.rad(0), math.rad(0)), .7)
		Handle2Weld.C0 = clerp(Handle2Weld.C0, CFrame.new(-4, 0, -6) * angles(math.rad(0), math.rad(14), math.rad(-50)), .7)
		Handle3Weld.C0 = clerp(Handle3Weld.C0, CFrame.new(4, 0, -6) * angles(math.rad(0), math.rad(-14), math.rad(50)), .7)
	end
	attack = false
end

function attacktwo()
	attack = true
	for i = 0, 1, 0.2 do
		swait()
		PlayAnimationFromTable({
			CFrame.new(0, -0.163648605, -0, 0.342019022, 0, -0.939693093, 0, 1, 0, 0.939693093, 0, 0.342018992),
			CFrame.new(0, 1.49999201, 0, 0.342019022, 0, 0.939693093, 0, 1, 0, -0.939693093, 0, 0.342018992),
			CFrame.new(1.49999821, 0, 3.76999424e-006, 1.00000012, 0, -2.98023224e-008, 0, 1, 0, -2.98023224e-008, 0, 1.00000012),
			CFrame.new(-0.596759856, 0.740946412, -1.0552206, -0.0991426557, -0.715364814, 0.6916821, 0.933013022, -0.308467805, -0.185295463, 0.345915467, 0.626977801, 0.698026896),
			CFrame.new(0.649631023, -1.84416139, -0.257720411, 0.982567668, -0.137810081, -0.124777108, 0.160191998, 0.968212366, 0.192102879, 0.0943369716, -0.20874238, 0.973410189),
			CFrame.new(-0.804208517, -1.84453952, -0.127062395, 0.342019022, 0.123212501, 0.931580245, 0, 0.991366506, -0.131119937, -0.939693093, 0.0448455103, 0.339066178),
		}, .6, false)
		FakeHandleWeld.C0 = clerp(FakeHandleWeld.C0, CFrame.new(0, 0, 0) * angles(math.rad(0), math.rad(0), math.rad(0)), .5)
	end
	MagnitudeDamage(Hitbox, 15, 15, 20, BrickColor.new("Really black"), BrickColor.new("Crimson"), " ", 0)
	CFuncs["Sound"].Create("http://roblox.com/asset/?id=356430004", Hitbox, 1, 1.2)
	for i = 0, 1, 0.15 do
		swait()
		PlayAnimationFromTable({
			CFrame.new(0.049446106, -0.357643992, -0.0952380151, 0, 0, -1, 0.087155968, 0.996194661, 0, 0.996194661, -0.087155968, 0),
			CFrame.new(2.98023224e-007, 1.49999201, 0, 0, -0.173647881, 0.984807789, 0, 0.984807789, 0.173647881, -1, 0, 0),
			CFrame.new(1.49999797, -7.74860325e-007, 3.81469727e-006, 0.99999994, 0, 0, 0, 0.99999994, 0, 0, 0, 1),
			CFrame.new(-1.8979578, 0.483427346, -0.0369744599, 0.115391314, 0.989934027, 0.0819470882, 0.907972336, -0.071660988, -0.412857205, -0.402829081, 0.122045808, -0.90710181),
			CFrame.new(0.619603634, -1.63993931, -0.291756809, 0.982567668, -0.126410455, -0.136313275, 0.160191938, 0.947784781, 0.275757879, 0.0943370014, -0.292787015, 0.951512635),
			CFrame.new(-1.16031027, -1.79213738, -0.256672949, 0.342019439, 0.572495401, 0.745165527, -4.09781933e-008, 0.7929883, -0.609236777, -0.939692855, 0.208370775, 0.271217525),
		}, .65, false)
		FakeHandleWeld.C0 = clerp(FakeHandleWeld.C0, CFrame.new(0, 0, 0) * angles(math.rad(0), math.rad(0), math.rad(90)), .6)
		Handle1Weld.C0 = clerp(Handle1Weld.C0, CFrame.new(0, -4, -6) * angles(math.rad(-5), math.rad(0), math.rad(0)), .7)
		Handle2Weld.C0 = clerp(Handle2Weld.C0, CFrame.new(-4, 0, -6) * angles(math.rad(0), math.rad(14), math.rad(-50)), .7)
		Handle3Weld.C0 = clerp(Handle3Weld.C0, CFrame.new(4, 0, -6) * angles(math.rad(0), math.rad(-14), math.rad(50)), .7)
	end
	attack = false
end

function attackthree()
	attack = true
	for i = 0, 1, 0.2 do
		swait()
		PlayAnimationFromTable({
			CFrame.new(0, -0.0985169411, -0, 0.819151819, 0, -0.573576868, 0, 1, 0, 0.573576868, 0, 0.819151819),
			CFrame.new(0, 1.49999177, 7.4505806e-009, 0.819151819, -0.0499906465, 0.571394205, 0, 0.996194661, 0.087155968, -0.573576868, -0.0713939667, 0.816034675),
			CFrame.new(1.4999963, 0, 0, 1.00000012, 0, 0, 0, 1, 0, 0, 0, 1.00000012),
			CFrame.new(-0.5402565, 0.0849503279, -0.942667186, -0.509596586, -0.76232785, -0.398958385, -0.854715168, 0.395236939, 0.336525917, -0.0988600105, 0.512488246, -0.852984548),
			CFrame.new(0.620955229, -1.94301522, -0.0566893369, 0.954188764, -0.0857283473, 0.286661357, 0.0702360272, 0.995480537, 0.0639168248, -0.290845275, -0.0408547521, 0.955897629),
			CFrame.new(-0.75884217, -1.89246368, -0.315178692, 0.832474053, 0.00791560486, 0.554007649, -0.0318369977, 0.998929381, 0.0335669406, -0.553148806, -0.0455815494, 0.831834674),
		}, .4, false)
		FakeHandleWeld.C0 = clerp(FakeHandleWeld.C0, CFrame.new(0, 0, 0) * angles(math.rad(0), math.rad(0), math.rad(30)), .4)
	end
