--[[
If you use this, you'll cry. I warned you.
F u r r y .   b y   . . . . . .
]]--
wait(1 / 30)
Effects = { }
local Player = game.Players.localPlayer
local Character = Player.Character
local Humanoid = Character.Humanoid
local Mouse = Player:GetMouse()
local LeftArm = Character["Left Arm"]
local RightArm = Character["Right Arm"]
local LeftLeg = Character["Left Leg"]
local RightLeg = Character["Right Leg"]
local Head = Character.Head
local Torso = Character.Torso
local Camera = game.Workspace.CurrentCamera
local RootPart = Character.HumanoidRootPart
local RootJoint = RootPart.RootJoint
local attack = false
local Anim = 'Idle'
local attacktype = 1
local Torsovelocity = (RootPart.Velocity * Vector3.new(1, 0, 1)).magnitude 
local velocity = RootPart.Velocity.y
local sine = 0
local change = 1
local oml = false
local Equipped = false
local hide = false
local Gender = 1 --Triggered
local Create = LoadLibrary("RbxUtility").Create
Character.Humanoid.MaxHealth = math.huge
Character.Humanoid.Health = math.huge


local m = Create("Model"){
	Parent = Character,
	Name = "WeaponModel",
}

Humanoid.Animator.Parent = nil
Character.Animate.Parent = nil

local newMotor = function(part0, part1, c0, c1)
	local w = Create('Motor'){
		Parent = part0,
		Part0 = part0,
		Part1 = part1,
		C0 = c0,
		C1 = c1,
	}
	return w
end

function clerp(a, b, t)
	return a:lerp(b, t)
end

RootCF = CFrame.fromEulerAnglesXYZ(-1.57, 0, 3.14)
NeckCF = CFrame.new(0, 1, 0, -1, -0, -0, 0, 0, 1, 0, 1, 0)

local RW = newMotor(Torso, RightArm, CFrame.new(1.5, 0, 0), CFrame.new(0, 0, 0)) 
local LW = newMotor(Torso, LeftArm, CFrame.new(-1.5, 0, 0), CFrame.new(0, 0, 0))
local RH = newMotor(Torso, RightLeg, CFrame.new(.5, -2, 0), CFrame.new(0, 0, 0))
local LH = newMotor(Torso, LeftLeg, CFrame.new(-.5, -2, 0), CFrame.new(0, 0, 0))
RootJoint.C1 = CFrame.new(0, 0, 0)
RootJoint.C0 = CFrame.new(0, 0, 0)
Torso.Neck.C1 = CFrame.new(0, 0, 0)
Torso.Neck.C0 = CFrame.new(0, 1.5, 0)

local rarmc1 = RW.C1
local larmc1 = LW.C1
local rlegc1 = RH.C1
local llegc1 = LH.C1

local resetc1 = false

function PlayAnimationFromTable(table, speed, bool)
	RootJoint.C0 = clerp(RootJoint.C0, table[1], speed) 
	Torso.Neck.C0 = clerp(Torso.Neck.C0, table[2], speed) 
	RW.C0 = clerp(RW.C0, table[3], speed) 
	LW.C0 = clerp(LW.C0, table[4], speed) 
	RH.C0 = clerp(RH.C0, table[5], speed) 
	LH.C0 = clerp(LH.C0, table[6], speed) 
	if bool == true then
		if resetc1 == false then
			resetc1 = true
			RootJoint.C1 = RootJoint.C1
			Torso.Neck.C1 = Torso.Neck.C1
			RW.C1 = rarmc1
			LW.C1 = larmc1
			RH.C1 = rlegc1
			LH.C1 = llegc1
		end
	end
end

ArtificialHB = Create("BindableEvent", script){
	Parent = script,
	Name = "Heartbeat",
}

script:WaitForChild("Heartbeat")

frame = 1 / 30
tf = 0
allowframeloss = false
tossremainder = false
lastframe = tick()
script.Heartbeat:Fire()

game:GetService("RunService").Heartbeat:connect(function(s, p)
	tf = tf + s
	if tf >= frame then
		if allowframeloss then
			script.Heartbeat:Fire()
			lastframe = tick()
		else
			for i = 1, math.floor(tf / frame) do
				script.Heartbeat:Fire()
			end
			lastframe = tick()
		end
		if tossremainder then
			tf = 0
		else
			tf = tf - frame * math.floor(tf / frame)
		end
	end
end)

function swait(num)
	if num == 0 or num == nil then
		ArtificialHB.Event:wait()
	else
		for i = 0, num do
			ArtificialHB.Event:wait()
		end
	end
end

function RemoveOutlines(part)
	part.TopSurface, part.BottomSurface, part.LeftSurface, part.RightSurface, part.FrontSurface, part.BackSurface = 10, 10, 10, 10, 10, 10
end
	
CFuncs = {	
	["Part"] = {
		Create = function(Parent, Material, Reflectance, Transparency, BColor, Name, Size)
			local Part = Create("Part"){
				Parent = Parent,
				Reflectance = Reflectance,
				Transparency = Transparency,
				CanCollide = false,
				Locked = true,
				BrickColor = BrickColor.new(tostring(BColor)),
				Name = Name,
				Size = Size,
				Material = Material,
			}
			RemoveOutlines(Part)
			return Part
		end;
	};
	
	["Mesh"] = {
		Create = function(Mesh, Part, MeshType, MeshId, OffSet, Scale)
			local Msh = Create(Mesh){
				Parent = Part,
				Offset = OffSet,
				Scale = Scale,
			}
			if Mesh == "SpecialMesh" then
				Msh.MeshType = MeshType
				Msh.MeshId = MeshId
			end
			return Msh
		end;
	};
	
	["Mesh"] = {
		Create = function(Mesh, Part, MeshType, MeshId, OffSet, Scale)
			local Msh = Create(Mesh){
				Parent = Part,
				Offset = OffSet,
				Scale = Scale,
			}
			if Mesh == "SpecialMesh" then
				Msh.MeshType = MeshType
				Msh.MeshId = MeshId
			end
			return Msh
		end;
	};
	
	["Weld"] = {
		Create = function(Parent, Part0, Part1, C0, C1)
			local Weld = Create("Weld"){
				Parent = Parent,
				Part0 = Part0,
				Part1 = Part1,
				C0 = C0,
				C1 = C1,
			}
			return Weld
		end;
	};

	["Sound"] = {
		Create = function(id, par, vol, pit) 
			coroutine.resume(coroutine.create(function()
				local S = Create("Sound"){
					Volume = vol,
					Pitch = pit or 1,
					SoundId = id,
					Parent = par or workspace,
				}
				wait() 
				S:play() 
				game:GetService("Debris"):AddItem(S, 6)
			end))
		end;
	};
	
	["ParticleEmitter"] = {
		Create = function(Parent, Color1, Color2, LightEmission, Size, Texture, Transparency, ZOffset, Accel, Drag, LockedToPart, VelocityInheritance, EmissionDirection, Enabled, LifeTime, Rate, Rotation, RotSpeed, Speed, VelocitySpread)
			local fp = Create("ParticleEmitter"){
				Parent = Parent,
				Color = ColorSequence.new(Color1, Color2),
				LightEmission = LightEmission,
				Size = Size,
				Texture = Texture,
				Transparency = Transparency,
				ZOffset = ZOffset,
				Acceleration = Accel,
				Drag = Drag,
				LockedToPart = LockedToPart,
				VelocityInheritance = VelocityInheritance,
				EmissionDirection = EmissionDirection,
				Enabled = Enabled,
				Lifetime = LifeTime,
				Rate = Rate,
				Rotation = Rotation,
				RotSpeed = RotSpeed,
				Speed = Speed,
				VelocitySpread = VelocitySpread,
			}
			return fp
		end;
	};

	CreateTemplate = {
	
	};
}


New = function(Object, Parent, Name, Data)
	local Object = Instance.new(Object)
	for Index, Value in pairs(Data or {}) do
		Object[Index] = Value
	end
	Object.Parent = Parent
	Object.Name = Name
	return Object
end
	
New = function(Object, Parent, Name, Data)
	local Object = Instance.new(Object)
	for Index, Value in pairs(Data or {}) do
		Object[Index] = Value
	end
	Object.Parent = Parent
	Object.Name = Name
	return Object
end

Knot = New("Model",Torso,"Knot",{})
Balls = New("Part",Knot,"Balls",{BrickColor = BrickColor.new("Institutional white"),Material = Enum.Material.SmoothPlastic,FormFactor = Enum.FormFactor.Symmetric,Size = Vector3.new(0.633225322, 0.627756178, 0.566908002),CFrame = CFrame.new(-52.1883163, -1.24416244, -63.7315178, -1.86264515e-08, 1.37835741e-07, -1.00000465, 0.867121458, 0.498098791, 8.55898676e-08, 0.498106003, -0.867134094, 1.49011612e-08),BottomSurface = Enum.SurfaceType.Smooth,TopSurface = Enum.SurfaceType.Smooth,Color = Color3.new(0.972549, 0.972549, 0.972549),})
Mesh = New("SpecialMesh",Balls,"Mesh",{MeshType = Enum.MeshType.Sphere,})
mot = New("Weld",Balls,"mot",{Part0 = Balls,Part1 = Torso,C0 = CFrame.new(0, 0, 0, 3.25050031e-08, 0.867120624, 0.498098314, 8.14983423e-08, 0.498098284, -0.867120624, -1, 6.877994e-08, -5.44782139e-08),C1 = CFrame.new(0.259296417, -1.06132448, -0.283123016, 0.998320162, -5.58793545e-09, 0.0579784103, -9.50342383e-09, 1.00000048, -5.96046448e-08, -0.0579781681, 2.98023224e-08, 0.998325586),})
Balls = New("Part",Knot,"Balls",{BrickColor = BrickColor.new("Institutional white"),Material = Enum.Material.SmoothPlastic,FormFactor = Enum.FormFactor.Symmetric,Size = Vector3.new(0.633225322, 0.627756178, 0.566908002),CFrame = CFrame.new(-52.6285896, -1.24417102, -63.7314873, -1.86264515e-08, 1.37835741e-07, -1.00000465, 0.867121458, 0.498098791, 8.55898676e-08, 0.498106003, -0.867134094, 1.49011612e-08),BottomSurface = Enum.SurfaceType.Smooth,TopSurface = Enum.SurfaceType.Smooth,Color = Color3.new(0.972549, 0.972549, 0.972549),})
Mesh = New("SpecialMesh",Balls,"Mesh",{MeshType = Enum.MeshType.Sphere,})
mot = New("Weld",Balls,"mot",{Part0 = Balls,Part1 = Torso,C0 = CFrame.new(0, 0, 0, 3.25050031e-08, 0.867120624, 0.498098314, 8.14983423e-08, 0.498098284, -0.867120624, -1, 6.877994e-08, -5.44782139e-08),C1 = CFrame.new(-0.180233002, -1.06133306, -0.257568359, 0.998320162, -5.58793545e-09, 0.0579784103, -9.50342383e-09, 1.00000048, -5.96046448e-08, -0.0579781681, 2.98023224e-08, 0.998325586),})
Ball = New("Part",Knot,"Ball",{BrickColor = BrickColor.new("Institutional white"),Material = Enum.Material.SmoothPlastic,FormFactor = Enum.FormFactor.Custom,Size = Vector3.new(1.04999995, 1.13, 1.7299999),CFrame = CFrame.new(-52.3997879, -1.0845747, -63.8579521, -1.00000465, 2.79396772e-08, 7.4505806e-09, 5.19574472e-09, -0.940444589, -0.339950144, 1.41561031e-07, -0.339955002, 0.940458119),BottomSurface = Enum.SurfaceType.Smooth,TopSurface = Enum.SurfaceType.Smooth,Color = Color3.new(0.972549, 0.972549, 0.972549),})
Mesh = New("SpecialMesh",Ball,"Mesh",{Scale = Vector3.new(0.5, 0.5, 4),MeshId = "http://www.roblox.com/asset/?id=3270017",MeshType = Enum.MeshType.FileMesh,})
mot = New("Weld",Ball,"mot",{Part0 = Ball,Part1 = Torso,C0 = CFrame.new(0, 0, 0, -1, -1.16141035e-08, 7.06187109e-08, -1.30844056e-08, -0.940443635, -0.339949787, 7.03611249e-08, -0.339949816, 0.940443575),C1 = CFrame.new(0.040851593, -0.901736856, -0.397083282, 0.998320162, -5.58793545e-09, 0.0579784103, -9.50342383e-09, 1.00000048, -5.96046448e-08, -0.0579781681, 2.98023224e-08, 0.998325586),})
faic = New ("Decal",Head,"Face",{Texture = "rbxassetid://648887959",Face = "Front",Transparency = 1})
stick = New("Model",Torso,"stick",{})
Handle = New("Part",stick,"Handle",{BrickColor = BrickColor.new("Institutional white"),Material = Enum.Material.SmoothPlastic,Transparency = 1,Transparency = 1,FormFactor = Enum.FormFactor.Custom,Size = Vector3.new(0.200000003, 0.200000003, 0.200000003),CFrame = CFrame.new(-52.3997879, -1.08457458, -63.8579559, -1, -5.30103321e-08, 1.31363009e-07, 5.19570165e-09, -0.940442502, -0.339954078, 1.41560349e-07, -0.339954227, 0.940441906),BottomSurface = Enum.SurfaceType.Smooth,TopSurface = Enum.SurfaceType.Smooth,Color = Color3.new(0.972549, 0.972549, 0.972549),})
Mesh = New("SpecialMesh",Handle,"Mesh",{Scale = Vector3.new(0.5, 0.5, 4),MeshId = "http://www.roblox.com/asset/?id=3270017",MeshType = Enum.MeshType.FileMesh,})
moter = New("Motor",Handle,"mot",{Part0 = Handle,Part1 = Torso,})
Shaft = New("Part",stick,"Shaft",{BrickColor = BrickColor.new("Medium red"),Material = Enum.Material.SmoothPlastic,Elasticity = 0,FormFactor = Enum.FormFactor.Symmetric,Size = Vector3.new(0.573660076, 0.665826976, 0.403559536),CFrame = CFrame.new(-52.4063644, -0.797297835, -65.0149155, 1, -5.57705562e-08, 9.69817435e-08, -7.4781866e-08, 0.311523914, 0.950238943, -8.32074534e-08, -0.950238168, 0.311524123),BackSurface = Enum.SurfaceType.Weld,BottomSurface = Enum.SurfaceType.Weld,FrontSurface = Enum.SurfaceType.Weld,LeftSurface = Enum.SurfaceType.Weld,RightSurface = Enum.SurfaceType.Weld,TopSurface = Enum.SurfaceType.Weld,Color = Color3.new(0.854902, 0.52549, 0.478431),})
Mesh = New("CylinderMesh",Shaft,"Mesh",{})
mot = New("Weld",Shaft,"mot",{Part0 = Shaft,Part1 = Handle,C0 = CFrame.new(0, 0, 0, 1, -7.47818589e-08, -8.32074605e-08, -5.57705739e-08, 0.311523944, -0.950238287, 9.69817009e-08, 0.950238287, 0.311523944),C1 = CFrame.new(0.00657653809, 0.123146057, -1.18571472, -1, 5.19572074e-09, 1.41560378e-07, -5.30103073e-08, -0.940442145, -0.339954108, 1.31363024e-07, -0.339954078, 0.940442026),})
Cylinder = New("Part",stick,"Cylinder",{BrickColor = BrickColor.new("Medium red"),Material = Enum.Material.SmoothPlastic,Elasticity = 0,FormFactor = Enum.FormFactor.Symmetric,Size = Vector3.new(0.573660076, 0.415210366, 0.403559536),CFrame = CFrame.new(-52.4063644, -0.965925634, -64.2144547, 1, 7.3793359e-08, 1.3644194e-07, -1.43263932e-07, 0.102112412, 0.994773507, 5.94751839e-08, -0.994772792, 0.10211274),BackSurface = Enum.SurfaceType.Weld,BottomSurface = Enum.SurfaceType.Weld,FrontSurface = Enum.SurfaceType.Weld,LeftSurface = Enum.SurfaceType.Weld,RightSurface = Enum.SurfaceType.Weld,TopSurface = Enum.SurfaceType.Weld,Color = Color3.new(0.854902, 0.52549, 0.478431),})
Mesh = New("CylinderMesh",Cylinder,"Mesh",{})
mot = New("Weld",Cylinder,"mot",{Part0 = Cylinder,Part1 = Handle,C0 = CFrame.new(0, 0, 0, 1, -1.43263918e-07, 5.94751874e-08, 7.37933519e-08, 0.102112539, -0.994772911, 1.36441898e-07, 0.994772911, 0.102112532),C1 = CFrame.new(0.00657653809, 0.00961112976, -0.375602722, -1, 5.19572074e-09, 1.41560378e-07, -5.30103073e-08, -0.940442145, -0.339954108, 1.31363024e-07, -0.339954078, 0.940442026),})
Cylinder = New("Part",stick,"Cylinder",{BrickColor = BrickColor.new("Medium red"),Material = Enum.Material.SmoothPlastic,Elasticity = 0,FormFactor = Enum.FormFactor.Symmetric,Size = Vector3.new(0.573660076, 0.415210366, 0.403559536),CFrame = CFrame.new(-52.4063644, -0.918055773, -64.5597687, 1, 7.37502148e-08, 1.13674943e-07, -1.25118021e-07, 0.180468008, 0.983581424, 5.20245607e-08, -0.983580709, 0.180468321),BackSurface = Enum.SurfaceType.Weld,BottomSurface = Enum.SurfaceType.Weld,FrontSurface = Enum.SurfaceType.Weld,LeftSurface = Enum.SurfaceType.Weld,RightSurface = Enum.SurfaceType.Weld,TopSurface = Enum.SurfaceType.Weld,Color = Color3.new(0.854902, 0.52549, 0.478431),})
Mesh = New("CylinderMesh",Cylinder,"Mesh",{})
mot = New("Weld",Cylinder,"mot",{Part0 = Cylinder,Part1 = Handle,C0 = CFrame.new(0, 0, 0, 1, -1.25118007e-07, 5.20245713e-08, 7.37501793e-08, 0.180468112, -0.983580828, 1.13674901e-07, 0.983580887, 0.180468127),C1 = CFrame.new(0.00657653809, 0.0819835663, -0.716625214, -1, 5.19572074e-09, 1.41560378e-07, -5.30103073e-08, -0.940442145, -0.339954108, 1.31363024e-07, -0.339954078, 0.940442026),})
Part = New("Part",stick,"Part",{BrickColor = BrickColor.new("Medium red"),Material = Enum.Material.SmoothPlastic,FormFactor = Enum.FormFactor.Symmetric,Size = Vector3.new(0.481908262, 0.792339683, 0.447224796),CFrame = CFrame.new(-52.4131393, -0.86076045, -64.75383, 1.42925757e-07, -1.52338089e-08, -1, 0.96649313, 0.256694794, 1.34226198e-07, 0.256695062, -0.966492474, 5.14116891e-08),BottomSurface = Enum.SurfaceType.Smooth,TopSurface = Enum.SurfaceType.Smooth,Color = Color3.new(0.854902, 0.52549, 0.478431),})
Mesh = New("SpecialMesh",Part,"Mesh",{MeshType = Enum.MeshType.Sphere,})
mot = New("Weld",Part,"mot",{Part0 = Part,Part1 = Handle,C0 = CFrame.new(0, 0, 0, 1.42925714e-07, 0.966492593, 0.256694853, -1.52338142e-08, 0.256694853, -0.966492593, -1, 1.3422617e-07, 5.1411682e-08),C1 = CFrame.new(0.0133514404, 0.0940723419, -0.918605804, -1, 5.19572074e-09, 1.41560378e-07, -5.30103073e-08, -0.940442145, -0.339954108, 1.31363024e-07, -0.339954078, 0.940442026),})
Part = New("Part",stick,"Part",{BrickColor = BrickColor.new("Medium red"),Material = Enum.Material.SmoothPlastic,FormFactor = Enum.FormFactor.Symmetric,Size = Vector3.new(0.562752306, 0.557891905, 0.503815591),CFrame = CFrame.new(-52.5141983, -1.0237819, -64.2095795, 3.25050387e-08, 8.14983707e-08, -1, 0.86712122, 0.498098373, 6.87799115e-08, 0.498098493, -0.867120445, -5.44782068e-08),BottomSurface = Enum.SurfaceType.Smooth,TopSurface = Enum.SurfaceType.Smooth,Color = Color3.new(0.854902, 0.52549, 0.478431),})
Mesh = New("SpecialMesh",Part,"Mesh",{MeshType = Enum.MeshType.Sphere,})
mot = New("Weld",Part,"mot",{Part0 = Part,Part1 = Handle,C0 = CFrame.new(0, 0, 0, 3.25050031e-08, 0.867120624, 0.498098314, 8.14983423e-08, 0.498098284, -0.867120624, -1, 6.877994e-08, -5.44782139e-08),C1 = CFrame.new(0.1144104, 0.0623626709, -0.351345062, -1, 5.19572074e-09, 1.41560378e-07, -5.30103073e-08, -0.940442145, -0.339954108, 1.31363024e-07, -0.339954078, 0.940442026),})
Part = New("Part",stick,"Part",{BrickColor = BrickColor.new("Medium red"),Material = Enum.Material.SmoothPlastic,FormFactor = Enum.FormFactor.Symmetric,Size = Vector3.new(0.473823845, 0.962112188, 0.463393569),CFrame = CFrame.new(-52.413147, -0.835066676, -64.8348236, 1.43280616e-07, -1.497272e-08, -1, 0.966491163, 0.256700933, 1.34635897e-07, 0.256701052, -0.966490805, 5.1251277e-08),BottomSurface = Enum.SurfaceType.Smooth,TopSurface = Enum.SurfaceType.Smooth,Color = Color3.new(0.854902, 0.52549, 0.478431),})
Mesh = New("SpecialMesh",Part,"Mesh",{MeshType = Enum.MeshType.Sphere,})
mot = New("Weld",Part,"mot",{Part0 = Part,Part1 = Handle,C0 = CFrame.new(0, 0, 0, 1.43280616e-07, 0.966490924, 0.256700963, -1.49727306e-08, 0.256700933, -0.966490865, -1, 1.34635883e-07, 5.12512806e-08),C1 = CFrame.new(0.0133590698, 0.097442627, -1.00350952, -1, 5.19572074e-09, 1.41560378e-07, -5.30103073e-08, -0.940442145, -0.339954108, 1.31363024e-07, -0.339954078, 0.940442026),})
Part = New("Part",stick,"Part",{BrickColor = BrickColor.new("Medium red"),Material = Enum.Material.SmoothPlastic,FormFactor = Enum.FormFactor.Symmetric,Size = Vector3.new(0.562752306, 0.557891846, 0.503815591),CFrame = CFrame.new(-52.2927055, -1.02378476, -64.2095566, 3.25050387e-08, 8.14983565e-08, -1, 0.86712122, 0.498098373, 6.87799044e-08, 0.498098493, -0.867120445, -5.44782068e-08),BottomSurface = Enum.SurfaceType.Smooth,TopSurface = Enum.SurfaceType.Smooth,Color = Color3.new(0.854902, 0.52549, 0.478431),})
Mesh = New("SpecialMesh",Part,"Mesh",{MeshType = Enum.MeshType.Sphere,})
mot = New("Weld",Part,"mot",{Part0 = Part,Part1 = Handle,C0 = CFrame.new(0, 0, 0, 3.25050031e-08, 0.867120624, 0.498098314, 8.14983352e-08, 0.498098284, -0.867120624, -1, 6.87799329e-08, -5.44782139e-08),C1 = CFrame.new(-0.107082367, 0.0623588562, -0.351325989, -1, 5.19572074e-09, 1.41560378e-07, -5.30103073e-08, -0.940442145, -0.339954108, 1.31363024e-07, -0.339954078, 0.940442026),})
Cylinder = New("Part",stick,"Cylinder",{BrickColor = BrickColor.new("Medium red"),Material = Enum.Material.SmoothPlastic,Elasticity = 0,FormFactor = Enum.FormFactor.Symmetric,Size = Vector3.new(0.573660076, 0.415210366, 0.403559506),CFrame = CFrame.new(-52.4063721, -0.977289438, -63.8654633, 1, 9.72142828e-08, 1.97462327e-07, -1.97246152e-07, -0.00221836567, 0.999998152, 9.7652034e-08, -0.999997556, -0.00221797824),BackSurface = Enum.SurfaceType.Weld,BottomSurface = Enum.SurfaceType.Weld,FrontSurface = Enum.SurfaceType.Weld,LeftSurface = Enum.SurfaceType.Weld,RightSurface = Enum.SurfaceType.Weld,TopSurface = Enum.SurfaceType.Weld,Color = Color3.new(0.854902, 0.52549, 0.478431),})
Mesh = New("CylinderMesh",Cylinder,"Mesh",{})
mot = New("Weld",Cylinder,"mot",{Part0 = Cylinder,Part1 = Handle,C0 = CFrame.new(0, 0, 0, 1, -1.97246123e-07, 9.76520553e-08, 9.721429e-08, -0.00221819268, -0.999997616, 1.97462271e-07, 0.999997616, -0.00221819268),C1 = CFrame.new(0.00658416748, -0.0983428955, -0.0435333252, -1, 5.19572074e-09, 1.41560378e-07, -5.30103073e-08, -0.940442145, -0.339954108, 1.31363024e-07, -0.339954078, 0.940442026),})
Hed = New("Part",stick,"Head",{BrickColor = BrickColor.new("Medium red"),Material = Enum.Material.SmoothPlastic,FormFactor = Enum.FormFactor.Symmetric,Size = Vector3.new(0.238436058, 0.452947468, 0.292766362),CFrame = CFrame.new(-52.3955574, -0.661489904, -65.3399582, 1.43709585e-07, -2.71950729e-09, -1, 0.940443993, 0.339950383, 1.34226198e-07, 0.339950591, -0.940443277, 5.14116891e-08),BottomSurface = Enum.SurfaceType.Smooth,TopSurface = Enum.SurfaceType.Smooth,Color = Color3.new(0.854902, 0.52549, 0.478431),})
Mesh = New("SpecialMesh",Hed,"Mesh",{MeshType = Enum.MeshType.Sphere,})
mot = New("Weld",Hed,"mot",{Part0 = Hed,Part1 = Handle,C0 = CFrame.new(0, 0, 0, 1.43709542e-07, 0.940443456, 0.339950383, -2.71951617e-09, 0.339950383, -0.940443456, -1, 1.3422617e-07, 5.1411682e-08),C1 = CFrame.new(-0.00423049927, 0.105926514, -1.53757095, -1, 5.19572074e-09, 1.41560378e-07, -5.30103073e-08, -0.940442145, -0.339954108, 1.31363024e-07, -0.339954078, 0.940442026),})
Hed = New("Part",stick,"Head",{BrickColor = BrickColor.new("Medium red"),Material = Enum.Material.SmoothPlastic,FormFactor = Enum.FormFactor.Symmetric,Size = Vector3.new(0.447249889, 0.236385569, 0.458311498),CFrame = CFrame.new(-52.4117279, -0.707950115, -65.3098984, 1.45332379e-07, -3.30588534e-09, -1, 0.940443039, 0.339952856, 1.35552881e-07, 0.339953035, -0.940442324, 5.25151336e-08),BottomSurface = Enum.SurfaceType.Smooth,TopSurface = Enum.SurfaceType.Smooth,Color = Color3.new(0.854902, 0.52549, 0.478431),})
Mesh = New("SpecialMesh",Hed,"Mesh",{MeshType = Enum.MeshType.Sphere,})
mot = New("Weld",Hed,"mot",{Part0 = Hed,Part1 = Handle,C0 = CFrame.new(0, 0, 0, 1.45332336e-07, 0.940442502, 0.339952856, -3.30589245e-09, 0.339952856, -0.940442502, -1, 1.35552852e-07, 5.25151371e-08),C1 = CFrame.new(0.0119400024, 0.139400482, -1.49350357, -1, 5.19572074e-09, 1.41560378e-07, -5.30103073e-08, -0.940442145, -0.339954108, 1.31363024e-07, -0.339954078, 0.940442026),})
Hed = New("Part",stick,"Head",{BrickColor = BrickColor.new("Medium red"),Material = Enum.Material.SmoothPlastic,FormFactor = Enum.FormFactor.Symmetric,Size = Vector3.new(0.432461828, 0.420609802, 0.405948073),CFrame = CFrame.new(-52.4117355, -0.706424892, -65.3218307, 1.43469521e-07, -7.03121827e-09, -1, 0.940444231, 0.339950025, 1.32534737e-07, 0.339950174, -0.940443397, 5.53849375e-08),BottomSurface = Enum.SurfaceType.Smooth,TopSurface = Enum.SurfaceType.Smooth,Color = Color3.new(0.854902, 0.52549, 0.478431),})
Mesh = New("SpecialMesh",Hed,"Mesh",{MeshType = Enum.MeshType.Sphere,})
mot = New("Weld",Hed,"mot",{Part0 = Hed,Part1 = Handle,C0 = CFrame.new(0, 0, 0, 1.43469492e-07, 0.940443575, 0.339949965, -7.03122316e-09, 0.339949995, -0.940443516, -1, 1.32534709e-07, 5.53849269e-08),C1 = CFrame.new(0.0119476318, 0.142023087, -1.50524521, -1, 5.19572074e-09, 1.41560378e-07, -5.30103073e-08, -0.940442145, -0.339954108, 1.31363024e-07, -0.339954078, 0.940442026),})
Tail = New("Part",Torso,"Tail",{CanCollide = false,BrickColor = BrickColor.new("Pearl"),Material = Enum.Material.SmoothPlastic,FormFactor = Enum.FormFactor.Custom,Size = Vector3.new(0.200000003, 0.200000003, 0.200000003),CFrame = CFrame.new(-9.66550397e-06, -1.50999641, 1.50000012, 1.00000012, 6.0107559e-06, 1.68714465e-08, -6.01354986e-06, 1, -5.98845418e-11, -1.6657026e-08, 2.29050556e-10, 1.00000024),CanCollide = false,BottomSurface = Enum.SurfaceType.Smooth,TopSurface = Enum.SurfaceType.Smooth,Color = Color3.new(0.905882, 0.905882, 0.92549),})
Mesh = New("SpecialMesh",Tail,"Mesh",{MeshId = "rbxassetid://791316026",MeshType = Enum.MeshType.FileMesh,})
mot = New("Weld",Tail,"mot",{Part0 = Tail,Part1 = Torso,C0 = CFrame.new(0, 0, 0, 1.00000012, -6.01354986e-06, -1.6657026e-08, 6.0107559e-06, 1, 2.29050556e-10, 1.68714482e-08, -5.98845418e-11, 1.00000024),C1 = CFrame.new(-9.62266495e-06, -1.52713847, 1.50000012, 1, 3.34760534e-22, 2.85593913e-08, -3.34760534e-22, 1, 3.61317985e-22, -2.85593913e-08, -3.61317985e-22, 1),})
Hair = New("Part",Head,"Hair",{CanCollide = false,BrickColor = BrickColor.new("Institutional white"),Material = Enum.Material.SmoothPlastic,FormFactor = Enum.FormFactor.Custom,Size = Vector3.new(1.99999928, 1.79999995, 2.00000024),CFrame = CFrame.new(-0.107289195, 1.59000361, 0.123101406, 1, -7.87137555e-09, 0, 7.87137555e-09, 1, 4.14441839e-16, 0, -4.14441839e-16, 1),CanCollide = false,Locked = true,BottomSurface = Enum.SurfaceType.Smooth,TopSurface = Enum.SurfaceType.Smooth,Color = Color3.new(0.972549, 0.972549, 0.972549),})
Mesh = New("SpecialMesh",Hair,"Mesh",{MeshId = "http://www.roblox.com/asset/?id=76056263",MeshType = Enum.MeshType.FileMesh,})
mot = New("Weld",Hair,"mot",{Part0 = Hair,Part1 = Head,C0 = CFrame.new(0, 0, 0, 1, 7.87137555e-09, -1.40367928e-22, -7.87137555e-09, 1, -4.14441839e-16, 1.37105691e-22, 4.14441839e-16, 1),C1 = CFrame.new(-0.107289195, 0.100000024, 0.123101406, 1, 3.34760534e-22, 2.85593913e-08, -3.34760534e-22, 1, 3.61317985e-22, -2.85593913e-08, -3.61317985e-22, 1),})
Hai = New("Part",Head,"Hai",{BrickColor = BrickColor.new("Institutional white"),FormFactor = Enum.FormFactor.Symmetric,Size = Vector3.new(1, 1, 1),CFrame = CFrame.new(34.0999985, 2.82998228, 4.67002439, 1, -2.36356074e-14, 5.68434189e-13, -1.52967916e-14, 1, -6.85453415e-07, -3.41060513e-13, 6.85453415e-07, 1),CanCollide = false,BottomSurface = Enum.SurfaceType.Smooth,TopSurface = Enum.SurfaceType.Smooth,Color = Color3.new(0.972549, 0.972549, 0.972549),})
Mesh = New("SpecialMesh",Hai,"Mesh",{MeshId = "http://www.roblox.com/asset/?id=29713297",MeshType = Enum.MeshType.FileMesh,})
mot = New("Motor",Hai,"mot",{Part0 = Hai,Part1 = Head,C0 = CFrame.new(0, 0, 0, 1, 0, -4.69846384e-13, 0, 1, 6.85453415e-07, 4.69846384e-13, -6.85453415e-07, 1),C1 = CFrame.new(0, -0.670003653, 0.100008488, 1, -4.89879199e-07, 1.83657846e-06, 4.89866977e-07, 1, 6.64606296e-06, -1.83658165e-06, -6.64606205e-06, 1),})


Ear = New("Part",Head,"Ear",{CanCollide = false,BrickColor = BrickColor.new("Institutional white"),FormFactor = Enum.FormFactor.Custom,Size = Vector3.new(1.25000024, 1.12999988, 1.1400001),CFrame = CFrame.new(-0.0324185491, 2.25540423, -0.0468983799, 0.999999583, 0.000551767822, 1.78813934e-07, -0.000551768171, 1.00000012, 6.41149311e-09, -2.98023224e-07, -6.60850841e-09, 1.00000012),BottomSurface = Enum.SurfaceType.Smooth,TopSurface = Enum.SurfaceType.Smooth,Color = Color3.new(0.972549, 0.972549, 0.972549),})
Mesh = New("SpecialMesh",Ear,"Mesh",{Scale = Vector3.new(0.5, 0.5, 0.5),MeshId = "http://www.roblox.com/asset/?id=361948302",MeshType = Enum.MeshType.FileMesh,})
mot = New("Weld",Ear,"mot",{Part0 = Ear,Part1 = Head,C0 = CFrame.new(0, 0, 0, 0.999999583, -0.000551768171, -2.98023224e-07, 0.000551767822, 1.00000012, -6.60850841e-09, 1.78813934e-07, 6.41149311e-09, 1.00000012),C1 = CFrame.new(-0.0324185491, 0.765400648, -0.0468983799, 1, 3.34760534e-22, 2.85593913e-08, -3.34760534e-22, 1, 3.61317985e-22, -2.85593913e-08, -3.61317985e-22, 1),})
Ear1 = New("Part",Head,"Ear1",{BrickColor = BrickColor.new("Mauve"),Size = Vector3.new(1.25000024, 1.12999988, 1.1400001),CFrame = CFrame.new(-0.0324185491, 2.25659275, 0.128099546, 0.999999583, 0.000551767822, 2.07373333e-07, -0.000549707911, 0.99631691, -0.0857504234, -4.76397254e-05, 0.0857504234, 0.99631691),CanCollide = false,BottomSurface = Enum.SurfaceType.Smooth,TopSurface = Enum.SurfaceType.Smooth,Color = Color3.new(0.878431, 0.698039, 0.815686),})
Mesh = New("SpecialMesh",Ear1,"Mesh",{Scale = Vector3.new(0.45, 0.5, 0.5),MeshId = "http://www.roblox.com/asset/?id=361948302",MeshType = Enum.MeshType.FileMesh,})
mot = New("Weld",Ear1,"mot",{Part0 = Ear1,Part1 = Head,C0 = CFrame.new(0, .1, .04, 0.999999583, -0.000549707853, -4.76397254e-05, 0.000551767822, 0.996316791, 0.0857504085, 2.07373333e-07, -0.0857504085, 0.996316791),C1 = CFrame.new(-0.0324185491, 0.770545959, 0.0128805935, 1, 2.00669642e-22, -3.61391696e-21, 1.09964345e-22, 0.996316671, 0.0857504085, 3.61781335e-21, -0.0857504085, 0.996316671),})

C11 = New("Part",LeftArm,"C1",{CanCollide = false,BrickColor = BrickColor.new("Pastel light blue"),Reflectance = 0.40000000596046,FormFactor = Enum.FormFactor.Plate,Size = Vector3.new(0.300000012, 0.800000012, 2),CFrame = CFrame.new(9.60000038, -1.60000706, 11.3599987, -1.43024124e-07, 1.0000093, -5.42291332e-07, -1.51331847e-07, -3.99267464e-07, -1.00000703, -1.00000548, -1.43023485e-07, 2.23470124e-07),BottomSurface = Enum.SurfaceType.Smooth,TopSurface = Enum.SurfaceType.Smooth,Color = Color3.new(0.686275, 0.866667, 1),})
Mesh11 = New("SpecialMesh",C11,"Mesh",{MeshId = "http://www.roblox.com/asset/?id=10681506",TextureId = "http://www.roblox.com/asset/?id=10681501",MeshType = Enum.MeshType.FileMesh,})
moter11 = New("Weld",C11,"mot",{Part0 = LeftArm,Part1 = C11,})--C0 = CFrame.new(0, 0, 0, -5.21534275e-07, 6.73523664e-06, -1, 1, -8.34451669e-07, -5.2153905e-07, -8.34455193e-07, -1, -6.73523618e-06),C1 = CFrame.new(1.1920929e-07, -1.70000935, -0.440010071, 1.00000238, -4.33996348e-07, 1.93715437e-07, 4.1536984e-07, 1.00000048, 6.82473183e-06, 3.53902919e-07, -6.88433647e-06, 1.00000775),})
C22 = New("Part",RightArm,"C2",{CanCollide = false,BrickColor = BrickColor.new("Pastel light blue"),Reflectance = 0.40000000596046,FormFactor = Enum.FormFactor.Plate,Size = Vector3.new(0.300000012, 0.800000012, 2),CFrame = CFrame.new(9.60000038, -1.60000706, 11.3599987, -1.43024124e-07, 1.0000093, -5.42291332e-07, -1.51331847e-07, -3.99267464e-07, -1.00000703, -1.00000548, -1.43023485e-07, 2.23470124e-07),BottomSurface = Enum.SurfaceType.Smooth,TopSurface = Enum.SurfaceType.Smooth,Color = Color3.new(0.686275, 0.866667, 1),})
Mesh22 = New("SpecialMesh",C22,"Mesh",{MeshId = "http://www.roblox.com/asset/?id=10681506",TextureId = "http://www.roblox.com/asset/?id=10681501",MeshType = Enum.MeshType.FileMesh,})
moter22 = New("Weld",C22,"mot",{Part0 = RightArm,Part1 = C22,})--C0 = CFrame.new(0, 0, 0, -5.21534275e-07, 6.73523664e-06, -1, 1, -8.34451669e-07, -5.2153905e-07, -8.34455193e-07, -1, -6.73523618e-06),C1 = CFrame.new(1.1920929e-07, -1.70000935, -0.440010071, 1.00000238, -4.33996348e-07, 1.93715437e-07, 4.1536984e-07, 1.00000048, 6.82473183e-06, 3.53902919e-07, -6.88433647e-06, 1.00000775),})
moter11.C0 = CFrame.new(-5.05206827e-08, -1.14691529e-05, -0.0400012247, -1.26287864e-06, 1.00000238, -3.81837765e-07, -2.99360181e-08, -4.00461374e-07, -1.00000048, -1.00000775, -7.15255965e-07, 8.94929144e-08)
moter22.C0 = CFrame.new(-5.05206827e-08, -1.14691529e-05, -0.0400012247, -1.26287864e-06, 1.00000238, -3.81837765e-07, -2.99360181e-08, -4.00461374e-07, -1.00000048, -1.00000775, -7.15255965e-07, 8.94929144e-08)
Mesh11.Scale = Vector3.new(1,1,.2)
Mesh22.Scale = Vector3.new(1,1,.2)

Milk = New("Model",Torso,"Milk",{})
LeftTip = New("Part",Milk,"Left Bump Tip",{BrickColor = BrickColor.new("Medium red"),Material = Enum.Material.SmoothPlastic,FormFactor = Enum.FormFactor.Symmetric,Shape = Enum.PartType.Ball,Size = Vector3.new(2, 2.00000024, 2.00000024),CFrame = CFrame.new(40.114666, 0.400974065, -1.34042966, -0.0136929303, 0.0188778769, -0.999728203, 0.00231057359, -0.999818683, -0.0189112332, -0.99990356, -0.00256889523, 0.0136468112),BottomSurface = Enum.SurfaceType.Smooth,TopSurface = Enum.SurfaceType.Smooth,Color = Color3.new(0.854902, 0.52549, 0.478431),})
Mesh = New("SpecialMesh",LeftTip,"Mesh",{Scale = Vector3.new(0.199999928, 0.199999928, 0.199999928),MeshType = Enum.MeshType.Sphere,})
mot = New("Motor",LeftTip,"mot",{Part0 = LeftTip,Part1 = Torso,C0 = CFrame.new(0, 0, 0, -0.0136929303, 0.00231057359, -0.99990356, 0.0188778769, -0.999818683, -0.00256889523, -0.999728203, -0.0189112332, 0.0136468112),C1 = CFrame.new(-0.685337067, 0.400954008, -0.810440779, 1, -4.71251241e-07, 1.28895817e-06, 4.712426e-07, 1, 6.70561803e-06, -1.28896136e-06, -6.70561758e-06, 1),})
Big = New("Part",Milk,"Bigga",{BrickColor = BrickColor.new("Institutional white"),Material = Enum.Material.SmoothPlastic,FormFactor = Enum.FormFactor.Symmetric,Shape = Enum.PartType.Ball,Size = Vector3.new(1, 1.00000012, 1.00000012),CFrame = CFrame.new(40.2831955, 0.405953944, -0.919200182, -0.999724925, 0.018915711, 0.013881512, -0.0189493317, -0.999817967, -0.00229446031, 0.0138355643, -0.00255687325, 0.999901175),BottomSurface = Enum.SurfaceType.Smooth,TopSurface = Enum.SurfaceType.Smooth,Color = Color3.new(0.972549, 0.972549, 0.972549),})
Mesh = New("SpecialMesh",Big,"Mesh",{Scale = Vector3.new(1.10000002, 1.10000002, 1.10000002),MeshType = Enum.MeshType.Sphere,})
mot = New("Motor",Big,"mot",{Part0 = Big,Part1 = Torso,C0 = CFrame.new(0, 0, 0, -0.999724925, -0.0189493317, 0.0138355643, 0.018915711, -0.999817967, -0.00255687325, 0.013881512, -0.00229446031, 0.999901175),C1 = CFrame.new(-0.516807556, 0.405936778, -0.389211595, 1, -4.71251241e-07, 1.28895817e-06, 4.712426e-07, 1, 6.70561803e-06, -1.28896136e-06, -6.70561758e-06, 1),})
Big = New("Part",Milk,"Bigga",{BrickColor = BrickColor.new("Institutional white"),Material = Enum.Material.SmoothPlastic,FormFactor = Enum.FormFactor.Symmetric,Shape = Enum.PartType.Ball,Size = Vector3.new(1, 1.00000012, 1.00000012),CFrame = CFrame.new(41.2824554, 0.42572841, -0.948771834, -0.999722004, 0.0190666858, 0.0138863847, -0.0191003699, -0.999815047, -0.00229704427, 0.0138400048, -0.00256163999, 0.999901056),BottomSurface = Enum.SurfaceType.Smooth,TopSurface = Enum.SurfaceType.Smooth,Color = Color3.new(0.972549, 0.972549, 0.972549),})
Mesh = New("SpecialMesh",Big,"Mesh",{Scale = Vector3.new(1.10000002, 1.10000002, 1.10000002),MeshType = Enum.MeshType.Sphere,})
mot = New("Motor",Big,"mot",{Part0 = Big,Part1 = Torso,C0 = CFrame.new(0, 0, 0, -0.999722004, -0.0191003699, 0.0138400048, 0.0190666858, -0.999815047, -0.00256163999, 0.0138863847, -0.00229704427, 0.999901056),C1 = CFrame.new(0.482452393, 0.425711542, -0.418784678, 1, -4.71251241e-07, 1.28895817e-06, 4.712426e-07, 1, 6.70561803e-06, -1.28896136e-06, -6.70561758e-06, 1),})
LeftTip = New("Part",Milk,"Left Bump Tip",{BrickColor = BrickColor.new("Medium red"),Material = Enum.Material.SmoothPlastic,FormFactor = Enum.FormFactor.Symmetric,Shape = Enum.PartType.Ball,Size = Vector3.new(2, 2.00000024, 2.00000024),CFrame = CFrame.new(41.3635826, 0.425968498, -1.38403642, -0.0136998966, 0.0190271325, -0.999725401, 0.0023103063, -0.999815822, -0.0190605167, -0.9999035, -0.00257079722, 0.0136533827),BottomSurface = Enum.SurfaceType.Smooth,TopSurface = Enum.SurfaceType.Smooth,Color = Color3.new(0.854902, 0.52549, 0.478431),})
Mesh = New("SpecialMesh",LeftTip,"Mesh",{Scale = Vector3.new(0.199999928, 0.199999928, 0.199999928),MeshType = Enum.MeshType.Sphere,})
mot = New("Motor",LeftTip,"mot",{Part0 = LeftTip,Part1 = Torso,C0 = CFrame.new(0, 0, 0, -0.0136998966, 0.0023103063, -0.9999035, 0.0190271325, -0.999815822, -0.00257079722, -0.999725401, -0.0190605167, 0.0136533827),C1 = CFrame.new(0.563579559, 0.425948739, -0.854049325, 1, -4.71251241e-07, 1.28895817e-06, 4.712426e-07, 1, 6.70561803e-06, -1.28896136e-06, -6.70561758e-06, 1),})
LeftTip2 = New("Part",Milk,"Left Bump Tip2",{BrickColor = BrickColor.new("Medium red"),Material = Enum.Material.SmoothPlastic,FormFactor = Enum.FormFactor.Symmetric,Shape = Enum.PartType.Ball,Size = Vector3.new(1, 1.00000012, 1.00000012),CFrame = CFrame.new(40.0788956, 0.411017627, -1.47115374, -0.0136929303, 0.0188778769, -0.999728203, 0.00231057359, -0.999818683, -0.0189112332, -0.99990356, -0.00256889523, 0.0136468112),BottomSurface = Enum.SurfaceType.Smooth,TopSurface = Enum.SurfaceType.Smooth,Color = Color3.new(0.854902, 0.52549, 0.478431),})
Mesh = New("SpecialMesh",LeftTip2,"Mesh",{Scale = Vector3.new(0.199999928, 0.199999928, 0.199999928),MeshType = Enum.MeshType.Sphere,})
mot = New("Motor",LeftTip2,"mot",{Part0 = LeftTip2,Part1 = Torso,C0 = CFrame.new(0, 0, 0, -0.0136929303, 0.00231057359, -0.99990356, 0.0188778769, -0.999818683, -0.00256889523, -0.999728203, -0.0189112332, 0.0136468112),C1 = CFrame.new(-0.721107483, 0.410996675, -0.94116497, 1, -4.71251241e-07, 1.28895817e-06, 4.712426e-07, 1, 6.70561803e-06, -1.28896136e-06, -6.70561758e-06, 1),})
LeftTip2 = New("Part",Milk,"Left Bump Tip2",{BrickColor = BrickColor.new("Medium red"),Material = Enum.Material.SmoothPlastic,FormFactor = Enum.FormFactor.Symmetric,Shape = Enum.PartType.Ball,Size = Vector3.new(1, 1.00000012, 1.00000012),CFrame = CFrame.new(41.3674202, 0.437439501, -1.51978374, -0.0136998966, 0.0190271325, -0.999725401, 0.0023103063, -0.999815822, -0.0190605167, -0.9999035, -0.00257079722, 0.0136533827),BottomSurface = Enum.SurfaceType.Smooth,TopSurface = Enum.SurfaceType.Smooth,Color = Color3.new(0.854902, 0.52549, 0.478431),})
Mesh = New("SpecialMesh",LeftTip2,"Mesh",{Scale = Vector3.new(0.199999928, 0.199999928, 0.199999928),MeshType = Enum.MeshType.Sphere,})
mot = New("Motor",LeftTip2,"mot",{Part0 = LeftTip2,Part1 = Torso,C0 = CFrame.new(0, 0, 0, -0.0136998966, 0.0023103063, -0.9999035, 0.0190271325, -0.999815822, -0.00257079722, -0.999725401, -0.0190605167, 0.0136533827),C1 = CFrame.new(0.567417145, 0.437418818, -0.989796638, 1, -4.71251241e-07, 1.28895817e-06, 4.712426e-07, 1, 6.70561803e-06, -1.28896136e-06, -6.70561758e-06, 1),})
Biggi = New("Model",Torso,"Biggi",{})
Big = New("Part",Biggi,"Big",{BrickColor = BrickColor.new("Institutional white"),Material = Enum.Material.SmoothPlastic,FormFactor = Enum.FormFactor.Symmetric,Shape = Enum.PartType.Ball,Size = Vector3.new(1, 1, 1),CFrame = CFrame.new(40.4152794, -1.12894881, -0.274417549, 0.999920189, 0.00907055568, -0.00880296342, -0.00933101866, 0.999506056, -0.0300123841, 0.00852638669, 0.0300921276, 0.999510765),CanCollide = false,BottomSurface = Enum.SurfaceType.Smooth,TopSurface = Enum.SurfaceType.Smooth,Color = Color3.new(0.972549, 0.972549, 0.972549),})
Mesh = New("SpecialMesh",Big,"Mesh",{Scale = Vector3.new(1.29999995, 1.29999995, 1.29999995),MeshType = Enum.MeshType.Sphere,})
mot = New("Motor",Big,"mot",{Part0 = Big,Part1 = Torso,C0 = CFrame.new(0, 0, 0, 0.999920189, -0.00933101866, 0.00852638669, 0.00907055568, 0.999506056, 0.0300921276, -0.00880296342, -0.0300123841, 0.999510765),C1 = CFrame.new(-0.384723663, -1.12896168, 0.2555812, 1, -4.71251241e-07, 1.28895817e-06, 4.712426e-07, 1, 6.70561803e-06, -1.28896136e-06, -6.70561758e-06, 1),})
Big = New("Part",Biggi,"Big",{BrickColor = BrickColor.new("Institutional white"),Material = Enum.Material.SmoothPlastic,FormFactor = Enum.FormFactor.Symmetric,Shape = Enum.PartType.Ball,Size = Vector3.new(1, 1, 1),CFrame = CFrame.new(41.1935043, -1.13351357, -0.261145979, 0.999920249, 0.00906764995, -0.00879980437, -0.00932799838, 0.999506176, -0.0300100688, 0.00852333754, 0.0300897602, 0.999510884),CanCollide = false,BottomSurface = Enum.SurfaceType.Smooth,TopSurface = Enum.SurfaceType.Smooth,Color = Color3.new(0.972549, 0.972549, 0.972549),})
Mesh = New("SpecialMesh",Big,"Mesh",{Scale = Vector3.new(1.29999995, 1.29999995, 1.29999995),MeshType = Enum.MeshType.Sphere,})
mot = New("Motor",Big,"mot",{Part0 = Big,Part1 = Torso,C0 = CFrame.new(0, 0, 0, 0.999920249, -0.00932799838, 0.00852333754, 0.00906764995, 0.999506176, 0.0300897602, -0.00879980437, -0.0300100688, 0.999510884),C1 = CFrame.new(0.393501282, -1.13352585, 0.268851787, 1, -4.71251241e-07, 1.28895817e-06, 4.712426e-07, 1, 6.70561803e-06, -1.28896136e-06, -6.70561758e-06, 1),})
Skin = New("Part",Biggi,"Skin",{BrickColor = BrickColor.new("Institutional white"),Material = Enum.Material.SmoothPlastic,FormFactor = Enum.FormFactor.Custom,Size = Vector3.new(1, 2, 1),CFrame = CFrame.new(40.8188591, -1.02169108, -0.559848845, 0.00901293196, -0.999920666, -0.00880302396, 0.999506652, 0.00927339587, -0.0300097354, 0.0300889891, -0.0085282037, 0.999510884),CanCollide = false,BottomSurface = Enum.SurfaceType.Smooth,TopSurface = Enum.SurfaceType.Smooth,Color = Color3.new(0.972549, 0.972549, 0.972549),})
Mesh = New("SpecialMesh",Skin,"Mesh",{Scale = Vector3.new(0.899999976, 0.400000006, 0.899999976),MeshType = Enum.MeshType.Sphere,})
mot = New("Motor",Skin,"mot",{Part0 = Skin,Part1 = Torso,C0 = CFrame.new(0, 0, 0, 0.00901293196, 0.999506652, 0.0300889891, -0.999920666, 0.00927339587, -0.0085282037, -0.00880302396, -0.0300097354, 0.999510884),C1 = CFrame.new(0.0188560486, -1.02170563, -0.0298513174, 1, -4.71251241e-07, 1.28895817e-06, 4.712426e-07, 1, 6.70561803e-06, -1.28896136e-06, -6.70561758e-06, 1),})
Vg = New("Part",Biggi,"Vg",{BrickColor = BrickColor.new("Medium red"),Material = Enum.Material.SmoothPlastic,FormFactor = Enum.FormFactor.Custom,Size = Vector3.new(1, 2, 1),CFrame = CFrame.new(40.8188591, -1.02169108, -0.559848845, 0.00901293196, -0.999920666, -0.00880302396, 0.999506652, 0.00927339587, -0.0300097354, 0.0300889891, -0.0085282037, 0.999510884),CanCollide = false,BottomSurface = Enum.SurfaceType.Smooth,TopSurface = Enum.SurfaceType.Smooth,Color = Color3.new(0.854902, 0.52549, 0.478431),})
Mesh = New("SpecialMesh",Vg,"Mesh",{Scale = Vector3.new(0.910000026, 0.300000012, 0.910000026),MeshType = Enum.MeshType.Sphere,})
