Player=game:GetService("Players").LocalPlayer
Character=Player.Character 
PlayerGui=Player.PlayerGui
Backpack=Player.Backpack 
Torso=Character.Torso 
Head=Character.Head 
Humanoid=Character.Humanoid
m=Instance.new('Model',Character)
LeftArm=Character["Left Arm"] 
LeftLeg=Character["Left Leg"] 
RightArm=Character["Right Arm"] 
RightLeg=Character["Right Leg"] 
LS=Torso["Left Shoulder"] 
LH=Torso["Left Hip"] 
RS=Torso["Right Shoulder"] 
RH=Torso["Right Hip"] 
Face = Head.face
Neck=Torso.Neck
it=Instance.new
attacktype=1
vt=Vector3.new
cf=CFrame.new
euler=CFrame.fromEulerAnglesXYZ
angles=CFrame.Angles
cloaked=false
necko=cf(0, 1, 0, -1, -0, -0, 0, 0, 1, 0, 1, 0)
necko2=cf(0, -0.5, 0, -1, -0, -0, 0, 0, 1, 0, 1, 0)
LHC0=cf(-1,-1,0,-0,-0,-1,0,1,0,1,0,0)
LHC1=cf(-0.5,1,0,-0,-0,-1,0,1,0,1,0,0)
RHC0=cf(1,-1,0,0,0,1,0,1,0,-1,-0,-0)
RHC1=cf(0.5,1,0,0,0,1,0,1,0,-1,-0,-0)
RootPart=Character.HumanoidRootPart
RootJoint=RootPart.RootJoint
RootCF=euler(-1.57,0,3.14)
attack = false 
attackdebounce = false 
deb=false
equipped=true
hand=false
MMouse=nil
combo=0
mana=0
trispeed=.2
attackmode='none'
local idle=0
local Anim="Idle"
local Effects={}
local gun=false
local shoot=false
player=nil 
mana=0

mouse=Player:GetMouse()
--save shoulders 
RSH, LSH=nil, nil 
--welds 
RW, LW=Instance.new("Weld"), Instance.new("Weld") 
RW.Name="Right Shoulder" LW.Name="Left Shoulder"
LH=Torso["Left Hip"]
RH=Torso["Right Hip"]
TorsoColor=Torso.BrickColor
function NoOutline(Part)
Part.TopSurface,Part.BottomSurface,Part.LeftSurface,Part.RightSurface,Part.FrontSurface,Part.BackSurface = 10,10,10,10,10,10
end
player=Player 
ch=Character
RSH=ch.Torso["Right Shoulder"] 
LSH=ch.Torso["Left Shoulder"] 
-- 
RSH.Parent=nil 
LSH.Parent=nil 
-- 
RW.Name="Right Shoulder"
RW.Part0=ch.Torso 
RW.C0=cf(1.5, 0.5, 0) --* CFrame.fromEulerAnglesXYZ(1.3, 0, -0.5) 
RW.C1=cf(0, 0.5, 0) 
RW.Part1=ch["Right Arm"] 
RW.Parent=ch.Torso 
-- 
LW.Name="Left Shoulder"
LW.Part0=ch.Torso 
LW.C0=cf(-1.5, 0.5, 0) --* CFrame.fromEulerAnglesXYZ(1.7, 0, 0.8) 
LW.C1=cf(0, 0.5, 0) 
LW.Part1=ch["Left Arm"] 
LW.Parent=ch.Torso 

    Player=game:GetService('Players').LocalPlayer
    Character=Player.Character
    Mouse=Player:GetMouse()
    m=Instance.new('Model',Character)


    local function weldBetween(a, b)
        local weldd = Instance.new("ManualWeld")
        weldd.Part0 = a
        weldd.Part1 = b
        weldd.C0 = CFrame.new()
        weldd.C1 = b.CFrame:inverse() * a.CFrame
        weldd.Parent = a
        return weldd
    end
    
    it=Instance.new
    
    function nooutline(part)
        part.TopSurface,part.BottomSurface,part.LeftSurface,part.RightSurface,part.FrontSurface,part.BackSurface = 10,10,10,10,10,10
    end
    
    function part(formfactor,parent,material,reflectance,transparency,brickcolor,name,size)
        local fp=it("Part")
        fp.formFactor=formfactor
        fp.Parent=parent
        fp.Reflectance=reflectance
        fp.Transparency=transparency
        fp.CanCollide=false
        fp.Locked=true
        fp.BrickColor=BrickColor.new(tostring(brickcolor))
        fp.Name=name
        fp.Size=size
        fp.Position=Character.Torso.Position
        nooutline(fp)
        fp.Material=material
        fp:BreakJoints()
        return fp
    end
    
    function mesh(Mesh,part,meshtype,meshid,offset,scale)
        local mesh=it(Mesh)
        mesh.Parent=part
        if Mesh=="SpecialMesh" then
            mesh.MeshType=meshtype
            mesh.MeshId=meshid
        end
        mesh.Offset=offset
        mesh.Scale=scale
        return mesh
    end
    
    function weld(parent,part0,part1,c0,c1)
        local weld=it("Weld")
        weld.Parent=parent
        weld.Part0=part0
        weld.Part1=part1
        weld.C0=c0
        weld.C1=c1
        return weld
    end    


    Player=game:GetService('Players').LocalPlayer
    Character=Player.Character
    Mouse=Player:GetMouse()
    m=Instance.new('Model',Character)


    local function weldBetween(a, b)
        local weldd = Instance.new("ManualWeld")
        weldd.Part0 = a
        weldd.Part1 = b
        weldd.C0 = CFrame.new()
        weldd.C1 = b.CFrame:inverse() * a.CFrame
        weldd.Parent = a
        return weldd
    end
    
    it=Instance.new
    
    function nooutline(part)
        part.TopSurface,part.BottomSurface,part.LeftSurface,part.RightSurface,part.FrontSurface,part.BackSurface = 10,10,10,10,10,10
    end
    
    function part(formfactor,parent,material,reflectance,transparency,brickcolor,name,size)
        local fp=it("Part")
        fp.formFactor=formfactor
        fp.Parent=parent
        fp.Reflectance=reflectance
        fp.Transparency=transparency
        fp.CanCollide=false
        fp.Locked=true
        fp.BrickColor=BrickColor.new(tostring(brickcolor))
        fp.Name=name
        fp.Size=size
        fp.Position=Character.Torso.Position
        nooutline(fp)
        fp.Material=material
        fp:BreakJoints()
        return fp
    end
    
    function swait(num)
    if num==0 or num==nil then
    game:service'RunService'.Stepped:wait(0)
    else
    for i=0,num do
    game:service'RunService'.Stepped:wait(0)
    end
    end
    end
    
    function mesh(Mesh,part,meshtype,meshid,offset,scale)
        local mesh=it(Mesh)
        mesh.Parent=part
        if Mesh=="SpecialMesh" then
            mesh.MeshType=meshtype
            mesh.MeshId=meshid
        end
        mesh.Offset=offset
        mesh.Scale=scale
        return mesh
    end
    
    function weld(parent,part0,part1,c0,c1)
        local weld=it("Weld")
        weld.Parent=parent
        weld.Part0=part0
        weld.Part1=part1
        weld.C0=c0
        weld.C1=c1
        return weld
    end
    
    
local function CFrameFromTopBack(at, top, back)
local right = top:Cross(back)
return CFrame.new(at.x, at.y, at.z,
right.x, top.x, back.x,
right.y, top.y, back.y,
right.z, top.z, back.z)
end

function Triangle(a, b, c)
local edg1 = (c-a):Dot((b-a).unit)
local edg2 = (a-b):Dot((c-b).unit)
local edg3 = (b-c):Dot((a-c).unit)
if edg1 <= (b-a).magnitude and edg1 >= 0 then
a, b, c = a, b, c
elseif edg2 <= (c-b).magnitude and edg2 >= 0 then
a, b, c = b, c, a
elseif edg3 <= (a-c).magnitude and edg3 >= 0 then
a, b, c = c, a, b
else
assert(false, "unreachable")
end
 
local len1 = (c-a):Dot((b-a).unit)
local len2 = (b-a).magnitude - len1
local width = (a + (b-a).unit*len1 - c).magnitude
 
local maincf = CFrameFromTopBack(a, (b-a):Cross(c-b).unit, -(b-a).unit)
 
local list = {}

local Color = BrickColor.new("Dark grey")
 
if len1 > 0.01 then
local w1 = Instance.new('WedgePart', m)
game:GetService("Debris"):AddItem(w1,5)
w1.Material = "SmoothPlastic"
w1.FormFactor = 'Custom'
w1.BrickColor = BrickColor.new(Color)
w1.Transparency = 0
w1.Reflectance = 0
w1.Material = "SmoothPlastic"
w1.CanCollide = false
NoOutline(w1)
local sz = Vector3.new(0.2, width, len1)
w1.Size = sz
local sp = Instance.new("SpecialMesh",w1)
sp.MeshType = "Wedge"
sp.Scale = Vector3.new(0,1,1) * sz/w1.Size
w1:BreakJoints()
w1.Anchored = true
w1.Parent = workspace
w1.Transparency = 0.7
table.insert(Effects,{w1,"Disappear",.01})
w1.CFrame = maincf*CFrame.Angles(math.pi,0,math.pi/2)*CFrame.new(0,width/2,len1/2)
table.insert(list,w1)
end
 
if len2 > 0.01 then
local w2 = Instance.new('WedgePart', m)
game:GetService("Debris"):AddItem(w2,5)
w2.Material = "SmoothPlastic"
w2.FormFactor = 'Custom'
w2.BrickColor = BrickColor.new(Color)
w2.Transparency = 0
w2.Reflectance = 0
w2.Material = "SmoothPlastic"
w2.CanCollide = false
NoOutline(w2)
local sz = Vector3.new(0.2, width, len2)
w2.Size = sz
local sp = Instance.new("SpecialMesh",w2)
sp.MeshType = "Wedge"
sp.Scale = Vector3.new(0,1,1) * sz/w2.Size
w2:BreakJoints()
w2.Anchored = true
w2.Parent = workspace
w2.Transparency = 0.7
table.insert(Effects,{w2,"Disappear",.01})
w2.CFrame = maincf*CFrame.Angles(math.pi,math.pi,-math.pi/2)*CFrame.new(0,width/2,-len1 - len2/2)
table.insert(list,w2)
end
return unpack(list)
end
    
    
so = function(id,par,vol,pit) 
coroutine.resume(coroutine.create(function()
local sou = Instance.new("Sound",par or workspace)
sou.Volume=vol
sou.Pitch=pit or 1
sou.SoundId=id
swait() 
sou:play() 
game:GetService("Debris"):AddItem(sou,6)
end))
end
 
function clerp(a,b,t) 
local qa = {QuaternionFromCFrame(a)}
local qb = {QuaternionFromCFrame(b)} 
local ax, ay, az = a.x, a.y, a.z 
local bx, by, bz = b.x, b.y, b.z
local _t = 1-t
return QuaternionToCFrame(_t*ax + t*bx, _t*ay + t*by, _t*az + t*bz,QuaternionSlerp(qa, qb, t)) 
end 
 
function QuaternionFromCFrame(cf) 
local mx, my, mz, m00, m01, m02, m10, m11, m12, m20, m21, m22 = cf:components() 
local trace = m00 + m11 + m22 
if trace > 0 then 
local s = math.sqrt(1 + trace) 
local recip = 0.5/s 
return (m21-m12)*recip, (m02-m20)*recip, (m10-m01)*recip, s*0.5 
else 
local i = 0 
if m11 > m00 then
i = 1
end
if m22 > (i == 0 and m00 or m11) then 
i = 2 
end 
if i == 0 then 
local s = math.sqrt(m00-m11-m22+1) 
local recip = 0.5/s 
return 0.5*s, (m10+m01)*recip, (m20+m02)*recip, (m21-m12)*recip 
elseif i == 1 then 
local s = math.sqrt(m11-m22-m00+1) 
local recip = 0.5/s 
return (m01+m10)*recip, 0.5*s, (m21+m12)*recip, (m02-m20)*recip 
elseif i == 2 then 
local s = math.sqrt(m22-m00-m11+1) 
local recip = 0.5/s return (m02+m20)*recip, (m12+m21)*recip, 0.5*s, (m10-m01)*recip 
end 
end 
end
 
function QuaternionToCFrame(px, py, pz, x, y, z, w) 
local xs, ys, zs = x + x, y + y, z + z 
local wx, wy, wz = w*xs, w*ys, w*zs 
local xx = x*xs 
local xy = x*ys 
local xz = x*zs 
local yy = y*ys 
local yz = y*zs 
local zz = z*zs 
return CFrame.new(px, py, pz,1-(yy+zz), xy - wz, xz + wy,xy + wz, 1-(xx+zz), yz - wx, xz - wy, yz + wx, 1-(xx+yy)) 
end
 
function QuaternionSlerp(a, b, t) 
local cosTheta = a[1]*b[1] + a[2]*b[2] + a[3]*b[3] + a[4]*b[4] 
local startInterp, finishInterp; 
if cosTheta >= 0.0001 then 
if (1 - cosTheta) > 0.0001 then 
local theta = math.acos(cosTheta) 
local invSinTheta = 1/math.sin(theta) 
startInterp = math.sin((1-t)*theta)*invSinTheta 
finishInterp = math.sin(t*theta)*invSinTheta  
else 
startInterp = 1-t 
finishInterp = t 
end 
else 
if (1+cosTheta) > 0.0001 then 
local theta = math.acos(-cosTheta) 
local invSinTheta = 1/math.sin(theta) 
startInterp = math.sin((t-1)*theta)*invSinTheta 
finishInterp = math.sin(t*theta)*invSinTheta 
else 
startInterp = t-1 
finishInterp = t 
end 
end 
return a[1]*startInterp + b[1]*finishInterp, a[2]*startInterp + b[2]*finishInterp, a[3]*startInterp + b[3]*finishInterp, a[4]*startInterp + b[4]*finishInterp 
end

function rayCast(Pos, Dir, Max, Ignore)  -- Origin Position , Direction, MaxDistance , IgnoreDescendants
return game:service("Workspace"):FindPartOnRay(Ray.new(Pos, Dir.unit * (Max or 999.999)), Ignore) 
end 

Handle=part(Enum.FormFactor.Symmetric,m,Enum.Material.SmoothPlastic,0,0,"Really black","Handle",Vector3.new(0.200000003, 1.84623039, 0.263747245))
handleweld=weld(m,Character["Right Arm"],Handle,CFrame.new(0, 0, 0, 1, 0, 0, 0, 0.999994874, 0, 0, 0, 1),CFrame.new(-0.255767822, 0.0498504639, -0.905487061, 1, 0.00013, -0.000226000004, 0.00022603391, -0.000258999993, 1.00000095, 0.000129941574, -1.00000095, -0.000259029854))
mesh("CylinderMesh",Handle,"","",Vector3.new(0, 0, 0),Vector3.new(0.879157126, 1, 1))
Part=part(Enum.FormFactor.Custom,m,Enum.Material.SmoothPlastic,0,0,"Really black","Part",Vector3.new(0.367215037, 1.5109787, 0.604391873))
Partweld=weld(m,Handle,Part,CFrame.new(0, 0, 0, 1, 0.00013, -0.000226000004, 0.00022603391, -0.000258999993, 1.00000095, 0.000129941574, -1.00000095, -0.000259029854),CFrame.new(0.0505065918, 0.142456055, 5.64129639, 0.956874907, 0.283777207, -0.0621400438, 0.257930368, -0.928340197, -0.26769039, -0.133651271, 0.240118355, -0.961500168))
mesh("SpecialMesh",Part,Enum.MeshType.Wedge,"",Vector3.new(0, 0, 0),Vector3.new(0.411469162, 1, 1))
Part=part(Enum.FormFactor.Custom,m,Enum.Material.SmoothPlastic,0,0,"Really black","Part",Vector3.new(0.200000003, 0.554697335, 0.221879035))
Partweld=weld(m,Handle,Part,CFrame.new(0, 0, 0, 1, 0.00013, -0.000226000004, 0.00022603391, -0.000258999993, 1.00000095, 0.000129941574, -1.00000095, -0.000259029854),CFrame.new(-0.720428467, -3.96948242, 3.20599365, 0.965824842, 0.259196192, -0.000137999858, 0.183398217, -0.68300885, 0.707011878, 0.183160231, -0.682874858, -0.70720309))
mesh("SpecialMesh",Part,Enum.MeshType.Wedge,"",Vector3.new(0, 0, 0),Vector3.new(0.277348429, 1, 1))
Part=part(Enum.FormFactor.Custom,m,Enum.Material.SmoothPlastic,0,0,"Really black","Part",Vector3.new(0.200000003, 0.554697335, 0.200000003))
Partweld=weld(m,Handle,Part,CFrame.new(0, 0, 0, 1, 0.00013, -0.000226000004, 0.00022603391, -0.000258999993, 1.00000095, 0.000129941574, -1.00000095, -0.000259029854),CFrame.new(-1.29898071, 0.586090088, 4.2387085, 0.965865254, 0.224384263, 0.129446149, 0.25025031, -0.937328815, -0.242469177, 0.066927202, 0.266586423, -0.961485565))
mesh("SpecialMesh",Part,Enum.MeshType.Wedge,"",Vector3.new(0, 0, 0),Vector3.new(0.277348429, 1, 0.554697514))
Part=part(Enum.FormFactor.Custom,m,Enum.Material.SmoothPlastic,0,0,"Really black","Part",Vector3.new(0.200000003, 0.221878871, 0.200000003))
Partweld=weld(m,Handle,Part,CFrame.new(0, 0, 0, 1, 0.00013, -0.000226000004, 0.00022603391, -0.000258999993, 1.00000095, 0.000129941574, -1.00000095, -0.000259029854),CFrame.new(1.2980957, 4.18348694, 0.919326782, -0.96591115, -0.224323243, -0.129209131, 0.0667070523, 0.266586244, -0.961500883, 0.250131905, -0.937343478, -0.242534682))
mesh("SpecialMesh",Part,Enum.MeshType.Wedge,"",Vector3.new(0, 0, 0),Vector3.new(0.277348429, 1, 0.554697514))
Part=part(Enum.FormFactor.Custom,m,Enum.Material.SmoothPlastic,0,0,"Really black","Part",Vector3.new(0.200000003, 0.221878871, 0.221879035))
Partweld=weld(m,Handle,Part,CFrame.new(0, 0, 0, 1, 0.00013, -0.000226000004, 0.00022603391, -0.000258999993, 1.00000095, 0.000129941574, -1.00000095, -0.000259029854),CFrame.new(0.721740723, 3.20664978, -3.58026123, -0.965899229, -0.258919299, -6.70003355e-005, 0.18307139, -0.682766557, -0.707330644, 0.18309544, -0.683222234, 0.706884205))
mesh("SpecialMesh",Part,Enum.MeshType.Wedge,"",Vector3.new(0, 0, 0),Vector3.new(0.277348429, 1, 1))
Part=part(Enum.FormFactor.Custom,m,Enum.Material.SmoothPlastic,0,0,"Really black","Part",Vector3.new(0.367215037, 0.604391217, 0.604391873))
Partweld=weld(m,Handle,Part,CFrame.new(0, 0, 0, 1, 0.00013, -0.000226000004, 0.00022603391, -0.000258999993, 1.00000095, 0.000129941574, -1.00000095, -0.000259029854),CFrame.new(-0.0513000488, 5.64120483, 1.20103455, -0.956908643, -0.28362146, 0.0623310953, -0.133825615, 0.240217403, -0.961451113, 0.257714629, -0.92836225, -0.267821878))
mesh("SpecialMesh",Part,Enum.MeshType.Wedge,"",Vector3.new(0, 0, 0),Vector3.new(0.411469162, 1, 1))
Part=part(Enum.FormFactor.Custom,m,Enum.Material.SmoothPlastic,0,0,"Really black","Part",Vector3.new(0.200000003, 0.554697335, 0.221879035))
Partweld=weld(m,Handle,Part,CFrame.new(0, 0, 0, 1, 0.00013, -0.000226000004, 0.00022603391, -0.000258999993, 1.00000095, 0.000129941574, -1.00000095, -0.000259029854),CFrame.new(0.732208252, -3.94528198, 3.26742554, 0.965877354, 0.259000301, 0.000342000654, -0.182900518, 0.683016956, -0.707133055, -0.183380961, 0.682941198, 0.707081854))
mesh("SpecialMesh",Part,Enum.MeshType.Wedge,"",Vector3.new(0, 0, 0),Vector3.new(0.277348429, 1, 1))
Part=part(Enum.FormFactor.Custom,m,Enum.Material.SmoothPlastic,0,0,"Really black","Part",Vector3.new(0.367215037, 0.604391217, 0.604391873))
Partweld=weld(m,Handle,Part,CFrame.new(0, 0, 0, 1, 0.00013, -0.000226000004, 0.00022603391, -0.000258999993, 1.00000095, 0.000129941574, -1.00000095, -0.000259029854),CFrame.new(-0.628601074, 5.57974243, 1.22305298, -0.970438302, -0.23308827, -0.0626080707, 0.00404943526, -0.275096238, 0.961409211, -0.241316006, 0.932734549, 0.267907768))
mesh("SpecialMesh",Part,Enum.MeshType.Wedge,"",Vector3.new(0, 0, 0),Vector3.new(0.411469162, 1, 1))
Part=part(Enum.FormFactor.Custom,m,Enum.Material.SmoothPlastic,0,0,"Really black","Part",Vector3.new(0.200000003, 0.221878871, 0.221879035))
Partweld=weld(m,Handle,Part,CFrame.new(0, 0, 0, 1, 0.00013, -0.000226000004, 0.00022603391, -0.000258999993, 1.00000095, 0.000129941574, -1.00000095, -0.000259029854),CFrame.new(-0.732055664, 3.26812744, -3.556427, -0.96587497, -0.259009212, -0.000323000539, -0.183340952, 0.682818592, 0.7072106, -0.182953179, 0.683136165, -0.707004309))
mesh("SpecialMesh",Part,Enum.MeshType.Wedge,"",Vector3.new(0, 0, 0),Vector3.new(0.277348429, 1, 1))
Part=part(Enum.FormFactor.Custom,m,Enum.Material.SmoothPlastic,0,0,"Really black","Part",Vector3.new(0.200000003, 0.221878871, 0.200000003))
Partweld=weld(m,Handle,Part,CFrame.new(0, 0, 0, 1, 0.00013, -0.000226000004, 0.00022603391, -0.000258999993, 1.00000095, 0.000129941574, -1.00000095, -0.000259029854),CFrame.new(-1.29122925, 4.14746094, 0.93687439, -0.965848088, -0.224310249, -0.129702136, -0.0671471953, -0.266788334, 0.961414218, -0.250257552, 0.937289059, 0.242615208))
mesh("SpecialMesh",Part,Enum.MeshType.Wedge,"",Vector3.new(0, 0, 0),Vector3.new(0.277348429, 1, 0.554697514))
Part=part(Enum.FormFactor.Custom,m,Enum.Material.SmoothPlastic,0,0,"Really black","Part",Vector3.new(0.367215037, 1.5109787, 0.604391873))
Partweld=weld(m,Handle,Part,CFrame.new(0, 0, 0, 1, 0.00013, -0.000226000004, 0.00022603391, -0.000258999993, 1.00000095, 0.000129941574, -1.00000095, -0.000259029854),CFrame.new(0.628692627, 0.163955688, 5.57995605, 0.970437467, 0.233078331, 0.0626560897, -0.241320685, 0.932803631, 0.267663211, 0.00394065492, -0.274870574, 0.96147418))
mesh("SpecialMesh",Part,Enum.MeshType.Wedge,"",Vector3.new(0, 0, 0),Vector3.new(0.411469162, 1, 1))
Part=part(Enum.FormFactor.Custom,m,Enum.Material.SmoothPlastic,0,0,"Really black","Part",Vector3.new(0.200000003, 0.554697335, 0.200000003))
Partweld=weld(m,Handle,Part,CFrame.new(0, 0, 0, 1, 0.00013, -0.000226000004, 0.00022603391, -0.000258999993, 1.00000095, 0.000129941574, -1.00000095, -0.000259029854),CFrame.new(1.29156494, 0.603393555, 4.20291138, 0.965865433, 0.224185288, 0.129789144, -0.250148833, 0.937358439, 0.242459133, -0.0673030764, -0.266649485, 0.961441636))
mesh("SpecialMesh",Part,Enum.MeshType.Wedge,"",Vector3.new(0, 0, 0),Vector3.new(0.277348429, 1, 0.554697514))
Part=part(Enum.FormFactor.Custom,m,Enum.Material.SmoothPlastic,0,0,"Really black","Part",Vector3.new(0.367215037, 0.604391217, 0.604391873))
Partweld=weld(m,Handle,Part,CFrame.new(0, 0, 0, 1, 0.00013, -0.000226000004, 0.00022603391, -0.000258999993, 1.00000095, 0.000129941574, -1.00000095, -0.000259029854),CFrame.new(-0.0520935059, 5.61376953, 1.18670654, -0.956943154, 0.28348428, -0.0624250695, -0.133975714, -0.240561411, 0.961344242, 0.257508397, 0.928314984, 0.268183559))
mesh("SpecialMesh",Part,Enum.MeshType.Wedge,"",Vector3.new(0, 0, 0),Vector3.new(0.411469162, 1, 1))
Part=part(Enum.FormFactor.Custom,m,Enum.Material.SmoothPlastic,0,0,"Really black","Part",Vector3.new(0.367215037, 1.5109787, 0.604391873))
Partweld=weld(m,Handle,Part,CFrame.new(0, 0, 0, 1, 0.00013, -0.000226000004, 0.00022603391, -0.000258999993, 1.00000095, 0.000129941574, -1.00000095, -0.000259029854),CFrame.new(0.0497436523, 0.126312256, 5.61431885, 0.956991673, -0.283411175, 0.062011037, 0.257601261, 0.928420603, 0.267728239, -0.133449256, -0.240239561, 0.961497903))
mesh("SpecialMesh",Part,Enum.MeshType.Wedge,"",Vector3.new(0, 0, 0),Vector3.new(0.411469162, 1, 1))
Part=part(Enum.FormFactor.Custom,m,Enum.Material.SmoothPlastic,0,0,"Really black","Part",Vector3.new(0.200000003, 0.554697335, 0.221879035))
Partweld=weld(m,Handle,Part,CFrame.new(0, 0, 0, 1, 0.00013, -0.000226000004, 0.00022603391, -0.000258999993, 1.00000095, 0.000129941574, -1.00000095, -0.000259029854),CFrame.new(-0.718078613, -3.95381165, 3.17893982, 0.965964437, -0.258675337, 0.000261000532, 0.18312189, 0.683115065, -0.706981003, 0.182699949, 0.682966292, 0.707233965))
mesh("SpecialMesh",Part,Enum.MeshType.Wedge,"",Vector3.new(0, 0, 0),Vector3.new(0.277348429, 1, 1))
Part=part(Enum.FormFactor.Custom,m,Enum.Material.SmoothPlastic,0,0,"Really black","Part",Vector3.new(0.200000003, 0.554697335, 0.200000003))
Partweld=weld(m,Handle,Part,CFrame.new(0, 0, 0, 1, 0.00013, -0.000226000004, 0.00022603391, -0.000258999993, 1.00000095, 0.000129941574, -1.00000095, -0.000259029854),CFrame.new(-1.29431152, 0.570480347, 4.21160889, 0.965897679, -0.224115133, -0.129670069, 0.250048459, 0.937386274, 0.242455319, 0.0672129169, -0.266610771, 0.961458743))
mesh("SpecialMesh",Part,Enum.MeshType.Wedge,"",Vector3.new(0, 0, 0),Vector3.new(0.277348429, 1, 0.554697514))
Part=part(Enum.FormFactor.Custom,m,Enum.Material.SmoothPlastic,0,0,"Really black","Part",Vector3.new(0.200000003, 0.221878871, 0.221879035))
Partweld=weld(m,Handle,Part,CFrame.new(0, 0, 0, 1, 0.00013, -0.000226000004, 0.00022603391, -0.000258999993, 1.00000095, 0.000129941574, -1.00000095, -0.000259029854),CFrame.new(0.719055176, 3.17931366, -3.56497192, -0.96593672, 0.258779138, -8.60001601e-005, 0.182864159, 0.682807565, 0.707344651, 0.183104426, 0.683234334, -0.706870198))
mesh("SpecialMesh",Part,Enum.MeshType.Wedge,"",Vector3.new(0, 0, 0),Vector3.new(0.277348429, 1, 1))
Part=part(Enum.FormFactor.Custom,m,Enum.Material.SmoothPlastic,0,0,"Really black","Part",Vector3.new(0.200000003, 0.221878871, 0.200000003))
Partweld=weld(m,Handle,Part,CFrame.new(0, 0, 0, 1, 0.00013, -0.000226000004, 0.00022603391, -0.000258999993, 1.00000095, 0.000129941574, -1.00000095, -0.000259029854),CFrame.new(1.29318237, 4.15603638, 0.905151367, -0.965962827, 0.223993152, 0.129395068, 0.0668886751, -0.266918182, 0.961396039, 0.249883622, 0.937327921, 0.242850438))
mesh("SpecialMesh",Part,Enum.MeshType.Wedge,"",Vector3.new(0, 0, 0),Vector3.new(0.277348429, 1, 0.554697514))
Part=part(Enum.FormFactor.Custom,m,Enum.Material.SmoothPlastic,0,0,"Really black","Part",Vector3.new(0.200000003, 0.221878871, 0.221879035))
Partweld=weld(m,Handle,Part,CFrame.new(0, 0, 0, 1, 0.00013, -0.000226000004, 0.00022603391, -0.000258999993, 1.00000095, 0.000129941574, -1.00000095, -0.000259029854),CFrame.new(-0.734100342, 3.29673004, -3.57067871, -0.965928316, 0.258810312, 0.000226000149, -0.183072925, -0.682645738, -0.707446694, -0.182939902, -0.68338418, 0.706768095))
mesh("SpecialMesh",Part,Enum.MeshType.Wedge,"",Vector3.new(0, 0, 0),Vector3.new(0.277348429, 1, 1))
Part=part(Enum.FormFactor.Custom,m,Enum.Material.SmoothPlastic,0,0,"Really black","Part",Vector3.new(0.200000003, 0.554697335, 0.200000003))
Partweld=weld(m,Handle,Part,CFrame.new(0, 0, 0, 1, 0.00013, -0.000226000004, 0.00022603391, -0.000258999993, 1.00000095, 0.000129941574, -1.00000095, -0.000259029854),CFrame.new(1.29708862, 0.619125366, 4.22976685, 0.965979278, -0.223797277, -0.129612148, -0.249724433, -0.937472343, -0.242456377, -0.0672466159, 0.266575038, -0.961466372))
mesh("SpecialMesh",Part,Enum.MeshType.Wedge,"",Vector3.new(0, 0, 0),Vector3.new(0.277348429, 1, 0.554697514))
Part=part(Enum.FormFactor.Custom,m,Enum.Material.SmoothPlastic,0,0,"Really black","Part",Vector3.new(0.367215037, 1.5109787, 0.604391873))
Partweld=weld(m,Handle,Part,CFrame.new(0, 0, 0, 1, 0.00013, -0.000226000004, 0.00022603391, -0.000258999993, 1.00000095, 0.000129941574, -1.00000095, -0.000259029854),CFrame.new(0.632202148, 0.180736542, 5.60667419, 0.97055167, -0.23266311, -0.0624310337, -0.240859404, -0.932901561, -0.26773715, 0.00405054633, 0.274889797, -0.96146816))
mesh("SpecialMesh",Part,Enum.MeshType.Wedge,"",Vector3.new(0, 0, 0),Vector3.new(0.411469162, 1, 1))
Part=part(Enum.FormFactor.Custom,m,Enum.Material.SmoothPlastic,0,0,"Really black","Part",Vector3.new(0.200000003, 0.221878871, 0.200000003))
Partweld=weld(m,Handle,Part,CFrame.new(0, 0, 0, 1, 0.00013, -0.000226000004, 0.00022603391, -0.000258999993, 1.00000095, 0.000129941574, -1.00000095, -0.000259029854),CFrame.new(-1.29669189, 4.1741333, 0.953105927, -0.965947151, 0.223977238, 0.12954013, -0.0670539215, 0.26685524, -0.961402118, -0.249900192, -0.937349617, -0.242749542))
mesh("SpecialMesh",Part,Enum.MeshType.Wedge,"",Vector3.new(0, 0, 0),Vector3.new(0.277348429, 1, 0.554697514))
Part=part(Enum.FormFactor.Custom,m,Enum.Material.SmoothPlastic,0,0,"Really black","Part",Vector3.new(0.367215037, 0.604391217, 0.604391873))
Partweld=weld(m,Handle,Part,CFrame.new(0, 0, 0, 1, 0.00013, -0.000226000004, 0.00022603391, -0.000258999993, 1.00000095, 0.000129941574, -1.00000095, -0.000259029854),CFrame.new(-0.631652832, 5.60630798, 1.24031448, -0.970499158, 0.232891247, 0.0623970665, 0.00422959309, 0.27520144, -0.961378276, -0.241067886, -0.932752728, -0.268067747))
mesh("SpecialMesh",Part,Enum.MeshType.Wedge,"",Vector3.new(0, 0, 0),Vector3.new(0.411469162, 1, 1))
Part=part(Enum.FormFactor.Custom,m,Enum.Material.SmoothPlastic,0,0,"Really black","Part",Vector3.new(0.200000003, 0.554697335, 0.221879035))
Partweld=weld(m,Handle,Part,CFrame.new(0, 0, 0, 1, 0.00013, -0.000226000004, 0.00022603391, -0.000258999993, 1.00000095, 0.000129941574, -1.00000095, -0.000259029854),CFrame.new(0.732513428, -3.96032715, 3.29571533, 0.965891063, -0.25894922, 8.80002408e-005, -0.183193147, -0.683078706, 0.706997693, -0.183016106, -0.682898879, -0.707217276))
mesh("SpecialMesh",Part,Enum.MeshType.Wedge,"",Vector3.new(0, 0, 0),Vector3.new(0.277348429, 1, 1))
Part=part(Enum.FormFactor.Symmetric,m,Enum.Material.SmoothPlastic,0,0,"Really black","Part",Vector3.new(0.200000003, 0.345508784, 0.228580952))
Partweld=weld(m,Handle,Part,CFrame.new(0, 0, 0, 1, 0.00013, -0.000226000004, 0.00022603391, -0.000258999993, 1.00000095, 0.000129941574, -1.00000095, -0.000259029854),CFrame.new(4.90597534, -2.78483582, -0.00750732422, 0.000275999686, 0.333812177, -0.942640483, -0.000215999957, 0.942640483, 0.333812118, 1.00000012, 0.000111478068, 0.000332272379))
mesh("BlockMesh",Part,"","",Vector3.new(0, 0, 0),Vector3.new(0.602222681, 1, 1))
Part=part(Enum.FormFactor.Symmetric,m,Enum.Material.Plastic,0,0,"Really black","Part",Vector3.new(0.200000003, 0.200000003, 0.200000003))
Partweld=weld(m,Handle,Part,CFrame.new(0, 0, 0, 1, 0.00013, -0.000226000004, 0.00022603391, -0.000258999993, 1.00000095, 0.000129941574, -1.00000095, -0.000259029854),CFrame.new(0.00112915039, 0.963653564, 0.000671386719, 0.00012199991, 1.00000095, 9.20003076e-005, -0.000274999824, -9.19662853e-005, 1.00000083, 1, -0.000122025536, 0.00027498923))
mesh("SpecialMesh",Part,Enum.MeshType.FileMesh,"http://www.roblox.com/Asset/?id=9756362",Vector3.new(0, 0, 0),Vector3.new(0.439578682, 0.439578772, 0.439578742))
Part=part(Enum.FormFactor.Symmetric,m,Enum.Material.SmoothPlastic,0,0,"Really black","Part",Vector3.new(0.222426847, 0.202206194, 0.244405776))
Partweld=weld(m,Handle,Part,CFrame.new(0, 0, 0, 1, 0.00013, -0.000226000004, 0.00022603391, -0.000258999993, 1.00000095, 0.000129941574, -1.00000095, -0.000259029854),CFrame.new(-2.78868866, -4.19238281, -0.00555419922, -0.000200000155, 0.94360137, 0.331086516, 0.000325000496, -0.331086457, 0.943601429, 1, 0.000296323444, -0.000240453097))
mesh("BlockMesh",Part,"","",Vector3.new(0, 0, 0),Vector3.new(1, 1, 1))
Part=part(Enum.FormFactor.Symmetric,m,Enum.Material.SmoothPlastic,0,0,"Really black","Part",Vector3.new(0.232097521, 0.373641849, 0.228580952))
Partweld=weld(m,Handle,Part,CFrame.new(0, 0, 0, 1, 0.00013, -0.000226000004, 0.00022603391, -0.000258999993, 1.00000095, 0.000129941574, -1.00000095, -0.000259029854),CFrame.new(3.05065918, -4.53768158, -0.00598144531, 2.4000241e-005, -0.684613049, 0.728908122, -6.54836185e-011, -0.728908062, -0.684613049, 1, 1.64306111e-005, -1.7493594e-005))
mesh("BlockMesh",Part,"","",Vector3.new(0, 0, 0),Vector3.new(1, 1, 1))
Part=part(Enum.FormFactor.Symmetric,m,Enum.Material.SmoothPlastic,0,0,"Really black","Part",Vector3.new(1.7758975, 0.200000003, 0.200000003))
Partweld=weld(m,Handle,Part,CFrame.new(0, 0, 0, 1, 0.00013, -0.000226000004, 0.00022603391, -0.000258999993, 1.00000095, 0.000129941574, -1.00000095, -0.000259029854),CFrame.new(0.705871582, -3.97502899, -0.0071105957, 3.00001921e-005, -0.884769678, 0.466030359, -9.5000134e-005, -0.466030419, -0.884769678, 1, -1.77298934e-005, -9.80338373e-005))
mesh("BlockMesh",Part,"","",Vector3.new(0, 0, 0),Vector3.new(1, 0.791241527, 0.791241646))
Part=part(Enum.FormFactor.Symmetric,m,Enum.Material.SmoothPlastic,0,0,"Really black","Part",Vector3.new(0.79475826, 0.200000003, 0.200000003))
Partweld=weld(m,Handle,Part,CFrame.new(0, 0, 0, 1, 0.00013, -0.000226000004, 0.00022603391, -0.000258999993, 1.00000095, 0.000129941574, -1.00000095, -0.000259029854),CFrame.new(-3.49215698, -3.94909668, -0.0061340332, 0.000193999964, -0.798750699, -0.60166353, -1.70002386e-005, 0.601663589, -0.798750818, 1.00000012, 0.000165185818, 0.00010314415))
mesh("BlockMesh",Part,"","",Vector3.new(0, 0, 0),Vector3.new(1, 0.791241527, 0.791241646))
Part=part(Enum.FormFactor.Symmetric,m,Enum.Material.SmoothPlastic,0,0,"Really black","Part",Vector3.new(0.334958941, 0.348146349, 0.228580952))
Partweld=weld(m,Handle,Part,CFrame.new(0, 0, 0, 1, 0.00013, -0.000226000004, 0.00022603391, -0.000258999993, 1.00000095, 0.000129941574, -1.00000095, -0.000259029854),CFrame.new(3.82269287, -3.70261383, -0.00616455078, 3.10002579e-005, -0.488197714, 0.872734189, -3.20000327e-005, -0.872734249, -0.488197744, 1, -1.27934909e-005, -4.2676882e-005))
mesh("BlockMesh",Part,"","",Vector3.new(0, 0, 0),Vector3.new(1, 1, 1))
Part=part(Enum.FormFactor.Symmetric,m,Enum.Material.SmoothPlastic,0,0,"Really black","Part",Vector3.new(0.909927785, 0.349904597, 0.228580952))
Partweld=weld(m,Handle,Part,CFrame.new(0, 0, 0, 1, 0.00013, -0.000226000004, 0.00022603391, -0.000258999993, 1.00000095, 0.000129941574, -1.00000095, -0.000259029854),CFrame.new(3.76397705, -3.0793457, -0.00677490234, 5.70002521e-005, -0.34503442, 0.938591123, 6.60000296e-005, -0.938591063, -0.34503445, 1, 8.16138636e-005, -3.07272348e-005))
mesh("BlockMesh",Part,"","",Vector3.new(0, 0, 0),Vector3.new(1, 1, 1))
Part=part(Enum.FormFactor.Symmetric,m,Enum.Material.SmoothPlastic,0,0,"Really black","Part",Vector3.new(0.200000003, 0.200000003, 0.200000003))
Partweld=weld(m,Handle,Part,CFrame.new(0, 0, 0, 1, 0.00013, -0.000226000004, 0.00022603391, -0.000258999993, 1.00000095, 0.000129941574, -1.00000095, -0.000259029854),CFrame.new(0.00198364258, -2.36550903, -0.00492858887, 1.00000012, 0.000216000088, 0.000119000331, 0.000118962409, 0.000172999906, -1.00000095, -0.000216020708, 1.00000083, 0.000172974629))
mesh("CylinderMesh",Part,"","",Vector3.new(0, 0, 0),Vector3.new(0.99344784, 0.0879157111, 0.843991339))
Part=part(Enum.FormFactor.Symmetric,m,Enum.Material.SmoothPlastic,0,0,"Really black","Part",Vector3.new(0.200000003, 0.200000003, 0.200000003))
Partweld=weld(m,Handle,Part,CFrame.new(0, 0, 0, 1, 0.00013, -0.000226000004, 0.00022603391, -0.000258999993, 1.00000095, 0.000129941574, -1.00000095, -0.000259029854),CFrame.new(2.90072632, -2.63722992, 0.000549316406, 2.30002406e-005, -0.707217872, 0.706996918, -1.60000855e-005, -0.706996918, -0.707217872, 1, 4.95395216e-006, -2.75762286e-005))
mesh("BlockMesh",Part,"","",Vector3.new(0, 0, 0),Vector3.new(0.184623033, 0.149456695, 0.202206224))
Part=part(Enum.FormFactor.Symmetric,m,Enum.Material.SmoothPlastic,0,0,"Really black","Part",Vector3.new(0.896740377, 0.200000003, 0.200000003))
Partweld=weld(m,Handle,Part,CFrame.new(0, 0, 0, 1, 0.00013, -0.000226000004, 0.00022603391, -0.000258999993, 1.00000095, 0.000129941574, -1.00000095, -0.000259029854),CFrame.new(-0.784042358, -4.82229614, -0.00659179688, 0.000245000032, -0.999967575, 0.00816500559, -1.20002305e-005, -0.00816500932, -0.999967754, 1, 0.00024489389, -1.39998283e-005))
mesh("BlockMesh",Part,"","",Vector3.new(0, 0, 0),Vector3.new(1, 0.791241527, 0.791241646))
Part=part(Enum.FormFactor.Symmetric,m,Enum.Material.SmoothPlastic,0,0,"Really black","Part",Vector3.new(0.200000003, 0.200000003, 0.200000003))
Partweld=weld(m,Handle,Part,CFrame.new(0, 0, 0, 1, 0.00013, -0.000226000004, 0.00022603391, -0.000258999993, 1.00000095, 0.000129941574, -1.00000095, -0.000259029854),CFrame.new(0.00198364258, -2.05691528, -0.00494384766, 1.00000012, 0.000216000088, 0.000119000331, 0.000118962409, 0.000172999906, -1.00000095, -0.000216020708, 1.00000083, 0.000172974629))
mesh("CylinderMesh",Part,"","",Vector3.new(0, 0, 0),Vector3.new(0.99344784, 0.0879157111, 0.843991339))
Part=part(Enum.FormFactor.Symmetric,m,Enum.Material.SmoothPlastic,0,0,"Really black","Part",Vector3.new(0.349025339, 0.200000003, 0.200000003))
Partweld=weld(m,Handle,Part,CFrame.new(0, 0, 0, 1, 0.00013, -0.000226000004, 0.00022603391, -0.000258999993, 1.00000095, 0.000129941574, -1.00000095, -0.000259029854),CFrame.new(0.00852966309, -3.90582275, 0.000549316406, 0.00018400012, -1.00000083, -9.20002785e-005, -3.00002066e-005, 9.19943268e-005, -1.00000083, 1, 0.000184002813, -2.99828953e-005))
mesh("BlockMesh",Part,"","",Vector3.new(0, 0, 0),Vector3.new(1, 0.149456695, 0.202206224))
Part=part(Enum.FormFactor.Symmetric,m,Enum.Material.SmoothPlastic,0,0,"Really black","Part",Vector3.new(0.200000003, 0.392983228, 0.228580952))
Partweld=weld(m,Handle,Part,CFrame.new(0, 0, 0, 1, 0.00013, -0.000226000004, 0.00022603391, -0.000258999993, 1.00000095, 0.000129941574, -1.00000095, -0.000259029854),CFrame.new(1.5005188, -5.3081131, -0.00643920898, 2.90001917e-005, -0.887013555, 0.461745292, -9.10001399e-005, -0.461745322, -0.887013614, 1, -1.62955257e-005, -9.41086255e-005))
mesh("BlockMesh",Part,"","",Vector3.new(0, 0, 0),Vector3.new(0.734096408, 1, 1))
Part=part(Enum.FormFactor.Symmetric,m,Enum.Material.SmoothPlastic,0,0,"Really black","Part",Vector3.new(0.200000003, 0.200000003, 0.200000003))
Partweld=weld(m,Handle,Part,CFrame.new(0, 0, 0, 1, 0.00013, -0.000226000004, 0.00022603391, -0.000258999993, 1.00000095, 0.000129941574, -1.00000095, -0.000259029854),CFrame.new(0.00198364258, -2.20858765, -0.00494384766, 1.00000012, 0.000216000088, 0.000119000331, 0.000118962409, 0.000172999906, -1.00000095, -0.000216020708, 1.00000083, 0.000172974629))
mesh("CylinderMesh",Part,"","",Vector3.new(0, 0, 0),Vector3.new(0.99344784, 0.725304723, 0.843991339))
Part=part(Enum.FormFactor.Symmetric,m,Enum.Material.SmoothPlastic,0,0,"Really black","Part",Vector3.new(0.200000003, 0.200000003, 0.217151895))
Partweld=weld(m,Handle,Part,CFrame.new(0, 0, 0, 1, 0.00013, -0.000226000004, 0.00022603391, -0.000258999993, 1.00000095, 0.000129941574, -1.00000095, -0.000259029854),CFrame.new(0.00192260742, -1.58822632, -0.00714111328, 1.00000012, 0.000216000088, 0.000119000331, 0.000118962409, 0.000172999906, -1.00000095, -0.000216020708, 1.00000083, 0.000172974629))
mesh("CylinderMesh",Part,"","",Vector3.new(0, 0, 0),Vector3.new(0.99344784, 0.395620763, 1))
Part=part(Enum.FormFactor.Symmetric,m,Enum.Material.SmoothPlastic,0,0,"Really black","Part",Vector3.new(0.3789168, 0.200000003, 0.228580952))
Partweld=weld(m,Handle,Part,CFrame.new(0, 0, 0, 1, 0.00013, -0.000226000004, 0.00022603391, -0.000258999993, 1.00000095, 0.000129941574, -1.00000095, -0.000259029854),CFrame.new(3.41964722, -3.9382782, -0.00695800781, 2.8000235e-005, -0.578034401, 0.816013575, -1.50000415e-005, -0.816013515, -0.578034401, 1, 3.94464587e-006, -3.15186917e-005))
mesh("BlockMesh",Part,"","",Vector3.new(0, 0, 0),Vector3.new(1, 0.369246125, 1))
Part=part(Enum.FormFactor.Symmetric,m,Enum.Material.SmoothPlastic,0,0,"Really black","Part",Vector3.new(0.200000003, 0.38507089, 0.228580952))
Partweld=weld(m,Handle,Part,CFrame.new(0, 0, 0, 1, 0.00013, -0.000226000004, 0.00022603391, -0.000258999993, 1.00000095, 0.000129941574, -1.00000095, -0.000259029854),CFrame.new(2.75286865, -4.80636597, -0.00549316406, 7.20002427e-005, -0.757331848, 0.653031707, 0.000139999916, -0.653031588, -0.757331908, 1.00000012, 0.000145952217, 5.90083837e-005))
mesh("BlockMesh",Part,"","",Vector3.new(0, 0, 0),Vector3.new(0.509911358, 1, 1))
Part=part(Enum.FormFactor.Symmetric,m,Enum.Material.SmoothPlastic,0,0,"Really black","Part",Vector3.new(0.200000003, 0.345508784, 0.228580952))
Partweld=weld(m,Handle,Part,CFrame.new(0, 0, 0, 1, 0.00013, -0.000226000004, 0.00022603391, -0.000258999993, 1.00000095, 0.000129941574, -1.00000095, -0.000259029854),CFrame.new(4.8812561, -2.76496887, -0.00534057617, 5.1000261e-005, -0.333530456, 0.942740381, 0.000296000217, -0.942740321, -0.333530486, 1.00000012, 0.000296061218, 5.06454853e-005))
mesh("BlockMesh",Part,"","",Vector3.new(0, 0, 0),Vector3.new(0.602222681, 1, 1))
Part=part(Enum.FormFactor.Symmetric,m,Enum.Material.SmoothPlastic,0,0,"Really black","Part",Vector3.new(0.697171628, 0.283088624, 0.228580952))
Partweld=weld(m,Handle,Part,CFrame.new(0, 0, 0, 1, 0.00013, -0.000226000004, 0.00022603391, -0.000258999993, 1.00000095, 0.000129941574, -1.00000095, -0.000259029854),CFrame.new(5.58883667, 2.29077148, -0.0055847168, -0.000156999886, 0.546051562, 0.837752819, 0.000234000239, -0.837752819, 0.546051562, 1, 0.000281764136, 3.75133118e-006))
mesh("BlockMesh",Part,"","",Vector3.new(0, 0, 0),Vector3.new(1, 1, 1))
Part=part(Enum.FormFactor.Symmetric,m,Enum.Material.SmoothPlastic,0,0,"Really black","Part",Vector3.new(0.200000003, 0.312100857, 0.228580952))
Partweld=weld(m,Handle,Part,CFrame.new(0, 0, 0, 1, 0.00013, -0.000226000004, 0.00022603391, -0.000258999993, 1.00000095, 0.000129941574, -1.00000095, -0.000259029854),CFrame.new(5.55836487, -1.06567383, -0.00598144531, 4.40002368e-005, -0.019939024, 0.999802172, 0.000132000132, -0.999802113, -0.0199390333, 1, 0.000132851113, -4.13591551e-005))
mesh("BlockMesh",Part,"","",Vector3.new(0, 0, 0),Vector3.new(0.575848162, 1, 1))
Part=part(Enum.FormFactor.Symmetric,m,Enum.Material.Plastic,0,0,"Really black","Part",Vector3.new(0.200000003, 0.200000003, 0.200000003))
Partweld=weld(m,Handle,Part,CFrame.new(0, 0, 0, 1, 0.00013, -0.000226000004, 0.00022603391, -0.000258999993, 1.00000095, 0.000129941574, -1.00000095, -0.000259029854),CFrame.new(4.49920654, 1.03039551, 0.000457763672, -2.89998061e-005, 0.22079812, 0.975320578, -0.000107999847, -0.975320518, 0.22079815, 1.00000012, -9.89315158e-005, 5.21306683e-005))
mesh("SpecialMesh",Part,Enum.MeshType.FileMesh,"http://www.roblox.com/Asset/?id=9756362",Vector3.new(0, 0, 0),Vector3.new(0.439578682, 1.75831509, 1.31873631))
Part=part(Enum.FormFactor.Symmetric,m,Enum.Material.SmoothPlastic,0,0,"Really black","Part",Vector3.new(0.222426847, 0.202206194, 0.244405776))
Partweld=weld(m,Handle,Part,CFrame.new(0, 0, 0, 1, 0.00013, -0.000226000004, 0.00022603391, -0.000258999993, 1.00000095, 0.000129941574, -1.00000095, -0.000259029854),CFrame.new(-2.77007294, -4.16693115, -0.00622558594, 0.000191000116, -0.943623185, -0.331024408, -2.21916707e-010, 0.331024408, -0.943623185, 1.00000012, 0.00018023196, 6.32258816e-005))
mesh("BlockMesh",Part,"","",Vector3.new(0, 0, 0),Vector3.new(1, 1, 1))
Part=part(Enum.FormFactor.Symmetric,m,Enum.Material.SmoothPlastic,0,0,"Really black","Part",Vector3.new(0.222426847, 0.202206194, 0.244405776))
Partweld=weld(m,Handle,Part,CFrame.new(0, 0, 0, 1, 0.00013, -0.000226000004, 0.00022603391, -0.000258999993, 1.00000095, 0.000129941574, -1.00000095, -0.000259029854),CFrame.new(-2.52085114, -4.91748047, -0.00628662109, 0.000191000116, -0.943623185, -0.331024408, -2.21916707e-010, 0.331024408, -0.943623185, 1.00000012, 0.00018023196, 6.32258816e-005))
mesh("BlockMesh",Part,"","",Vector3.new(0, 0, 0),Vector3.new(1, 1, 1))
Part=part(Enum.FormFactor.Symmetric,m,Enum.Material.SmoothPlastic,0,0,"Really black","Part",Vector3.new(0.200000003, 0.363091946, 0.228580952))
Partweld=weld(m,Handle,Part,CFrame.new(0, 0, 0, 1, 0.00013, -0.000226000004, 0.00022603391, -0.000258999993, 1.00000095, 0.000129941574, -1.00000095, -0.000259029854),CFrame.new(4.0123291, -3.84520721, -0.00552368164, 4.90002567e-005, -0.548781633, 0.835967004, 0.00015300003, -0.835966945, -0.548781693, 1.00000012, 0.000154793146, 4.30014406e-005))
mesh("BlockMesh",Part,"","",Vector3.new(0, 0, 0),Vector3.new(0.523098528, 1, 1))
Part=part(Enum.FormFactor.Symmetric,m,Enum.Material.SmoothPlastic,0,0,"Really black","Part",Vector3.new(0.200000003, 0.301550984, 0.228580952))
