wait(1)

	Player=game:GetService('Players').LocalPlayer
	Character=Player.Character
	Mouse=Player:GetMouse()
	m=Instance.new('Model',Character)


	local function weldBetween(a, b)
	    local weldd = Instance.new("ManualWeld")
	    weldd.Part0 = a
	    weldd.Part1 = b
	    weldd.C0 = CFrame.new()
	    weldd.C1 = b.CFrame:inverse() * a.CFrame
	    weldd.Parent = a
	    return weldd
	end
	
	it=Instance.new
	
	function nooutline(part)
		part.TopSurface,part.BottomSurface,part.LeftSurface,part.RightSurface,part.FrontSurface,part.BackSurface = 10,10,10,10,10,10
	end
	
	function part(formfactor,parent,material,reflectance,transparency,brickcolor,name,size)
		local fp=it("Part")
		fp.formFactor=formfactor
		fp.Parent=parent
		fp.Reflectance=reflectance
		fp.Transparency=transparency
		fp.CanCollide=false
		fp.Locked=true
		fp.BrickColor=BrickColor.new(tostring(brickcolor))
		fp.Name=name
		fp.Size=size
		fp.Position=Character.Torso.Position
		nooutline(fp)
		fp.Material=material
		fp:BreakJoints()
		return fp
	end
	
	function mesh(Mesh,part,meshtype,meshid,offset,scale)
		local mesh=it(Mesh)
		mesh.Parent=part
		if Mesh=="SpecialMesh" then
			mesh.MeshType=meshtype
			mesh.MeshId=meshid
		end
		mesh.Offset=offset
		mesh.Scale=scale
		return mesh
	end
	
	function weld(parent,part0,part1,c0,c1)
		local weld=it("Weld")
		weld.Parent=parent
		weld.Part0=part0
		weld.Part1=part1
		weld.C0=c0
		weld.C1=c1
		return weld
	end

RightA=part(Enum.FormFactor.Symmetric,m,Enum.Material.Slate,0,0,"Really black","Handle",Vector3.new(1.31421626, 2.62842989, 1.31421471))
RightAweld=weld(m,Character["Left Arm"],RightA,CFrame.new(0, 0, 0, 1, 0, 0, 0, 1, 0, 0, 0, 1),CFrame.new(0.0754652023, 0.127724171, -0.169014931, 0.999724269, 0.01186, 0.0202710405, -0.0117467064, 0.999914646, -0.00569900358, -0.0203369036, 0.00545931328, 0.99977833))
Thingy=part(Enum.FormFactor.Brick,m,Enum.Material.Slate,0,1,"Really black","Thingy",Vector3.new(1.41839123, 1.41838992, 1.41838956))
Thingyweld=weld(m,RightA,Thingy,CFrame.new(0, 0, 0, 1, 0, 0, 0, 1, 0, 0, 0, 1),CFrame.new(0.088727951, 0.00277280807, 0.03520298, 1.00000012, 8.73114914e-011, 0, 8.73114914e-011, 1, 4.65661287e-010, 0, 4.65661287e-010, 1))
Part=part(Enum.FormFactor.Brick,m,Enum.Material.Slate,0,0,"Really black","Part",Vector3.new(0.283678204, 0.283678055, 0.567355752))
Partweld=weld(m,RightA,Part,CFrame.new(0, 0, 0, 1, 0, 0, 0, 1, 0, 0, 0, 1),CFrame.new(0.0765886307, -1.98301792, 1.04837799, 1.00000012, 8.73114914e-011, 0, 0, -0.707099676, -0.707113743, 0, 0.707113862, -0.707099795))
mesh("SpecialMesh",Part,Enum.MeshType.Wedge,"",Vector3.new(0, 0, 0),Vector3.new(1.04999995, 1.01999998, 1.03999996))
Part=part(Enum.FormFactor.Brick,m,Enum.Material.Slate,0,0,"Really black","Part",Vector3.new(1.41839123, 0.354597479, 1.41838956))
Partweld=weld(m,RightA,Part,CFrame.new(0, 0, 0, 1, 0, 0, 0, 1, 0, 0, 0, 1),CFrame.new(0.0887346268, -0.777343035, 0.035200119, 1.00000012, 8.73114914e-011, 0, 8.73114914e-011, 1, 4.65661287e-010, 0, 4.65661287e-010, 1))
mesh("SpecialMesh",Part,Enum.MeshType.Brick,"",Vector3.new(0, 0, 0),Vector3.new(1.03999996, 0.400000006, 1.03999996))
Part=part(Enum.FormFactor.Brick,m,Enum.Material.Slate,0,0,"Really black","Part",Vector3.new(1.46094286, 0.283678025, 1.46094108))
Partweld=weld(m,RightA,Part,CFrame.new(0, 0, 0, 1, 0, 0, 0, 1, 0, 0, 0, 1),CFrame.new(0.088727951, 0.853806138, 0.0352125168, 1.00000012, 8.73114914e-011, 0, 8.73114914e-011, 1, 4.65661287e-010, 0, 4.65661287e-010, 1))
mesh("SpecialMesh",Part,Enum.MeshType.Brick,"",Vector3.new(0, 0, 0),Vector3.new(1.02999997, 0.50999999, 1.02999997))
Part=part(Enum.FormFactor.Brick,m,Enum.Material.Slate,0,0,"Really black","Part",Vector3.new(0.283678204, 0.283678055, 0.851033628))
Partweld=weld(m,RightA,Part,CFrame.new(0, 0, 0, 1, 0, 0, 0, 1, 0, 0, 0, 1),CFrame.new(0.0765743256, 1.46370363, -0.580066919, 1.00000012, -1.5963451e-008, 2.99885869e-006, -2.94670463e-006, 0.173635423, 0.984810054, -5.35976142e-007, -0.984809995, 0.173635408))
mesh("SpecialMesh",Part,Enum.MeshType.Brick,"",Vector3.new(0, 0, 0),Vector3.new(1.04999995, 1.01999998, 1.03999996))
Part=part(Enum.FormFactor.Brick,m,Enum.Material.Slate,0,0,"Really black","Part",Vector3.new(0.283678204, 0.283678055, 0.851033628))
Partweld=weld(m,RightA,Part,CFrame.new(0, 0, 0, 1, 0, 0, 0, 1, 0, 0, 0, 1),CFrame.new(0.0765705109, 1.31746244, -0.249498844, 1.00000012, 8.73114914e-011, 0, 0, -0.173656225, 0.984806359, -4.65661287e-010, -0.984806299, -0.173656181))
mesh("SpecialMesh",Part,Enum.MeshType.Brick,"",Vector3.new(0, 0, 0),Vector3.new(1.04999995, 1.01999998, 1.03999996))
Part=part(Enum.FormFactor.Brick,m,Enum.Material.Slate,0,0,"Really black","Part",Vector3.new(1.44675899, 0.425516993, 1.44675708))
Partweld=weld(m,RightA,Part,CFrame.new(0, 0, 0, 1, 0, 0, 0, 1, 0, 0, 0, 1),CFrame.new(0.0887422562, 0.853808045, 0.0352210999, 1.00000012, 8.73114914e-011, 0, 8.73114914e-011, 1, 4.65661287e-010, 0, 4.65661287e-010, 1))
mesh("SpecialMesh",Part,Enum.MeshType.Brick,"",Vector3.new(0, 0, 0),Vector3.new(1.01999998, 1.01999998, 1.01999998))
Part=part(Enum.FormFactor.Brick,m,Enum.Material.Slate,0,0,"Really black","Part",Vector3.new(1.46094286, 0.283678025, 1.46094108))
Partweld=weld(m,RightA,Part,CFrame.new(0, 0, 0, 1, 0, 0, 0, 1, 0, 0, 0, 1),CFrame.new(0.088727951, 0.853799224, 0.0352125168, 1.00000012, 8.73114914e-011, 0, 8.73114914e-011, 1, 4.65661287e-010, 0, 4.65661287e-010, 1))
mesh("SpecialMesh",Part,Enum.MeshType.Brick,"",Vector3.new(0, 0, 0),Vector3.new(1.01999998, 1.01999998, 1.01999998))
Part=part(Enum.FormFactor.Brick,m,Enum.Material.Slate,0,0,"Really black","Part",Vector3.new(0.283678204, 0.283678055, 0.567355752))
Partweld=weld(m,RightA,Part,CFrame.new(0, 0, 0, 1, 0, 0, 0, 1, 0, 0, 0, 1),CFrame.new(-0.0765781403, -1.93325758, 1.09814215, -1.00000012, -8.73114914e-011, 0, -5.58793545e-009, -0.707110703, 0.707102895, 0, 0.707102895, 0.707110584))
mesh("SpecialMesh",Part,Enum.MeshType.Wedge,"",Vector3.new(0, 0, 0),Vector3.new(1.04999995, 1.01999998, 1.03999996))
Part=part(Enum.FormFactor.Brick,m,Enum.Material.Slate,0,0,"Really black","Part",Vector3.new(0.283678204, 0.283678055, 0.851033628))
Partweld=weld(m,RightA,Part,CFrame.new(0, 0, 0, 1, 0, 0, 0, 1, 0, 0, 0, 1),CFrame.new(-0.0765657425, 1.39436722, -0.592307091, -1.00000012, -8.73114914e-011, 0, 0, 0.173656225, -0.984806359, -4.65661287e-010, -0.984806299, -0.173656181))
mesh("SpecialMesh",Part,Enum.MeshType.Brick,"",Vector3.new(0, 0, 0),Vector3.new(1.04999995, 1.01999998, 1.03999996))
Part=part(Enum.FormFactor.Brick,m,Enum.Material.Slate,0,0,"Really black","Part",Vector3.new(0.283678204, 0.283678055, 0.851033628))
Partweld=weld(m,RightA,Part,CFrame.new(0, 0, 0, 1, 0, 0, 0, 1, 0, 0, 0, 1),CFrame.new(-0.0352058411, 1.35817862, -0.256694794, -9.72300768e-006, 9.42777842e-006, -1.00000012, 0.984807432, -0.173650503, -1.12168491e-005, -0.173650503, -0.984807432, -7.59679824e-006))
mesh("SpecialMesh",Part,Enum.MeshType.Brick,"",Vector3.new(0, 0, 0),Vector3.new(1.04999995, 1.01999998, 1.03999996))
Part=part(Enum.FormFactor.Brick,m,Enum.Material.Slate,0,0,"Really black","Part",Vector3.new(0.283678204, 0.283678055, 0.851033628))
Partweld=weld(m,RightA,Part,CFrame.new(0, 0, 0, 1, 0, 0, 0, 1, 0, 0, 0, 1),CFrame.new(-0.0351982117, 1.76633024, -0.834147453, -9.72300768e-006, 9.42777842e-006, -1.00000012, 0.866034389, 0.499984711, -3.70666385e-006, 0.499984741, -0.866034329, -1.30273402e-005))
mesh("SpecialMesh",Part,Enum.MeshType.Brick,"",Vector3.new(0, 0, 0),Vector3.new(1.04999995, 1.01999998, 1.03999996))
Part=part(Enum.FormFactor.Brick,m,Enum.Material.Slate,0,0,"Really black","Part",Vector3.new(0.283678204, 0.283678055, 0.851033628))
Partweld=weld(m,RightA,Part,CFrame.new(0, 0, 0, 1, 0, 0, 0, 1, 0, 0, 0, 1),CFrame.new(0.0765447617, 1.13482475, -0.218839645, 1.00000012, 8.73114914e-011, 0, -5.58793545e-009, -0.707110703, 0.707102895, 0, -0.707102895, -0.707110584))
mesh("SpecialMesh",Part,Enum.MeshType.Brick,"",Vector3.new(0, 0, 0),Vector3.new(1.03999996, 1.01999998, 1.03999996))
Part=part(Enum.FormFactor.Brick,m,Enum.Material.Slate,0,0,"Really black","Part",Vector3.new(0.283678204, 0.283678055, 0.567355752))
Partweld=weld(m,RightA,Part,CFrame.new(0, 0, 0, 1, 0, 0, 0, 1, 0, 0, 0, 1),CFrame.new(-0.0351867676, -2.01229572, 1.01912785, -1.06878579e-005, 1.24396756e-005, -1, -0.707121968, -0.70709157, -1.23679638e-006, -0.707091689, 0.707122087, 1.63540244e-005))
mesh("SpecialMesh",Part,Enum.MeshType.Wedge,"",Vector3.new(0, 0, 0),Vector3.new(1.04999995, 1.01999998, 1.03999996))
Part=part(Enum.FormFactor.Brick,m,Enum.Material.Slate,0,0,"Really black","Part",Vector3.new(1.41839123, 0.283678055, 1.41838956))
Partweld=weld(m,RightA,Part,CFrame.new(0, 0, 0, 1, 0, 0, 0, 1, 0, 0, 0, 1),CFrame.new(0.0887155533, -0.990084648, 0.0351953506, 1.00000012, 8.73114914e-011, 0, 8.73114914e-011, 1, 4.65661287e-010, 0, 4.65661287e-010, 1))
mesh("SpecialMesh",Part,Enum.MeshType.Brick,"",Vector3.new(0, 0, 0),Vector3.new(1.05999994, 0.699999988, 1.05999994))
Part=part(Enum.FormFactor.Brick,m,Enum.Material.Slate,0,0,"Really black","Part",Vector3.new(0.283678204, 0.283678055, 0.851033628))
Partweld=weld(m,RightA,Part,CFrame.new(0, 0, 0, 1, 0, 0, 0, 1, 0, 0, 0, 1),CFrame.new(-0.0765752792, 1.66953611, -0.890017033, -1.00000012, -8.73114914e-011, 0, 0, 0.500011563, -0.866018832, 0, -0.866018772, -0.500011504))
mesh("SpecialMesh",Part,Enum.MeshType.Brick,"",Vector3.new(0, 0, 0),Vector3.new(1.04999995, 1.01999998, 1.03999996))
Part=part(Enum.FormFactor.Brick,m,Enum.Material.Slate,0,0,"Really black","Part",Vector3.new(0.283678204, 0.283678055, 0.851033628))
Partweld=weld(m,RightA,Part,CFrame.new(0, 0, 0, 1, 0, 0, 0, 1, 0, 0, 0, 1),CFrame.new(-0.0765457153, 1.08501911, -0.169064522, -1.00000012, -8.73114914e-011, 0, 0, -0.707099676, -0.707113743, 0, -0.707113862, 0.707099795))
mesh("SpecialMesh",Part,Enum.MeshType.Brick,"",Vector3.new(0, 0, 0),Vector3.new(1.03999996, 1.01999998, 1.03999996))
Part=part(Enum.FormFactor.Brick,m,Enum.Material.Slate,0,0,"Really black","Part",Vector3.new(1.41839123, 0.354597479, 1.41838956))
Partweld=weld(m,RightA,Part,CFrame.new(0, 0, 0, 1, 0, 0, 0, 1, 0, 0, 0, 1),CFrame.new(0.0887441635, -0.351821661, 0.0352039337, 1.00000012, 8.73114914e-011, 0, 8.73114914e-011, 1, 4.65661287e-010, 0, 4.65661287e-010, 1))
mesh("SpecialMesh",Part,Enum.MeshType.Brick,"",Vector3.new(0, 0, 0),Vector3.new(1.03999996, 0.400000006, 1.03999996))
Part=part(Enum.FormFactor.Brick,m,Enum.Material.Slate,0,0,"Really black","Part",Vector3.new(1.41839123, 0.354597479, 1.41838956))
Partweld=weld(m,RightA,Part,CFrame.new(0, 0, 0, 1, 0, 0, 0, 1, 0, 0, 0, 1),CFrame.new(0.0887460709, 0.0736956596, 0.0351963043, 1.00000012, 8.73114914e-011, 0, 8.73114914e-011, 1, 4.65661287e-010, 0, 4.65661287e-010, 1))
mesh("SpecialMesh",Part,Enum.MeshType.Brick,"",Vector3.new(0, 0, 0),Vector3.new(1.03999996, 0.400000006, 1.03999996))
Part=part(Enum.FormFactor.Brick,m,Enum.Material.Slate,0,0,"Really black","Part",Vector3.new(0.283678204, 0.283678055, 0.851033628))
Partweld=weld(m,RightA,Part,CFrame.new(0, 0, 0, 1, 0, 0, 0, 1, 0, 0, 0, 1),CFrame.new(-0.0352067947, 1.16405034, -0.248080254, -9.72300768e-006, 9.42777842e-006, -1.00000012, 0.707110286, -0.707103312, -1.35414302e-005, -0.707103431, -0.707110167, 2.10478902e-007))
mesh("SpecialMesh",Part,Enum.MeshType.Brick,"",Vector3.new(0, 0, 0),Vector3.new(1.03999996, 1.01999998, 1.03999996))
Part=part(Enum.FormFactor.Brick,m,Enum.Material.Slate,0,0,"Really black","Part",Vector3.new(1.41839123, 0.354597479, 1.41838956))
Partweld=weld(m,RightA,Part,CFrame.new(0, 0, 0, 1, 0, 0, 0, 1, 0, 0, 0, 1),CFrame.new(0.0887374878, 0.499208927, 0.0352153778, 1.00000012, 8.73114914e-011, 0, 8.73114914e-011, 1, 4.65661287e-010, 0, 4.65661287e-010, 1))
mesh("SpecialMesh",Part,Enum.MeshType.Brick,"",Vector3.new(0, 0, 0),Vector3.new(1.03999996, 0.400000006, 1.03999996))
Part=part(Enum.FormFactor.Brick,m,Enum.Material.Slate,0,0,"Really black","Part",Vector3.new(0.283678204, 0.283678055, 0.851033628))
Partweld=weld(m,RightA,Part,CFrame.new(0, 0, 0, 1, 0, 0, 0, 1, 0, 0, 0, 1),CFrame.new(-0.0352153778, 1.50446987, -0.572892904, -9.72300768e-006, 9.42777842e-006, -1.00000012, 0.984808922, 0.173642009, -7.93859363e-006, 0.173642024, -0.984808922, -1.09724933e-005))
mesh("SpecialMesh",Part,Enum.MeshType.Brick,"",Vector3.new(0, 0, 0),Vector3.new(1.04999995, 1.01999998, 1.03999996))
Part=part(Enum.FormFactor.Brick,m,Enum.Material.Slate,0,0,"Really black","Part",Vector3.new(1.43257511, 0.56735605, 1.4325732))
Partweld=weld(m,RightA,Part,CFrame.new(0, 0, 0, 1, 0, 0, 0, 1, 0, 0, 0, 1),CFrame.new(0.0887422562, 0.853806853, 0.0352210999, 1.00000012, 8.73114914e-011, 0, 8.73114914e-011, 1, 4.65661287e-010, 0, 4.65661287e-010, 1))
mesh("SpecialMesh",Part,Enum.MeshType.Brick,"",Vector3.new(0, 0, 0),Vector3.new(1.01999998, 1.01999998, 1.01999998))
Part=part(Enum.FormFactor.Brick,m,Enum.Material.Slate,0,0,"Really black","Part",Vector3.new(0.283678204, 0.283678055, 0.851033628))
Partweld=weld(m,RightA,Part,CFrame.new(0, 0, 0, 1, 0, 0, 0, 1, 0, 0, 0, 1),CFrame.new(0.0766086578, 1.73053312, -0.854819059, 1.00000012, 8.73114914e-011, 0, 1.86264515e-009, 0.499992609, 0.86602962, 1.86264515e-009, -0.866029739, 0.499992639))
mesh("SpecialMesh",Part,Enum.MeshType.Brick,"",Vector3.new(0, 0, 0),Vector3.new(1.04999995, 1.01999998, 1.03999996))
Part=part(Enum.FormFactor.Brick,m,Enum.Material.Slate,0,0,"Really black","Part",Vector3.new(1.41839123, 1.41838992, 1.41838956))
Partweld=weld(m,RightA,Part,CFrame.new(0, 0, 0, 1, 0, 0, 0, 1, 0, 0, 0, 1),CFrame.new(0.0887136459, -0.990086555, 0.0351982117, 1.00000012, 8.73114914e-011, 0, 8.73114914e-011, 1, 4.65661287e-010, 0, 4.65661287e-010, 1))
mesh("SpecialMesh",Part,Enum.MeshType.Sphere,"",Vector3.new(0, 0, 0),Vector3.new(1, 1, 1))
Part=part(Enum.FormFactor.Brick,m,Enum.Material.Slate,0,0,"Really black","Part",Vector3.new(1.41839123, 0.496436507, 1.41838956))
Partweld=weld(m,RightA,Part,CFrame.new(0, 0, 0, 1, 0, 0, 0, 1, 0, 0, 0, 1),CFrame.new(0.0887174606, -1.20285392, 0.0352039337, 1.00000012, 8.73114914e-011, 0, 8.73114914e-011, 1, 4.65661287e-010, 0, 4.65661287e-010, 1))
mesh("SpecialMesh",Part,Enum.MeshType.Brick,"",Vector3.new(0, 0, 0),Vector3.new(1.12, 1.01999998, 1.12))
Part=part(Enum.FormFactor.Brick,m,Enum.Material.Slate,0,0,"Really black","Part",Vector3.new(0.283678204, 0.283678055, 0.851033628))
Partweld=weld(m,RightA,Part,CFrame.new(0, 0, 0, 1, 0, 0, 0, 1, 0, 0, 0, 1),CFrame.new(-0.0765504837, 1.2480793, -0.237279296, -1.00000012, -8.73114914e-011, 0, 0, -0.173634395, -0.984810174, -9.31322575e-010, -0.984810233, 0.173634395))
mesh("SpecialMesh",Part,Enum.MeshType.Brick,"",Vector3.new(0, 0, 0),Vector3.new(1.04999995, 1.01999998, 1.03999996))
Part=part(Enum.FormFactor.Brick,m,Enum.Material.Slate,0,0,"Really black","Part",Vector3.new(1.41839123, 0.283678055, 1.41838956))
Partweld=weld(m,RightA,Part,CFrame.new(0, 0, 0, 1, 0, 0, 0, 1, 0, 0, 0, 1),CFrame.new(0.0887231827, -0.5645895, 0.035200119, 1.00000012, 8.73114914e-011, 0, 8.73114914e-011, 1, 4.65661287e-010, 0, 4.65661287e-010, 1))
mesh("SpecialMesh",Part,Enum.MeshType.Brick,"",Vector3.new(0, 0, 0),Vector3.new(1.05999994, 0.699999988, 1.05999994))
Part=part(Enum.FormFactor.Brick,m,Enum.Material.Slate,0,0,"Really black","Part",Vector3.new(1.41839123, 0.283678055, 1.41838956))
Partweld=weld(m,RightA,Part,CFrame.new(0, 0, 0, 1, 0, 0, 0, 1, 0, 0, 0, 1),CFrame.new(0.0887231827, -0.5645895, 0.035200119, 1.00000012, 8.73114914e-011, 0, 8.73114914e-011, 1, 4.65661287e-010, 0, 4.65661287e-010, 1))
mesh("SpecialMesh",Part,Enum.MeshType.Brick,"",Vector3.new(0, 0, 0),Vector3.new(1.03999996, 1.01999998, 1.03999996))
Part=part(Enum.FormFactor.Brick,m,Enum.Material.Slate,0,0,"Really black","Part",Vector3.new(1.41839123, 0.283678055, 1.41838956))
Partweld=weld(m,RightA,Part,CFrame.new(0, 0, 0, 1, 0, 0, 0, 1, 0, 0, 0, 1),CFrame.new(0.0887317657, -0.139071465, 0.0352087021, 1.00000012, 8.73114914e-011, 0, 8.73114914e-011, 1, 4.65661287e-010, 0, 4.65661287e-010, 1))
mesh("SpecialMesh",Part,Enum.MeshType.Brick,"",Vector3.new(0, 0, 0),Vector3.new(1.05999994, 0.699999988, 1.05999994))
Part=part(Enum.FormFactor.Brick,m,Enum.Material.Slate,0,0,"Really black","Part",Vector3.new(1.41839123, 0.283678055, 1.41838956))
Partweld=weld(m,RightA,Part,CFrame.new(0, 0, 0, 1, 0, 0, 0, 1, 0, 0, 0, 1),CFrame.new(0.0887317657, -0.139071465, 0.0352087021, 1.00000012, 8.73114914e-011, 0, 8.73114914e-011, 1, 4.65661287e-010, 0, 4.65661287e-010, 1))
mesh("SpecialMesh",Part,Enum.MeshType.Brick,"",Vector3.new(0, 0, 0),Vector3.new(1.03999996, 1.01999998, 1.03999996))
Part=part(Enum.FormFactor.Brick,m,Enum.Material.Slate,0,0,"Really black","Part",Vector3.new(1.41839123, 0.283678055, 1.41838956))
Partweld=weld(m,RightA,Part,CFrame.new(0, 0, 0, 1, 0, 0, 0, 1, 0, 0, 0, 1),CFrame.new(0.0887136459, -0.990086555, 0.0351982117, 1.00000012, 8.73114914e-011, 0, 8.73114914e-011, 1, 4.65661287e-010, 0, 4.65661287e-010, 1))
mesh("SpecialMesh",Part,Enum.MeshType.Brick,"",Vector3.new(0, 0, 0),Vector3.new(1.03999996, 1.01999998, 1.03999996))
Part=part(Enum.FormFactor.Brick,m,Enum.Material.Slate,0,0,"Really black","Part",Vector3.new(1.41839123, 0.283678055, 1.41838956))
Partweld=weld(m,RightA,Part,CFrame.new(0, 0, 0, 1, 0, 0, 0, 1, 0, 0, 0, 1),CFrame.new(0.0887336731, 0.286453009, 0.0352010727, 1.00000012, 8.73114914e-011, 0, 8.73114914e-011, 1, 4.65661287e-010, 0, 4.65661287e-010, 1))
mesh("SpecialMesh",Part,Enum.MeshType.Brick,"",Vector3.new(0, 0, 0),Vector3.new(1.05999994, 0.699999988, 1.05999994))
Part=part(Enum.FormFactor.Brick,m,Enum.Material.Slate,0,0,"Really black","Part",Vector3.new(1.41839123, 0.283678055, 1.41838956))
Partweld=weld(m,RightA,Part,CFrame.new(0, 0, 0, 1, 0, 0, 0, 1, 0, 0, 0, 1),CFrame.new(0.0887336731, 0.286453009, 0.0352010727, 1.00000012, 8.73114914e-011, 0, 8.73114914e-011, 1, 4.65661287e-010, 0, 4.65661287e-010, 1))
mesh("SpecialMesh",Part,Enum.MeshType.Brick,"",Vector3.new(0, 0, 0),Vector3.new(1.03999996, 1.01999998, 1.03999996))
LeftArmPlate=part(Enum.FormFactor.Brick,m,Enum.Material.Slate,0,0,"Really black","LeftArmPlate",Vector3.new(1.41839123, 2.83677983, 1.41838956))
LeftArmPlateweld=weld(m,RightA,LeftArmPlate,CFrame.new(0, 0, 0, 1, 0, 0, 0, 1, 0, 0, 0, 1),CFrame.new(0.088727951, 0.00277280807, 0.03520298, 1.00000012, 8.73114914e-011, 0, 8.73114914e-011, 1, 4.65661287e-010, 0, 4.65661287e-010, 1))
mesh("SpecialMesh",LeftArmPlate,Enum.MeshType.Brick,"",Vector3.new(0, 0, 0),Vector3.new(1.01999998, 1.01999998, 1.01999998))


	Player=game:GetService('Players').LocalPlayer
	Character=Player.Character
	Mouse=Player:GetMouse()
	m=Instance.new('Model',Character)


	local function weldBetween(a, b)
	    local weldd = Instance.new("ManualWeld")
	    weldd.Part0 = a
	    weldd.Part1 = b
	    weldd.C0 = CFrame.new()
	    weldd.C1 = b.CFrame:inverse() * a.CFrame
	    weldd.Parent = a
	    return weldd
	end
	
	it=Instance.new
	
	function nooutline(part)
		part.TopSurface,part.BottomSurface,part.LeftSurface,part.RightSurface,part.FrontSurface,part.BackSurface = 10,10,10,10,10,10
	end
	
	function part(formfactor,parent,material,reflectance,transparency,brickcolor,name,size)
		local fp=it("Part")
		fp.formFactor=formfactor
		fp.Parent=parent
		fp.Reflectance=reflectance
		fp.Transparency=transparency
		fp.CanCollide=false
		fp.Locked=true
		fp.BrickColor=BrickColor.new(tostring(brickcolor))
		fp.Name=name
		fp.Size=size
		fp.Position=Character.Torso.Position
		nooutline(fp)
		fp.Material=material
		fp:BreakJoints()
		return fp
	end
	
	function mesh(Mesh,part,meshtype,meshid,offset,scale)
		local mesh=it(Mesh)
		mesh.Parent=part
		if Mesh=="SpecialMesh" then
			mesh.MeshType=meshtype
			mesh.MeshId=meshid
		end
		mesh.Offset=offset
		mesh.Scale=scale
		return mesh
	end
	
	function weld(parent,part0,part1,c0,c1)
		local weld=it("Weld")
		weld.Parent=parent
		weld.Part0=part0
		weld.Part1=part1
		weld.C0=c0
		weld.C1=c1
		return weld
	end

Orb2=part(Enum.FormFactor.Brick,m,Enum.Material.Neon,0,0,"Institutional white","Handle",Vector3.new(0.887265563, 0.887265563, 0.887265563))
Orb2weld=weld(m,Character["Left Arm"],Orb2,CFrame.new(0, 0, 0, 1, 0, 0, 0, 1, 0, 0, 0, 1),CFrame.new(-0.502059937, 0.355368137, 1.71773267, -0.44424206, 0.232894972, -0.865106404, 0.628215313, 0.769424856, -0.115459129, 0.638744593, -0.594764709, -0.488119096))
mesh("SpecialMesh",Orb2,Enum.MeshType.Sphere,"",Vector3.new(0, 0, 0),Vector3.new(0.890794039, 0.890788555, 0.890788138))
Orb=part(Enum.FormFactor.Brick,m,Enum.Material.Neon,0,0.5,"Institutional white","Orb",Vector3.new(1.2214824, 1.2214824, 1.2214824))
Orb.Shape = "Ball"
Orbweld=weld(m,Orb2,Orb,CFrame.new(0, 0, 0, 1, 0, 0, 0, 1, 0, 0, 0, 1),CFrame.new(0, 0, 0, 1.00000012, 2.98023224e-008, 2.98023224e-008, 2.98023224e-008, 1, 2.98023224e-008, 2.98023224e-008, 2.98023224e-008, 0.99999994))
Part=part(Enum.FormFactor.Brick,m,Enum.Material.Slate,0,0,"Really black","Part",Vector3.new(0.887265563, 0.887265265, 0.887265563))
Partweld=weld(m,Orb2,Part,CFrame.new(0, 0, 0, 1, 0, 0, 0, 1, 0, 0, 0, 1),CFrame.new(0.0143375397, -1.25859022, 0.329596519, 1.00000012, 2.98023224e-008, 2.98023224e-008, -1.11758709e-008, 0.923937678, -0.382543176, -5.96046448e-008, 0.382543325, 0.923937619))
mesh("BlockMesh",Part,"","",Vector3.new(0, 0, 0),Vector3.new(0.161962539, 0.615454078, 0.793611169))
Part=part(Enum.FormFactor.Brick,m,Enum.Material.Slate,0,0,"Really black","Part",Vector3.new(0.887265563, 0.887265265, 0.887265563))
Partweld=weld(m,Orb2,Part,CFrame.new(0, 0, 0, 1, 0, 0, 0, 1, 0, 0, 0, 1),CFrame.new(0.0142879486, -0.777062893, -1.45312595, 1.00000012, 2.98023224e-008, 2.98023224e-008, 1.49011612e-008, 0.923902035, -0.382629365, 0, 0.382629424, 0.923901975))
mesh("BlockMesh",Part,"","",Vector3.new(0, 0, 0),Vector3.new(0.161962584, 0.145765424, 0.372511417))
Part=part(Enum.FormFactor.Brick,m,Enum.Material.Slate,0,0,"Really black","Part",Vector3.new(0.887265563, 0.887265265, 1.29332566))
Partweld=weld(m,Orb2,Part,CFrame.new(0, 0, 0, 1, 0, 0, 0, 1, 0, 0, 0, 1),CFrame.new(0.0143518448, 1.01072788, 0.321725368, 1.00000012, 2.98023224e-008, 2.98023224e-008, 3.7252903e-009, 0.923871815, -0.382702261, 2.98023224e-008, 0.382702231, 0.923871756))
mesh("BlockMesh",Part,"","",Vector3.new(0, 0, 0),Vector3.new(0.161962584, 0.16196157, 1))
Part=part(Enum.FormFactor.Brick,m,Enum.Material.Slate,0,0,"Really black","Part",Vector3.new(0.887265563, 0.887265265, 0.887265563))
Partweld=weld(m,Orb2,Part,CFrame.new(0, 0, 0, 1, 0, 0, 0, 1, 0, 0, 0, 1),CFrame.new(0.0143795013, -0.705126762, -0.734368324, 1.00000012, 2.98023224e-008, 2.98023224e-008, -3.7252903e-009, 0.923846126, -0.38276419, 0, 0.382764339, 0.923846006))
mesh("BlockMesh",Part,"","",Vector3.new(0, 0, 0),Vector3.new(0.161962584, 0.307727039, 0.3077268))
Part=part(Enum.FormFactor.Brick,m,Enum.Material.Slate,0,0,"Really black","Part",Vector3.new(0.887265563, 0.887265265, 0.887265563))
Partweld=weld(m,Orb2,Part,CFrame.new(0, 0, 0, 1, 0, 0, 0, 1, 0, 0, 0, 1),CFrame.new(0.0144195557, -0.138575554, 1.73011065, 1.00000012, 2.98023224e-008, 2.98023224e-008, 7.4505806e-009, 0.923765123, -0.382959813, 2.98023224e-008, 0.382959902, 0.923765063))
mesh("BlockMesh",Part,"","",Vector3.new(0, 0, 0),Vector3.new(0.161962539, 0.453492314, 0.583061278))
Part=part(Enum.FormFactor.Brick,m,Enum.Material.Slate,0,0,"Really black","Part",Vector3.new(0.887265563, 0.887265265, 0.887265563))
Partweld=weld(m,Orb2,Part,CFrame.new(0, 0, 0, 1, 0, 0, 0, 1, 0, 0, 0, 1),CFrame.new(0.014383316, -0.769768238, 0.57397604, 1.00000012, 2.98023224e-008, 2.98023224e-008, -3.7252903e-009, 0.923928976, -0.382563949, -2.98023224e-008, 0.382564008, 0.923928976))
mesh("BlockMesh",Part,"","",Vector3.new(0, 0, 0),Vector3.new(0.161962584, 0.16196157, 0.242942229))
Part=part(Enum.FormFactor.Brick,m,Enum.Material.Slate,0,0,"Really black","Part",Vector3.new(0.887265563, 0.887265265, 0.887265563))
Partweld=weld(m,Orb2,Part,CFrame.new(0, 0, 0, 1, 0, 0, 0, 1, 0, 0, 0, 1),CFrame.new(0.0143966675, -0.733929157, 0.825384617, 1.00000012, 2.98023224e-008, 2.98023224e-008, -3.7252903e-009, 0.923918545, -0.3825894, 0, 0.382589459, 0.923918486))
mesh("BlockMesh",Part,"","",Vector3.new(0, 0, 0),Vector3.new(0.161962584, 0.242942333, 0.323922902))
Part=part(Enum.FormFactor.Brick,m,Enum.Material.Slate,0,0,"Really black","Part",Vector3.new(0.887265563, 0.887265265, 0.887265563))
Partweld=weld(m,Orb2,Part,CFrame.new(0, 0, 0, 1, 0, 0, 0, 1, 0, 0, 0, 1),CFrame.new(0.0144147873, -1.38066387, -0.353047848, 1.00000012, 2.98023224e-008, 2.98023224e-008, -3.7252903e-009, 0.923928976, -0.382563949, -2.98023224e-008, 0.382564008, 0.923928976))
mesh("BlockMesh",Part,"","",Vector3.new(0, 0, 0),Vector3.new(0.161962584, 0.890788734, 0.745022833))
Part=part(Enum.FormFactor.Brick,m,Enum.Material.Slate,0,0,"Really black","Part",Vector3.new(0.887265563, 0.887265265, 0.887265563))
Partweld=weld(m,Orb2,Part,CFrame.new(0, 0, 0, 1, 0, 0, 0, 1, 0, 0, 0, 1),CFrame.new(0.014339447, -1.12845087, -0.970898151, 1.00000012, 2.98023224e-008, 2.98023224e-008, -1.49011612e-008, 0.923991561, -0.38241303, -2.98023224e-008, 0.382413089, 0.923991442))
mesh("BlockMesh",Part,"","",Vector3.new(0, 0, 0),Vector3.new(0.161962584, 0.3239232, 0.323922902))
Part=part(Enum.FormFactor.Brick,m,Enum.Material.Slate,0,0,"Really black","Part",Vector3.new(0.887265563, 0.887265265, 1.25021493))
Partweld=weld(m,Orb2,Part,CFrame.new(0, 0, 0, 1, 0, 0, 0, 1, 0, 0, 0, 1),CFrame.new(0.014421463, 1.1401, 2.09678173, 1.00000012, 2.98023224e-008, 2.98023224e-008, 1.11758709e-008, 0.923716426, -0.383077323, 2.98023224e-008, 0.383077323, 0.923716307))
mesh("BlockMesh",Part,"","",Vector3.new(0, 0, 0),Vector3.new(0.161962539, 0.906984746, 1))
Part=part(Enum.FormFactor.Brick,m,Enum.Material.Slate,0,0,"Really black","Part",Vector3.new(0.887265563, 0.887265265, 0.887265563))
Partweld=weld(m,Orb2,Part,CFrame.new(0, 0, 0, 1, 0, 0, 0, 1, 0, 0, 0, 1),CFrame.new(0.014421463, -0.583045006, -1.08001328, 1.00000012, 2.98023224e-008, 2.98023224e-008, -1.11758709e-008, 0.923855543, -0.382741481, 0, 0.38274157, 0.923855543))
mesh("BlockMesh",Part,"","",Vector3.new(0, 0, 0),Vector3.new(0.161962584, 0.583061755, 0.469688207))
Part=part(Enum.FormFactor.Brick,m,Enum.Material.Slate,0,0,"Really black","Part",Vector3.new(0.887265563, 0.887265265, 0.887265563))
Partweld=weld(m,Orb2,Part,CFrame.new(0, 0, 0, 1, 0, 0, 0, 1, 0, 0, 0, 1),CFrame.new(0.0144405365, 0.82538271, 0.82533884, 1.00000012, 2.98023224e-008, 2.98023224e-008, 7.4505806e-009, 0.923936188, -0.382546633, -2.98023224e-008, 0.382546723, 0.923936188))
mesh("BlockMesh",Part,"","",Vector3.new(0, 0, 0),Vector3.new(0.161962539, 0.259138525, 0.323922902))
Part=part(Enum.FormFactor.Brick,m,Enum.Material.Slate,0,0,"Really black","Part",Vector3.new(0.887265563, 0.887265265, 0.887265563))
Partweld=weld(m,Orb2,Part,CFrame.new(0, 0, 0, 1, 0, 0, 0, 1, 0, 0, 0, 1),CFrame.new(0.0143356323, 0.867033958, 0.573077679, 1.00000012, 2.98023224e-008, 2.98023224e-008, 1.11758709e-008, 0.923900545, -0.382632852, -2.98023224e-008, 0.382632971, 0.923900485))
mesh("BlockMesh",Part,"","",Vector3.new(0, 0, 0),Vector3.new(0.161962584, 0.16196157, 0.242942229))
Part=part(Enum.FormFactor.Brick,m,Enum.Material.Slate,0,0,"Really black","Part",Vector3.new(0.887265563, 0.887265265, 0.887265563))
Partweld=weld(m,Orb2,Part,CFrame.new(0, 0, 0, 1, 0, 0, 0, 1, 0, 0, 0, 1),CFrame.new(0.0144271851, 0.400120258, 1.79469538, 1.00000012, 2.98023224e-008, 2.98023224e-008, 7.4505806e-009, 0.923717797, -0.383073896, -2.98023224e-008, 0.383073926, 0.923717678))
mesh("BlockMesh",Part,"","",Vector3.new(0, 0, 0),Vector3.new(0.161962539, 0.761219323, 0.728826642))
Part=part(Enum.FormFactor.Brick,m,Enum.Material.Slate,0,0,"Really black","Part",Vector3.new(0.887265563, 0.887265265, 2.58665133))
Partweld=weld(m,Orb2,Part,CFrame.new(0, 0, 0, 1, 0, 0, 0, 1, 0, 0, 0, 1),CFrame.new(0.0143842697, -0.913496971, -0.324445724, 1.00000012, 2.98023224e-008, 2.98023224e-008, -3.7252903e-009, 0.923928976, -0.382563949, -2.98023224e-008, 0.382564008, 0.923928976))
mesh("BlockMesh",Part,"","",Vector3.new(0, 0, 0),Vector3.new(0.161962584, 0.16196157, 1))
Part=part(Enum.FormFactor.Brick,m,Enum.Material.Slate,0,0,"Really black","Part",Vector3.new(0.887265563, 0.887265265, 0.887265563))
Partweld=weld(m,Orb2,Part,CFrame.new(0, 0, 0, 1, 0, 0, 0, 1, 0, 0, 0, 1),CFrame.new(0.0143375397, -0.541174889, 1.62945747, 1.00000012, 2.98023224e-008, 2.98023224e-008, 1.86264515e-008, 0.923819423, -0.382828385, -5.96046448e-008, 0.382828504, 0.923819482))
mesh("BlockMesh",Part,"","",Vector3.new(0, 0, 0),Vector3.new(0.161962539, 0.453492463, 0.356315255))
Part=part(Enum.FormFactor.Brick,m,Enum.Material.Slate,0,0,"Really black","Part",Vector3.new(0.887265563, 2.06932139, 0.887265563))
Partweld=weld(m,Orb2,Part,CFrame.new(0, 0, 0, 1, 0, 0, 0, 1, 0, 0, 0, 1),CFrame.new(0.0143985748, 0.0481734276, 1.21983814, 1.00000012, 2.98023224e-008, 2.98023224e-008, 7.4505806e-009, 0.92387718, -0.382689148, -2.98023224e-008, 0.382689238, 0.92387712))
mesh("BlockMesh",Part,"","",Vector3.new(0, 0, 0),Vector3.new(0.161962584, 1, 0.566865087))
Part=part(Enum.FormFactor.Brick,m,Enum.Material.Slate,0,0,"Really black","Part",Vector3.new(0.887265563, 0.887265265, 0.887265563))
Partweld=weld(m,Orb2,Part,CFrame.new(0, 0, 0, 1, 0, 0, 0, 1, 0, 0, 0, 1),CFrame.new(0.0142784119, -1.2364316, -0.755404949, 1.00000012, 2.98023224e-008, 2.98023224e-008, 1.49011612e-008, 0.923943341, -0.382529408, -2.98023224e-008, 0.382529497, 0.923943341))
mesh("BlockMesh",Part,"","",Vector3.new(0, 0, 0),Vector3.new(0.161962584, 0.566865504, 0.161961451))
Part=part(Enum.FormFactor.Brick,m,Enum.Material.Slate,0,0,"Really black","Part",Vector3.new(0.887265563, 0.887265265, 0.887265563))
Partweld=weld(m,Orb2,Part,CFrame.new(0, 0, 0, 1, 0, 0, 0, 1, 0, 0, 0, 1),CFrame.new(0.0143661499, -0.769869804, -0.475550175, 1.00000012, 2.98023224e-008, 2.98023224e-008, -3.7252903e-009, 0.923884392, -0.382671893, 0, 0.382671893, 0.923884332))
mesh("BlockMesh",Part,"","",Vector3.new(0, 0, 0),Vector3.new(0.161962584, 0.16196157, 0.275334477))
Part=part(Enum.FormFactor.Brick,m,Enum.Material.Slate,0,0,"Really black","Part",Vector3.new(0.887265563, 1.33643687, 0.887265563))
Partweld=weld(m,Orb2,Part,CFrame.new(0, 0, 0, 1, 0, 0, 0, 1, 0, 0, 0, 1),CFrame.new(0.0143489838, 0.0422496796, 0.896978855, 1.00000012, 2.98023224e-008, 2.98023224e-008, 1.11758709e-008, 0.923894286, -0.382647961, 2.98023224e-008, 0.382647932, 0.923894167))
mesh("BlockMesh",Part,"","",Vector3.new(0, 0, 0),Vector3.new(0.161962584, 1, 0.161961451))
Part=part(Enum.FormFactor.Brick,m,Enum.Material.Slate,0,0,"Really black","Part",Vector3.new(0.887265563, 0.887265265, 0.887265563))
Partweld=weld(m,Orb2,Part,CFrame.new(0, 0, 0, 1, 0, 0, 0, 1, 0, 0, 0, 1),CFrame.new(0.0143232346, 1.78682709, 2.95177078, 1.00000012, 2.98023224e-008, 2.98023224e-008, 1.11758709e-008, 0.923716426, -0.383077323, 2.98023224e-008, 0.383077323, 0.923716307))
mesh("BlockMesh",Part,"","",Vector3.new(0, 0, 0),Vector3.new(0.161962584, 0.550669432, 0.842199624))
Wedge=part(Enum.FormFactor.Brick,m,Enum.Material.Slate,0,0,"Really black","Wedge",Vector3.new(0.887265563, 0.887265265, 0.887265563))
Wedgeweld=weld(m,Orb2,Wedge,CFrame.new(0, 0, 0, 1, 0, 0, 0, 1, 0, 0, 0, 1),CFrame.new(0.0143451691, -0.970619202, 1.3801322, 1.00000012, 2.98023224e-008, 2.98023224e-008, 0, 0.382422388, 0.923987627, 1.49011612e-008, -0.923987687, 0.382422358))
mesh("SpecialMesh",Wedge,Enum.MeshType.Wedge,"",Vector3.new(0, 0, 0),Vector3.new(0.161962584, 0.3239232, 0.242942229))
Wedge=part(Enum.FormFactor.Brick,m,Enum.Material.Slate,0,0,"Really black","Wedge",Vector3.new(0.887265563, 0.887265265, 0.887265563))
Wedgeweld=weld(m,Orb2,Wedge,CFrame.new(0, 0, 0, 1, 0, 0, 0, 1, 0, 0, 0, 1),CFrame.new(-0.0143575668, 0.867223263, -0.314217091, -1.00000012, -2.98023224e-008, -2.98023224e-008, 7.4505806e-009, 0.923972368, -0.382459223, 2.98023224e-008, -0.382459283, -0.923972309))
mesh("SpecialMesh",Wedge,Enum.MeshType.Wedge,"",Vector3.new(0, 0, 0),Vector3.new(0.161962584, 0.16196163, 0.340119064))
Wedge=part(Enum.FormFactor.Brick,m,Enum.Material.Slate,0,0,"Really black","Wedge",Vector3.new(0.887265563, 0.887265265, 0.887265563))
Wedgeweld=weld(m,Orb2,Wedge,CFrame.new(0, 0, 0, 1, 0, 0, 0, 1, 0, 0, 0, 1),CFrame.new(0.0142812729, 0.769894123, -0.315297604, 1.00000012, 2.98023224e-008, 2.98023224e-008, -7.4505806e-009, -0.923946202, 0.382522434, 2.98023224e-008, -0.382522523, -0.923946202))
mesh("SpecialMesh",Wedge,Enum.MeshType.Wedge,"",Vector3.new(0, 0, 0),Vector3.new(0.161962584, 0.16196157, 0.340119064))
Wedge=part(Enum.FormFactor.Brick,m,Enum.Material.Slate,0,0,"Really black","Wedge",Vector3.new(0.887265563, 0.887265265, 0.887265563))
Wedgeweld=weld(m,Orb2,Wedge,CFrame.new(0, 0, 0, 1, 0, 0, 0, 1, 0, 0, 0, 1),CFrame.new(0.014169693, -0.540971756, 1.88808012, 1.00000012, 2.98023224e-008, 2.98023224e-008, 0, 0.923836112, -0.38278845, 0, 0.38278845, 0.923835993))
mesh("SpecialMesh",Wedge,Enum.MeshType.Wedge,"",Vector3.new(0, 0, 0),Vector3.new(0.161962584, 0.453492463, 0.226746053))
Wedge=part(Enum.FormFactor.Brick,m,Enum.Material.Slate,0,0,"Really black","Wedge",Vector3.new(0.887265563, 0.887265265, 0.887265563))
Wedgeweld=weld(m,Orb2,Wedge,CFrame.new(0, 0, 0, 1, 0, 0, 0, 1, 0, 0, 0, 1),CFrame.new(-0.0142345428, 0.769889832, -0.0939731598, -1.00000012, -2.98023224e-008, -2.98023224e-008, -1.49011612e-008, -0.923993051, 0.382409662, 0, 0.382409692, 0.923992991))
mesh("SpecialMesh",Wedge,Enum.MeshType.Wedge,"",Vector3.new(0, 0, 0),Vector3.new(0.161962584, 0.16196157, 0.583061278))
Wedge=part(Enum.FormFactor.Brick,m,Enum.Material.Slate,0,0,"Really black","Wedge",Vector3.new(0.887265563, 0.887265265, 0.887265563))
Wedgeweld=weld(m,Orb2,Wedge,CFrame.new(0, 0, 0, 1, 0, 0, 0, 1, 0, 0, 0, 1),CFrame.new(0.0143318176, -1.25844002, 1.07650661, 1.00000012, 2.98023224e-008, 2.98023224e-008, -3.7252903e-009, 0.923928976, -0.382563949, -2.98023224e-008, 0.382564008, 0.923928976))
mesh("SpecialMesh",Wedge,Enum.MeshType.Wedge,"",Vector3.new(0, 0, 0),Vector3.new(0.161962584, 0.615454078, 0.890788138))
Wedge=part(Enum.FormFactor.Brick,m,Enum.Material.Slate,0,0,"Really black","Wedge",Vector3.new(0.887265563, 0.887265265, 0.887265563))
Wedgeweld=weld(m,Orb2,Wedge,CFrame.new(0, 0, 0, 1, 0, 0, 0, 1, 0, 0, 0, 1),CFrame.new(0.0143594742, -1.65409946, 0.329646587, 1, -1.38580799e-006, -3.48687172e-006, -3.35276127e-008, 0.92394191, -0.382532895, 3.78489494e-006, 0.382532895, 0.92394191))
mesh("SpecialMesh",Wedge,Enum.MeshType.Wedge,"",Vector3.new(0, 0, 0),Vector3.new(0.161962584, 0.275334716, 0.793611169))
Wedge=part(Enum.FormFactor.Brick,m,Enum.Material.Slate,0,0,"Really black","Wedge",Vector3.new(0.887265563, 0.887265265, 0.887265563))
Wedgeweld=weld(m,Orb2,Wedge,CFrame.new(0, 0, 0, 1, 0, 0, 0, 1, 0, 0, 0, 1),CFrame.new(-0.0144309998, 0.633481979, -0.47542429, -1.00000012, -2.98023224e-008, -2.98023224e-008, -1.11758709e-008, -0.923920572, 0.382584453, 2.98023224e-008, 0.382584512, 0.923920512))
mesh("SpecialMesh",Wedge,Enum.MeshType.Wedge,"",Vector3.new(0, 0, 0),Vector3.new(0.161962539, 0.145765424, 0.275334477))
Wedge=part(Enum.FormFactor.Brick,m,Enum.Material.Slate,0,0,"Really black","Wedge",Vector3.new(0.887265563, 0.887265265, 0.887265563))
Wedgeweld=weld(m,Orb2,Wedge,CFrame.new(0, 0, 0, 1, 0, 0, 0, 1, 0, 0, 0, 1),CFrame.new(-0.0142469406, 0.446671486, -0.734605312, -1.00000012, -2.98023224e-008, -2.98023224e-008, 1.11758709e-008, -0.923937678, 0.382543176, -5.96046448e-008, 0.382543325, 0.923937619))
mesh("SpecialMesh",Wedge,Enum.MeshType.Wedge,"",Vector3.new(0, 0, 0),Vector3.new(0.161962539, 0.275334716, 0.3077268))
Wedge=part(Enum.FormFactor.Brick,m,Enum.Material.Slate,0,0,"Really black","Wedge",Vector3.new(0.887265563, 1.79628587, 0.887265563))
Wedgeweld=weld(m,Orb2,Wedge,CFrame.new(0, 0, 0, 1, 0, 0, 0, 1, 0, 0, 0, 1),CFrame.new(-0.0143251419, 0.573383808, 1.31253004, -1.00000012, -2.98023224e-008, -2.98023224e-008, 2.98023224e-008, 0.383082122, 0.92371434, -1.49011612e-008, 0.92371428, -0.383082002))
mesh("SpecialMesh",Wedge,Enum.MeshType.Wedge,"",Vector3.new(0, 0, 0),Vector3.new(0.161962584, 1, 0.518276632))
Wedge=part(Enum.FormFactor.Brick,m,Enum.Material.Slate,0,0,"Really black","Wedge",Vector3.new(0.887265563, 0.887265265, 0.887265563))
Wedgeweld=weld(m,Orb2,Wedge,CFrame.new(0, 0, 0, 1, 0, 0, 0, 1, 0, 0, 0, 1),CFrame.new(0.0146627426, -1.36505795, 1.12887478, 1.00000012, 2.98023224e-008, 2.98023224e-008, -2.98023224e-008, 0.38210234, 0.924120009, -3.7252903e-009, -0.924120188, 0.38210237))
mesh("SpecialMesh",Wedge,Enum.MeshType.Wedge,"",Vector3.new(0, 0, 0),Vector3.new(0.161962584, 0.566865504, 0.323922902))
Wedge=part(Enum.FormFactor.Brick,m,Enum.Material.Slate,0,0,"Really black","Wedge",Vector3.new(0.887265563, 0.887265265, 0.887265563))
Wedgeweld=weld(m,Orb2,Wedge,CFrame.new(0, 0, 0, 1, 0, 0, 0, 1, 0, 0, 0, 1),CFrame.new(0.0144557953, 0.467606068, -0.753456116, 1.00000012, 2.98023224e-008, 2.98023224e-008, 2.60770321e-008, -0.923965275, 0.382476479, 0, -0.382476568, -0.923965216))
mesh("SpecialMesh",Wedge,Enum.MeshType.Wedge,"",Vector3.new(0, 0, 0),Vector3.new(0.161962584, 0.356315494, 0.161961451))
Wedge=part(Enum.FormFactor.Brick,m,Enum.Material.Slate,0,0,"Really black","Wedge",Vector3.new(0.887265563, 0.887265265, 0.887265563))
Wedgeweld=weld(m,Orb2,Wedge,CFrame.new(0, 0, 0, 1, 0, 0, 0, 1, 0, 0, 0, 1),CFrame.new(0.014333725, -2.05626631, -0.353295326, 1.00000012, 2.98023224e-008, 2.98023224e-008, -3.7252903e-009, 0.92394191, -0.382532805, 0, 0.382532895, 0.92394197))
mesh("SpecialMesh",Wedge,Enum.MeshType.Wedge,"",Vector3.new(0, 0, 0),Vector3.new(0.161962584, 0.631650209, 0.745022833))
Wedge=part(Enum.FormFactor.Brick,m,Enum.Material.Slate,0,0,"Really black","Wedge",Vector3.new(0.887265563, 0.887265265, 0.887265563))
Wedgeweld=weld(m,Orb2,Wedge,CFrame.new(0, 0, 0, 1, 0, 0, 0, 1, 0, 0, 0, 1),CFrame.new(-0.0143194199, 0.552689552, -0.753513813, -1.00000012, -2.98023224e-008, -2.98023224e-008, -1.86264515e-008, 0.923968136, -0.382469654, 0, -0.382469654, -0.923968077))
mesh("SpecialMesh",Wedge,Enum.MeshType.Wedge,"",Vector3.new(0, 0, 0),Vector3.new(0.161962584, 0.356315523, 0.161961451))
Wedge=part(Enum.FormFactor.Brick,m,Enum.Material.Slate,0,0,"Really black","Wedge",Vector3.new(0.887265563, 0.887265265, 0.887265563))
Wedgeweld=weld(m,Orb2,Wedge,CFrame.new(0, 0, 0, 1, 0, 0, 0, 1, 0, 0, 0, 1),CFrame.new(0.0142192841, 0.399952888, 2.41989946, 1.00000012, 2.98023224e-008, 2.98023224e-008, 3.35276127e-008, 0.923707485, -0.383098871, 0, 0.383098871, 0.923707426))
mesh("SpecialMesh",Wedge,Enum.MeshType.Wedge,"",Vector3.new(0, 0, 0),Vector3.new(0.161962539, 0.761219621, 0.680238068))
Wedge=part(Enum.FormFactor.Brick,m,Enum.Material.Slate,0,0,"Really black","Wedge",Vector3.new(0.887265563, 0.887265265, 0.887265563))
Wedgeweld=weld(m,Orb2,Wedge,CFrame.new(0, 0, 0, 1, 0, 0, 0, 1, 0, 0, 0, 1),CFrame.new(-0.0143661499, -0.935334206, -2.05619001, -1.00000012, -2.98023224e-008, -2.98023224e-008, -2.98023224e-008, 0.382503301, 0.923954129, 3.7252903e-009, 0.923954248, -0.382503211))
mesh("SpecialMesh",Wedge,Enum.MeshType.Wedge,"",Vector3.new(0, 0, 0),Vector3.new(0.161962584, 0.566865504, 0.631649613))
Wedge=part(Enum.FormFactor.Brick,m,Enum.Material.Slate,0,0,"Really black","Wedge",Vector3.new(0.887265563, 0.887265265, 0.887265563))
Wedgeweld=weld(m,Orb2,Wedge,CFrame.new(0, 0, 0, 1, 0, 0, 0, 1, 0, 0, 0, 1),CFrame.new(0.0142612457, -0.755482197, 1.63165283, 1.00000012, 2.98023224e-008, 2.98023224e-008, 0, 0.382535756, 0.923940659, 3.7252903e-009, -0.923940778, 0.382535726))
mesh("SpecialMesh",Wedge,Enum.MeshType.Wedge,"",Vector3.new(0, 0, 0),Vector3.new(0.161962584, 0.16196157, 0.323922902))
Wedge=part(Enum.FormFactor.Brick,m,Enum.Material.Slate,0,0,"Really black","Wedge",Vector3.new(0.887265563, 0.887265265, 0.887265563))
