--Made by KAITO_KIRO
Player=game:GetService("Players").LocalPlayer
Character=Player.Character 
PlayerGui=Player.PlayerGui
Backpack=Player.Backpack 
Torso=Character.Torso 
Head=Character.Head 
Humanoid=Character.Humanoid
m=Instance.new('Model',Character)
LeftArm=Character["Left Arm"] 
LeftLeg=Character["Left Leg"] 
RightArm=Character["Right Arm"] 
RightLeg=Character["Right Leg"] 
LS=Torso["Left Shoulder"] 
LH=Torso["Left Hip"] 
RS=Torso["Right Shoulder"] 
RH=Torso["Right Hip"] 
Face = Head.face
Neck=Torso.Neck
it=Instance.new
attacktype=1
vt=Vector3.new
cf=CFrame.new
euler=CFrame.fromEulerAnglesXYZ
angles=CFrame.Angles
cloaked=false
necko=cf(0, 1, 0, -1, -0, -0, 0, 0, 1, 0, 1, 0)
necko2=cf(0, -0.5, 0, -1, -0, -0, 0, 0, 1, 0, 1, 0)
LHC0=cf(-1,-1,0,-0,-0,-1,0,1,0,1,0,0)
LHC1=cf(-0.5,1,0,-0,-0,-1,0,1,0,1,0,0)
RHC0=cf(1,-1,0,0,0,1,0,1,0,-1,-0,-0)
RHC1=cf(0.5,1,0,0,0,1,0,1,0,-1,-0,-0)
RootPart=Character.HumanoidRootPart
RootJoint=RootPart.RootJoint
RootCF=euler(-1.57,0,3.14)
attack = false 
attackdebounce = false 
deb=false
equipped=true
hand=false
MMouse=nil
combo=0
mana=0
trispeed=.2
attackmode='none'
local idle=0
local Anim="Idle"
local Effects={}
local gun=false
local shoot=false
player=nil 
mana=0
local CurrentMode = "Unsheathed"

mouse=Player:GetMouse()
--save shoulders 
RSH, LSH=nil, nil 
--welds 
RW, LW=Instance.new("Weld"), Instance.new("Weld") 
RW.Name="Right Shoulder" LW.Name="Left Shoulder"
LH=Torso["Left Hip"]
RH=Torso["Right Hip"]
TorsoColor=Torso.BrickColor
function NoOutline(Part)
Part.TopSurface,Part.BottomSurface,Part.LeftSurface,Part.RightSurface,Part.FrontSurface,Part.BackSurface = 10,10,10,10,10,10
end
player=Player 
ch=Character
RSH=ch.Torso["Right Shoulder"] 
LSH=ch.Torso["Left Shoulder"] 
-- 
RSH.Parent=nil 
LSH.Parent=nil 
-- 
RW.Name="Right Shoulder"
RW.Part0=ch.Torso 
RW.C0=cf(1.5, 0.5, 0) --* CFrame.fromEulerAnglesXYZ(1.3, 0, -0.5) 
RW.C1=cf(0, 0.5, 0) 
RW.Part1=ch["Right Arm"] 
RW.Parent=ch.Torso 
-- 
LW.Name="Left Shoulder"
LW.Part0=ch.Torso 
LW.C0=cf(-1.5, 0.5, 0) --* CFrame.fromEulerAnglesXYZ(1.7, 0, 0.8) 
LW.C1=cf(0, 0.5, 0) 
LW.Part1=ch["Left Arm"] 
LW.Parent=ch.Torso 

        local function weldBetween(a, b)
            local weldd = Instance.new("ManualWeld")
            weldd.Part0 = a
            weldd.Part1 = b
            weldd.C0 = CFrame.new()
            weldd.C1 = b.CFrame:inverse() * a.CFrame
            weldd.Parent = a
            return weldd
        end

        function nooutline(part)
                part.TopSurface,part.BottomSurface,part.LeftSurface,part.RightSurface,part.FrontSurface,part.BackSurface = 10,10,10,10,10,10
        end
        
        function part(formfactor,parent,material,reflectance,transparency,brickcolor,name,size)
                local fp=it("Part")
                fp.formFactor=formfactor
                fp.Parent=parent
                fp.Reflectance=reflectance
                fp.Transparency=transparency
                fp.CanCollide=false
                fp.Locked=true
                fp.BrickColor=BrickColor.new(tostring(brickcolor))
                fp.Name=name
                fp.Size=size
                fp.Position=Character.Torso.Position
                nooutline(fp)
                fp.Material=material
                fp:BreakJoints()
                return fp
        end
        
        function swait(num)
    if num==0 or num==nil then
    game:service'RunService'.Heartbeat:wait(0)
    else
    for i=0,num do
    game:service'RunService'.Heartbeat:wait(0)
    end
    end
    end
        
        function mesh(Mesh,part,meshtype,meshid,offset,scale)
                local mesh=it(Mesh)
                mesh.Parent=part
                if Mesh=="SpecialMesh" then
                        mesh.MeshType=meshtype
                        mesh.MeshId=meshid
                end
                mesh.Offset=offset
                mesh.Scale=scale
                return mesh
        end
        
        function weld(parent,part0,part1,c0,c1)
                local weld=it("Weld")
                weld.Parent=parent
                weld.Part0=part0
                weld.Part1=part1
                weld.C0=c0
                weld.C1=c1
                return weld
        end
        
        
local function CFrameFromTopBack(at, top, back)
local right = top:Cross(back)
return CFrame.new(at.x, at.y, at.z,
right.x, top.x, back.x,
right.y, top.y, back.y,
right.z, top.z, back.z)
end

function Triangle(a, b, c)
local edg1 = (c-a):Dot((b-a).unit)
local edg2 = (a-b):Dot((c-b).unit)
local edg3 = (b-c):Dot((a-c).unit)
if edg1 <= (b-a).magnitude and edg1 >= 0 then
a, b, c = a, b, c
elseif edg2 <= (c-b).magnitude and edg2 >= 0 then
a, b, c = b, c, a
elseif edg3 <= (a-c).magnitude and edg3 >= 0 then
a, b, c = c, a, b
else
assert(false, "unreachable")
end
 
local len1 = (c-a):Dot((b-a).unit)
local len2 = (b-a).magnitude - len1
local width = (a + (b-a).unit*len1 - c).magnitude
 
local maincf = CFrameFromTopBack(a, (b-a):Cross(c-b).unit, -(b-a).unit)
 
local list = {}
 
if len1 > 0.01 then
local w1 = Instance.new('WedgePart', m)
game:GetService("Debris"):AddItem(w1,5)
w1.Material = "SmoothPlastic"
w1.FormFactor = 'Custom'
w1.BrickColor = BrickColor.new("Institutional white")
w1.Transparency = 0
w1.Reflectance = 0
w1.Material = "Neon"
w1.CanCollide = false
NoOutline(w1)
local sz = Vector3.new(0.2, width, len1)
w1.Size = sz
local sp = Instance.new("SpecialMesh",w1)
sp.MeshType = "Wedge"
sp.Scale = Vector3.new(0,1,1) * sz/w1.Size
w1:BreakJoints()
w1.Anchored = true
w1.Parent = workspace
w1.Transparency = 0.3
table.insert(Effects,{w1,"Disappear",.03})
w1.CFrame = maincf*CFrame.Angles(math.pi,0,math.pi/2)*CFrame.new(0,width/2,len1/2)
table.insert(list,w1)
end
if len2 > 0.01 then
local w2 = Instance.new('WedgePart', m)
game:GetService("Debris"):AddItem(w2,5)
w2.Material = "SmoothPlastic"
w2.FormFactor = 'Custom'
w2.BrickColor = BrickColor.new("Institutional white")
w2.Transparency = 0
w2.Reflectance = 0
w2.Material = "Neon"
w2.CanCollide = false
NoOutline(w2)
local sz = Vector3.new(0.2, width, len2)
w2.Size = sz
local sp = Instance.new("SpecialMesh",w2)
sp.MeshType = "Wedge"
sp.Scale = Vector3.new(0,1,1) * sz/w2.Size
w2:BreakJoints()
w2.Anchored = true
w2.Parent = workspace
w2.Transparency = 0.3
table.insert(Effects,{w2,"Disappear",.03})
w2.CFrame = maincf*CFrame.Angles(math.pi,math.pi,-math.pi/2)*CFrame.new(0,width/2,-len1 - len2/2)
table.insert(list,w2)
end
return unpack(list)
end
        
        
so = function(id,par,vol,pit) 
coroutine.resume(coroutine.create(function()
local sou = Instance.new("Sound",par or workspace)
sou.Volume=vol
sou.Pitch=pit or 1
sou.SoundId=id
swait() 
sou:play() 
game:GetService("Debris"):AddItem(sou,6)
end))
end
 
function clerp(a,b,t) 
local qa = {QuaternionFromCFrame(a)}
local qb = {QuaternionFromCFrame(b)} 
local ax, ay, az = a.x, a.y, a.z 
local bx, by, bz = b.x, b.y, b.z
local _t = 1-t
return QuaternionToCFrame(_t*ax + t*bx, _t*ay + t*by, _t*az + t*bz,QuaternionSlerp(qa, qb, t)) 
end 
 
function QuaternionFromCFrame(cf) 
local mx, my, mz, m00, m01, m02, m10, m11, m12, m20, m21, m22 = cf:components() 
local trace = m00 + m11 + m22 
if trace > 0 then 
local s = math.sqrt(1 + trace) 
local recip = 0.5/s 
return (m21-m12)*recip, (m02-m20)*recip, (m10-m01)*recip, s*0.5 
else 
local i = 0 
if m11 > m00 then
i = 1
end
if m22 > (i == 0 and m00 or m11) then 
i = 2 
end 
if i == 0 then 
local s = math.sqrt(m00-m11-m22+1) 
local recip = 0.5/s 
return 0.5*s, (m10+m01)*recip, (m20+m02)*recip, (m21-m12)*recip 
elseif i == 1 then 
local s = math.sqrt(m11-m22-m00+1) 
local recip = 0.5/s 
return (m01+m10)*recip, 0.5*s, (m21+m12)*recip, (m02-m20)*recip 
elseif i == 2 then 
local s = math.sqrt(m22-m00-m11+1) 
local recip = 0.5/s return (m02+m20)*recip, (m12+m21)*recip, 0.5*s, (m10-m01)*recip 
end 
end 
end
 
function QuaternionToCFrame(px, py, pz, x, y, z, w) 
local xs, ys, zs = x + x, y + y, z + z 
local wx, wy, wz = w*xs, w*ys, w*zs 
local xx = x*xs 
local xy = x*ys 
local xz = x*zs 
local yy = y*ys 
local yz = y*zs 
local zz = z*zs 
return CFrame.new(px, py, pz,1-(yy+zz), xy - wz, xz + wy,xy + wz, 1-(xx+zz), yz - wx, xz - wy, yz + wx, 1-(xx+yy)) 
end
 
function QuaternionSlerp(a, b, t) 
local cosTheta = a[1]*b[1] + a[2]*b[2] + a[3]*b[3] + a[4]*b[4] 
local startInterp, finishInterp; 
if cosTheta >= 0.0001 then 
if (1 - cosTheta) > 0.0001 then 
local theta = math.acos(cosTheta) 
local invSinTheta = 1/math.sin(theta) 
startInterp = math.sin((1-t)*theta)*invSinTheta 
finishInterp = math.sin(t*theta)*invSinTheta  
else 
startInterp = 1-t 
finishInterp = t 
end 
else 
if (1+cosTheta) > 0.0001 then 
local theta = math.acos(-cosTheta) 
local invSinTheta = 1/math.sin(theta) 
startInterp = math.sin((t-1)*theta)*invSinTheta 
finishInterp = math.sin(t*theta)*invSinTheta 
else 
startInterp = t-1 
finishInterp = t 
end 
end 
return a[1]*startInterp + b[1]*finishInterp, a[2]*startInterp + b[2]*finishInterp, a[3]*startInterp + b[3]*finishInterp, a[4]*startInterp + b[4]*finishInterp 
end

function rayCast(Pos, Dir, Max, Ignore)  -- Origin Position , Direction, MaxDistance , IgnoreDescendants
return game:service("Workspace"):FindPartOnRay(Ray.new(Pos, Dir.unit * (Max or 999.999)), Ignore) 
end 

Damagefunc=function(Part,hit,minim,maxim,knockback,Type,Property,Delay,KnockbackType,decreaseblock)
        if hit.Parent==nil then
                return
        end
        local h=hit.Parent:FindFirstChild("Humanoid")
        for _,v in pairs(hit.Parent:children()) do
        if v:IsA("Humanoid") then
        h=v
        end
        end
        if hit.Parent.Parent:FindFirstChild("Torso")~=nil then
        h=hit.Parent.Parent:FindFirstChild("Humanoid")
        end
        if hit.Parent.className=="Hat" then
        hit=hit.Parent.Parent:findFirstChild("Head")
        end
        if h~=nil and hit.Parent.Name~=Character.Name and hit.Parent:FindFirstChild("Torso")~=nil then
        if hit.Parent:findFirstChild("DebounceHit")~=nil then if hit.Parent.DebounceHit.Value==true then return end end
        --[[                if game.Players:GetPlayerFromCharacter(hit.Parent)~=nil then
                        return
                end]]
--                        hs(hit,1.2) 
                        local c=Instance.new("ObjectValue")
                        c.Name="creator"
                        c.Value=game:service("Players").LocalPlayer
                        c.Parent=h
                        game:GetService("Debris"):AddItem(c,.5)
                local Damage=math.random(minim,maxim)
--                h:TakeDamage(Damage)
                local  blocked=false
                local  block=hit.Parent:findFirstChild("Block")
                if block~=nil then
                print(block.className)
                if block.className=="NumberValue" then
                if block.Value>0 then
                blocked=true
                if decreaseblock==nil then
                block.Value=block.Value-1
                end
                end
                end
                if block.className=="IntValue" then
                if block.Value>0 then
                blocked=true
                if decreaseblock~=nil then
                block.Value=block.Value-1
                end
                end
                end
                end
                if blocked==false then
--                h:TakeDamage(Damage)
                h.Health=h.Health-Damage
                ShowDamage((Part.CFrame * CFrame.new(0, 0, (Part.Size.Z / 2)).p + Vector3.new(0, 1.5, 0)), -Damage, 1.5, Part.BrickColor.Color)
                else
                h.Health=h.Health-(Damage/2)
                ShowDamage((Part.CFrame * CFrame.new(0, 0, (Part.Size.Z / 2)).p + Vector3.new(0, 1.5, 0)), -Damage, 1.5, BrickColor.new("Bright blue").Color)
                end
                if Type=="Knockdown" then
                local hum=hit.Parent.Humanoid
hum.PlatformStand=true
coroutine.resume(coroutine.create(function(HHumanoid)
swait(1)
HHumanoid.PlatformStand=false
end),hum)
                local angle=(hit.Position-(Property.Position+Vector3.new(0,0,0))).unit
--hit.CFrame=CFrame.new(hit.Position,Vector3.new(angle.x,hit.Position.y,angle.z))*CFrame.fromEulerAnglesXYZ(math.pi/4,0,0)
local bodvol=Instance.new("BodyVelocity")
bodvol.velocity=angle*knockback
bodvol.P=5000
bodvol.maxForce=Vector3.new(8e+003, 8e+003, 8e+003)
bodvol.Parent=hit
local rl=Instance.new("BodyAngularVelocity")
rl.P=3000
rl.maxTorque=Vector3.new(500000,500000,500000)*50000000000000
rl.angularvelocity=Vector3.new(math.random(-10,10),math.random(-10,10),math.random(-10,10))
rl.Parent=hit
game:GetService("Debris"):AddItem(bodvol,.5)
game:GetService("Debris"):AddItem(rl,.5)
                elseif Type=="Normal" then
                local vp=Instance.new("BodyVelocity")
                vp.P=500
                vp.maxForce=Vector3.new(math.huge,0,math.huge)
--                vp.velocity=Character.Torso.CFrame.lookVector*Knockback
                if KnockbackType==1 then
                vp.velocity=Property.CFrame.lookVector*knockback+Property.Velocity/1.05
                elseif KnockbackType==2 then
                vp.velocity=Property.CFrame.lookVector*knockback
                end
                if knockback>0 then
                        vp.Parent=hit.Parent.Torso
                end
                game:GetService("Debris"):AddItem(vp,.5)
                elseif Type=="Up" then
                local bodyVelocity=Instance.new("BodyVelocity")
                bodyVelocity.velocity=vt(0,60,0)
                bodyVelocity.P=5000
                bodyVelocity.maxForce=Vector3.new(8e+003, 8e+003, 8e+003)
                bodyVelocity.Parent=hit
                game:GetService("Debris"):AddItem(bodyVelocity,1)
                local rl=Instance.new("BodyAngularVelocity")
                rl.P=3000
                rl.maxTorque=Vector3.new(500000,500000,500000)*50000000000000
                rl.angularvelocity=Vector3.new(math.random(-30,30),math.random(-30,30),math.random(-30,30))
                rl.Parent=hit
                game:GetService("Debris"):AddItem(rl,.5)
                elseif Type=="Snare" then
                local bp=Instance.new("BodyPosition")
                bp.P=2000
                bp.D=100
                bp.maxForce=Vector3.new(math.huge,math.huge,math.huge)
                bp.position=hit.Parent.Torso.Position
                bp.Parent=hit.Parent.Torso
                game:GetService("Debris"):AddItem(bp,1)
                elseif Type=="Target" then
	            local Targetting = false
                if Targetting==false then
                ZTarget=hit.Parent.Torso
                coroutine.resume(coroutine.create(function(Part) 
                so("http://www.roblox.com/asset/?id=15666462",Part,1,1.5) 
                swait(5)
                so("http://www.roblox.com/asset/?id=15666462",Part,1,1.5) 
                end),ZTarget)
                local TargHum=ZTarget.Parent:findFirstChild("Humanoid")
                local  targetgui=Instance.new("BillboardGui")
                targetgui.Parent=ZTarget
                targetgui.Size=UDim2.new(10,100,10,100)
                local targ=Instance.new("ImageLabel")
                targ.Parent=targetgui
                targ.BackgroundTransparency=1
                targ.Image="rbxassetid://4834067"
                targ.Size=UDim2.new(1,0,1,0)
                cam.CameraType="Scriptable"
                cam.CoordinateFrame=CFrame.new(Head.CFrame.p,ZTarget.Position)
                local dir=Vector3.new(cam.CoordinateFrame.lookVector.x,0,cam.CoordinateFrame.lookVector.z)
                workspace.CurrentCamera.CoordinateFrame=CFrame.new(Head.CFrame.p,ZTarget.Position)
                Targetting=true
                RocketTarget=ZTarget
                for i=1,Property do
                --while Targetting==true and Humanoid.Health>0 and Character.Parent~=nil do
                if Humanoid.Health>0 and Character.Parent~=nil and TargHum.Health>0 and TargHum.Parent~=nil and Targetting==true then
                swait()
                end
                --workspace.CurrentCamera.CoordinateFrame=CFrame.new(Head.CFrame.p,Head.CFrame.p+rmdir*100)
                cam.CoordinateFrame=CFrame.new(Head.CFrame.p,ZTarget.Position)
                dir=Vector3.new(cam.CoordinateFrame.lookVector.x,0,cam.CoordinateFrame.lookVector.z)
                cam.CoordinateFrame=CFrame.new(Head.CFrame.p,ZTarget.Position)*cf(0,5,10)*euler(-0.3,0,0)
                end
                Targetting=false
                RocketTarget=nil
                targetgui.Parent=nil
                cam.CameraType="Custom"
                end
                end
                        local debounce=Instance.new("BoolValue")
                        debounce.Name="DebounceHit"
                        debounce.Parent=hit.Parent
                        debounce.Value=true
                        game:GetService("Debris"):AddItem(debounce,Delay)
                        c=Instance.new("ObjectValue")
                        c.Name="creator"
                        c.Value=Player
                        c.Parent=h
                        game:GetService("Debris"):AddItem(c,.5)
        end
end


function ShowDamage(Pos, Text, Time, Color)
	local Rate = (1 / 30)
	local Pos = (Pos or Vector3.new(0, 0, 0))
	local Text = (Text or "")
	local Time = (Time or 2)
	local Color = (Color or Color3.new(1, 0, 0))
	local EffectPart = part("Custom",workspace,"SmoothPlastic",0,1,BrickColor.new(Color),"Effect",vt(0,0,0))
	EffectPart.Anchored = true
	local BillboardGui = Instance.new("BillboardGui")
	BillboardGui.Size = UDim2.new(3, 0, 3, 0)
	BillboardGui.Adornee = EffectPart
	local TextLabel = Instance.new("TextLabel")
	TextLabel.BackgroundTransparency = 1
	TextLabel.Size = UDim2.new(1, 0, 1, 0)
	TextLabel.Text = Text
	TextLabel.TextColor3 = Color
	TextLabel.TextScaled = true
	TextLabel.Font = Enum.Font.ArialBold
	TextLabel.Parent = BillboardGui
	BillboardGui.Parent = EffectPart
	game.Debris:AddItem(EffectPart, (Time + 0.1))
	EffectPart.Parent = game:GetService("Workspace")
	Delay(0, function()
		local Frames = (Time / Rate)
		for Frame = 1, Frames do
			wait(Rate)
			local Percent = (Frame / Frames)
			EffectPart.CFrame = CFrame.new(Pos) + Vector3.new(0, Percent, 0)
			TextLabel.TextTransparency = Percent
		end
		if EffectPart and EffectPart.Parent then
			EffectPart:Destroy()
		end
	end)
end

handle=part(Enum.FormFactor.Custom,m,Enum.Material.Marble,0,0,"Black","handle",Vector3.new(0.400000006, 0.400000006, 2.20000005))
handleweld=weld(m,Character["Right Arm"],handle,CFrame.new(0, 0, 0, 1, 0, 0, 0, 0.999994874, 0, 0, 0, 1),CFrame.new(-0.758374214, 0.665901423, -0.105019093, -0.706889808, -0.707325816, -2.37656984e-016, -0.707325816, 0.706889808, -2.72852357e-035, 1.23851543e-016, 1.23927789e-016, -1))
mesh("BlockMesh",handle,"","",Vector3.new(0, 0, -0.00200000009),Vector3.new(0.74000001, 0.74000001, 0.959999979))
Part=part(Enum.FormFactor.Custom,m,Enum.Material.SmoothPlastic,0.5,0,"Pearl","Part",Vector3.new(0.200000003, 0.200000003, 1))
Partweld=weld(m,handle,Part,CFrame.new(0, 0, 0, -0.706889808, -0.707325816, -2.37656984e-016, -0.707325816, 0.706889808, -2.72852357e-035, 1.23851543e-016, 1.23927789e-016, -1),CFrame.new(1.04904175e-005, 0.0899972916, 6.06000233, -1, -0.000298770639, -1.4152457e-008, 0.000298770639, -1, 1.85732972e-007, -1.42079468e-008, 1.85728723e-007, 1))
mesh("SpecialMesh",Part,Enum.MeshType.Wedge,"",Vector3.new(0, 0, 0),Vector3.new(0.150000006, 0.899999976, 1))
Hitbox=part(Enum.FormFactor.Custom,m,Enum.Material.SmoothPlastic,0.5,0,"Pearl","Hitbox",Vector3.new(0.200000003, 0.400000006, 4))
Hitboxweld=weld(m,handle,Hitbox,CFrame.new(0, 0, 0, -0.706889808, -0.707325816, -2.37656984e-016, -0.707325816, 0.706889808, -2.72852357e-035, 1.23851543e-016, 1.23927789e-016, -1),CFrame.new(0, -3.57627869e-007, -3.56000185, -1, -0.000298770639, -1.4152457e-008, -0.000298770639, 1, -9.63270068e-008, 1.41812357e-008, -9.6322772e-008, -1))
mesh("BlockMesh",Hitbox,"","",Vector3.new(0, 0, 0),Vector3.new(0.150000006, 0.899999976, 1))
Part=part(Enum.FormFactor.Custom,m,Enum.Material.Marble,0,0,"Black","Part",Vector3.new(0.400000006, 0.400000006, 0.200000003))
Partweld=weld(m,handle,Part,CFrame.new(0, 0, 0, -0.706889808, -0.707325816, -2.37656984e-016, -0.707325816, 0.706889808, -2.72852357e-035, 1.23851543e-016, 1.23927789e-016, -1),CFrame.new(-4.76837158e-007, 9.53674316e-007, 1.08999634, -0.706889808, -0.707325816, -2.37656984e-016, -0.707325816, 0.706889808, -2.72852357e-035, 1.23851543e-016, 1.23927789e-016, -1))
mesh("BlockMesh",Part,"","",Vector3.new(0, 0, 0),Vector3.new(0.800000012, 0.800000012, 0.5))
Part=part(Enum.FormFactor.Custom,m,Enum.Material.Marble,0,0,"Black","Part",Vector3.new(0.400000006, 0.400000006, 0.200000003))
Partweld=weld(m,handle,Part,CFrame.new(0, 0, 0, -0.706889808, -0.707325816, -2.37656984e-016, -0.707325816, 0.706889808, -2.72852357e-035, 1.23851543e-016, 1.23927789e-016, -1),CFrame.new(0, 0, -0.96999836, -0.706889808, -0.707325816, -2.37656984e-016, -0.707325816, 0.706889808, -2.72852357e-035, 1.23851543e-016, 1.23927789e-016, -1))
mesh("BlockMesh",Part,"","",Vector3.new(0, 0, -0.00200000009),Vector3.new(0.5, 0.5, 0.959999979))
Part=part(Enum.FormFactor.Custom,m,Enum.Material.Marble,0,0,"Black","Part",Vector3.new(0.400000006, 0.400000006, 0.200000003))
Partweld=weld(m,handle,Part,CFrame.new(0, 0, 0, -0.706889808, -0.707325816, -2.37656984e-016, -0.707325816, 0.706889808, -2.72852357e-035, 1.23851543e-016, 1.23927789e-016, -1),CFrame.new(0, 0, -1.01000118, -0.706889808, -0.707325816, -2.37656984e-016, -0.707325816, 0.706889808, -2.72852357e-035, 1.23851543e-016, 1.23927789e-016, -1))
mesh("BlockMesh",Part,"","",Vector3.new(0, 0, 0),Vector3.new(0.800000012, 0.800000012, 0.5))
Part=part(Enum.FormFactor.Custom,m,Enum.Material.Marble,0,0,"Black","Part",Vector3.new(0.400000006, 0.400000006, 0.200000003))
Partweld=weld(m,handle,Part,CFrame.new(0, 0, 0, -0.706889808, -0.707325816, -2.37656984e-016, -0.707325816, 0.706889808, -2.72852357e-035, 1.23851543e-016, 1.23927789e-016, -1),CFrame.new(0, 0, -1.51000309, -0.706889808, -0.707325816, -2.37656984e-016, -0.707325816, 0.706889808, -2.72852357e-035, 1.23851543e-016, 1.23927789e-016, -1))
mesh("BlockMesh",Part,"","",Vector3.new(0, 0, -0.00200000009),Vector3.new(0.600000024, 0.600000024, 0.50999999))
Part=part(Enum.FormFactor.Custom,m,Enum.Material.Marble,0,0,"Black","Part",Vector3.new(0.200000003, 0.200000003, 0.200000003))
Partweld=weld(m,handle,Part,CFrame.new(0, 0, 0, -0.706889808, -0.707325816, -2.37656984e-016, -0.707325816, 0.706889808, -2.72852357e-035, 1.23851543e-016, 1.23927789e-016, -1),CFrame.new(-0.170712471, 0.170712471, -1.51000333, 0.707312465, -0.70690316, 2.98023171e-008, -0.70690316, -0.707312465, -7.45063673e-008, 7.37483319e-008, 3.16319202e-008, -1))
mesh("BlockMesh",Part,"","",Vector3.new(0, 0, 0),Vector3.new(0.800000012, 0.800000012, 0.49000001))
Part=part(Enum.FormFactor.Custom,m,Enum.Material.Marble,0,0,"Black","Part",Vector3.new(0.200000003, 0.200000003, 0.200000003))
Partweld=weld(m,handle,Part,CFrame.new(0, 0, 0, -0.706889808, -0.707325816, -2.37656984e-016, -0.707325816, 0.706889808, -2.72852357e-035, 1.23851543e-016, 1.23927789e-016, -1),CFrame.new(0.170704365, -0.17071104, -1.51000333, 0.707312465, -0.70690316, 2.98023171e-008, -0.70690316, -0.707312465, -7.45063673e-008, 7.37483319e-008, 3.16319202e-008, -1))
mesh("BlockMesh",Part,"","",Vector3.new(0, 0, 0),Vector3.new(0.800000012, 0.800000012, 0.49000001))
Part=part(Enum.FormFactor.Custom,m,Enum.Material.Marble,0,0,"Black","Part",Vector3.new(0.200000003, 0.200000003, 0.200000003))
Partweld=weld(m,handle,Part,CFrame.new(0, 0, 0, -0.706889808, -0.707325816, -2.37656984e-016, -0.707325816, 0.706889808, -2.72852357e-035, 1.23851543e-016, 1.23927789e-016, -1),CFrame.new(-0.170713425, 0.170711994, -1.51000309, -0.706889808, -0.707325816, -2.37656984e-016, -0.707325816, 0.706889808, -2.72852357e-035, 1.23851543e-016, 1.23927789e-016, -1))
mesh("BlockMesh",Part,"","",Vector3.new(0, 0, 0),Vector3.new(0.800000012, 0.800000012, 0.49000001))
Part=part(Enum.FormFactor.Custom,m,Enum.Material.Marble,0,0,"Black","Part",Vector3.new(0.400000006, 0.400000006, 0.200000003))
Partweld=weld(m,handle,Part,CFrame.new(0, 0, 0, -0.706889808, -0.707325816, -2.37656984e-016, -0.707325816, 0.706889808, -2.72852357e-035, 1.23851543e-016, 1.23927789e-016, -1),CFrame.new(0, 0, -1.51000309, -0.706889808, -0.707325816, -2.37656984e-016, -0.707325816, 0.706889808, -2.72852357e-035, 1.23851543e-016, 1.23927789e-016, -1))
mesh("BlockMesh",Part,"","",Vector3.new(0, 0, 0),Vector3.new(0.800000012, 0.800000012, 0.5))
Part=part(Enum.FormFactor.Custom,m,Enum.Material.Marble,0,0,"Black","Part",Vector3.new(0.200000003, 0.200000003, 0.200000003))
Partweld=weld(m,handle,Part,CFrame.new(0, 0, 0, -0.706889808, -0.707325816, -2.37656984e-016, -0.707325816, 0.706889808, -2.72852357e-035, 1.23851543e-016, 1.23927789e-016, -1),CFrame.new(0.170715332, -0.170710564, -1.51000309, -0.706889808, -0.707325816, -2.37656984e-016, -0.707325816, 0.706889808, -2.72852357e-035, 1.23851543e-016, 1.23927789e-016, -1))
mesh("BlockMesh",Part,"","",Vector3.new(0, 0, 0),Vector3.new(0.800000012, 0.800000012, 0.49000001))
Part=part(Enum.FormFactor.Custom,m,Enum.Material.Marble,0,0,"Bright yellow","Part",Vector3.new(0.200000003, 0.200000003, 0.200000003))
Partweld=weld(m,handle,Part,CFrame.new(0, 0, 0, -0.706889808, -0.707325816, -2.37656984e-016, -0.707325816, 0.706889808, -2.72852357e-035, 1.23851543e-016, 1.23927789e-016, -1),CFrame.new(0.170704365, -0.17071104, -1.51000333, 0.707312465, -0.70690316, 2.98023171e-008, -0.70690316, -0.707312465, -7.45063673e-008, 7.37483319e-008, 3.16319202e-008, -1))
mesh("BlockMesh",Part,"","",Vector3.new(0, 0, 0),Vector3.new(0.600000024, 0.600000024, 0.495000005))
Part=part(Enum.FormFactor.Custom,m,Enum.Material.Marble,0,0,"Bright yellow","Part",Vector3.new(0.200000003, 0.200000003, 0.200000003))
Partweld=weld(m,handle,Part,CFrame.new(0, 0, 0, -0.706889808, -0.707325816, -2.37656984e-016, -0.707325816, 0.706889808, -2.72852357e-035, 1.23851543e-016, 1.23927789e-016, -1),CFrame.new(-0.170713425, 0.170711994, -1.51000309, -0.706889808, -0.707325816, -2.37656984e-016, -0.707325816, 0.706889808, -2.72852357e-035, 1.23851543e-016, 1.23927789e-016, -1))
mesh("BlockMesh",Part,"","",Vector3.new(0, 0, 0),Vector3.new(0.600000024, 0.600000024, 0.495000005))
Part=part(Enum.FormFactor.Custom,m,Enum.Material.Marble,0,0,"Bright yellow","Part",Vector3.new(0.200000003, 0.200000003, 0.200000003))
Partweld=weld(m,handle,Part,CFrame.new(0, 0, 0, -0.706889808, -0.707325816, -2.37656984e-016, -0.707325816, 0.706889808, -2.72852357e-035, 1.23851543e-016, 1.23927789e-016, -1),CFrame.new(-0.170712471, 0.170712471, -1.51000333, 0.707312465, -0.70690316, 2.98023171e-008, -0.70690316, -0.707312465, -7.45063673e-008, 7.37483319e-008, 3.16319202e-008, -1))
mesh("BlockMesh",Part,"","",Vector3.new(0, 0, 0),Vector3.new(0.600000024, 0.600000024, 0.495000005))
Part=part(Enum.FormFactor.Custom,m,Enum.Material.Marble,0,0,"Bright yellow","Part",Vector3.new(0.200000003, 0.200000003, 0.200000003))
Partweld=weld(m,handle,Part,CFrame.new(0, 0, 0, -0.706889808, -0.707325816, -2.37656984e-016, -0.707325816, 0.706889808, -2.72852357e-035, 1.23851543e-016, 1.23927789e-016, -1),CFrame.new(-0.170713425, 0.170711994, -1.51000309, -0.706889808, -0.707325816, -2.37656984e-016, -0.707325816, 0.706889808, -2.72852357e-035, 1.23851543e-016, 1.23927789e-016, -1))
mesh("BlockMesh",Part,"","",Vector3.new(0, 0, 0),Vector3.new(0.810000002, 0.810000002, 0.200000003))
Part=part(Enum.FormFactor.Custom,m,Enum.Material.Marble,0,0,"Bright yellow","Part",Vector3.new(0.200000003, 0.200000003, 0.200000003))
Partweld=weld(m,handle,Part,CFrame.new(0, 0, 0, -0.706889808, -0.707325816, -2.37656984e-016, -0.707325816, 0.706889808, -2.72852357e-035, 1.23851543e-016, 1.23927789e-016, -1),CFrame.new(0.170715332, -0.170710564, -1.51000309, -0.706889808, -0.707325816, -2.37656984e-016, -0.707325816, 0.706889808, -2.72852357e-035, 1.23851543e-016, 1.23927789e-016, -1))
mesh("BlockMesh",Part,"","",Vector3.new(0, 0, 0),Vector3.new(0.810000002, 0.810000002, 0.200000003))
Part=part(Enum.FormFactor.Custom,m,Enum.Material.Marble,0,0,"Bright yellow","Part",Vector3.new(0.200000003, 0.200000003, 0.200000003))
Partweld=weld(m,handle,Part,CFrame.new(0, 0, 0, -0.706889808, -0.707325816, -2.37656984e-016, -0.707325816, 0.706889808, -2.72852357e-035, 1.23851543e-016, 1.23927789e-016, -1),CFrame.new(0.170704365, -0.17071104, -1.51000333, 0.707312465, -0.70690316, 2.98023171e-008, -0.70690316, -0.707312465, -7.45063673e-008, 7.37483319e-008, 3.16319202e-008, -1))
mesh("BlockMesh",Part,"","",Vector3.new(0, 0, 0),Vector3.new(0.810000002, 0.810000002, 0.200000003))
Part=part(Enum.FormFactor.Custom,m,Enum.Material.Marble,0,0,"Bright yellow","Part",Vector3.new(0.200000003, 0.200000003, 0.200000003))
Partweld=weld(m,handle,Part,CFrame.new(0, 0, 0, -0.706889808, -0.707325816, -2.37656984e-016, -0.707325816, 0.706889808, -2.72852357e-035, 1.23851543e-016, 1.23927789e-016, -1),CFrame.new(0.170715332, -0.170710564, -1.51000309, -0.706889808, -0.707325816, -2.37656984e-016, -0.707325816, 0.706889808, -2.72852357e-035, 1.23851543e-016, 1.23927789e-016, -1))
mesh("BlockMesh",Part,"","",Vector3.new(0, 0, 0),Vector3.new(0.600000024, 0.600000024, 0.495000005))
Part=part(Enum.FormFactor.Custom,m,Enum.Material.Marble,0,0,"Bright yellow","Part",Vector3.new(0.200000003, 0.200000003, 0.200000003))
Partweld=weld(m,handle,Part,CFrame.new(0, 0, 0, -0.706889808, -0.707325816, -2.37656984e-016, -0.707325816, 0.706889808, -2.72852357e-035, 1.23851543e-016, 1.23927789e-016, -1),CFrame.new(-0.170712471, 0.170712471, -1.51000333, 0.707312465, -0.70690316, 2.98023171e-008, -0.70690316, -0.707312465, -7.45063673e-008, 7.37483319e-008, 3.16319202e-008, -1))
mesh("BlockMesh",Part,"","",Vector3.new(0, 0, 0),Vector3.new(0.810000002, 0.810000002, 0.200000003))
Part=part(Enum.FormFactor.Custom,m,Enum.Material.Marble,0,0,"Bright yellow","Part",Vector3.new(0.400000006, 0.400000006, 0.200000003))
Partweld=weld(m,handle,Part,CFrame.new(0, 0, 0, -0.706889808, -0.707325816, -2.37656984e-016, -0.707325816, 0.706889808, -2.72852357e-035, 1.23851543e-016, 1.23927789e-016, -1),CFrame.new(0, 0, -1.51000309, -0.706889808, -0.707325816, -2.37656984e-016, -0.707325816, 0.706889808, -2.72852357e-035, 1.23851543e-016, 1.23927789e-016, -1))
mesh("BlockMesh",Part,"","",Vector3.new(0, 0, 0),Vector3.new(0.810000002, 0.810000002, 0.200000003))
Part=part(Enum.FormFactor.Custom,m,Enum.Material.Marble,0,0,"Bright yellow","Part",Vector3.new(0.400000006, 0.400000006, 0.200000003))
Partweld=weld(m,handle,Part,CFrame.new(0, 0, 0, -0.706889808, -0.707325816, -2.37656984e-016, -0.707325816, 0.706889808, -2.72852357e-035, 1.23851543e-016, 1.23927789e-016, -1),CFrame.new(0, 0, 0, -0.706889808, -0.707325816, -2.37656984e-016, -0.707325816, 0.706889808, -2.72852357e-035, 1.23851543e-016, 1.23927789e-016, -1))
mesh("BlockMesh",Part,"","",Vector3.new(0, 0, -0.00200000009),Vector3.new(0.75999999, 0.75999999, 0.959999979))
Part=part(Enum.FormFactor.Custom,m,Enum.Material.Marble,0,0,"Bright yellow","Part",Vector3.new(0.400000006, 0.400000006, 0.200000003))
Partweld=weld(m,handle,Part,CFrame.new(0, 0, 0, -0.706889808, -0.707325816, -2.37656984e-016, -0.707325816, 0.706889808, -2.72852357e-035, 1.23851543e-016, 1.23927789e-016, -1),CFrame.new(-4.76837158e-007, 9.53674316e-007, 0.300003052, -0.706889808, -0.707325816, -2.37656984e-016, -0.707325816, 0.706889808, -2.72852357e-035, 1.23851543e-016, 1.23927789e-016, -1))
mesh("BlockMesh",Part,"","",Vector3.new(0, 0, -0.00200000009),Vector3.new(0.75999999, 0.75999999, 0.959999979))
Part=part(Enum.FormFactor.Custom,m,Enum.Material.Marble,0,0,"Bright yellow","Part",Vector3.new(0.400000006, 0.400000006, 0.200000003))
Partweld=weld(m,handle,Part,CFrame.new(0, 0, 0, -0.706889808, -0.707325816, -2.37656984e-016, -0.707325816, 0.706889808, -2.72852357e-035, 1.23851543e-016, 1.23927789e-016, -1),CFrame.new(-4.76837158e-007, 9.53674316e-007, 0.900001526, -0.706889808, -0.707325816, -2.37656984e-016, -0.707325816, 0.706889808, -2.72852357e-035, 1.23851543e-016, 1.23927789e-016, -1))
mesh("BlockMesh",Part,"","",Vector3.new(0, 0, -0.00200000009),Vector3.new(0.75999999, 0.75999999, 0.959999979))
Part=part(Enum.FormFactor.Custom,m,Enum.Material.Marble,0,0,"Bright yellow","Part",Vector3.new(0.400000006, 0.400000006, 0.200000003))
Partweld=weld(m,handle,Part,CFrame.new(0, 0, 0, -0.706889808, -0.707325816, -2.37656984e-016, -0.707325816, 0.706889808, -2.72852357e-035, 1.23851543e-016, 1.23927789e-016, -1),CFrame.new(0, 0, -0.299998283, -0.706889808, -0.707325816, -2.37656984e-016, -0.707325816, 0.706889808, -2.72852357e-035, 1.23851543e-016, 1.23927789e-016, -1))
mesh("BlockMesh",Part,"","",Vector3.new(0, 0, -0.00200000009),Vector3.new(0.75999999, 0.75999999, 0.959999979))
Part=part(Enum.FormFactor.Custom,m,Enum.Material.Marble,0,0,"Bright yellow","Part",Vector3.new(0.400000006, 0.400000006, 0.200000003))
Partweld=weld(m,handle,Part,CFrame.new(0, 0, 0, -0.706889808, -0.707325816, -2.37656984e-016, -0.707325816, 0.706889808, -2.72852357e-035, 1.23851543e-016, 1.23927789e-016, -1),CFrame.new(-4.76837158e-007, 9.53674316e-007, 0.599998474, -0.706889808, -0.707325816, -2.37656984e-016, -0.707325816, 0.706889808, -2.72852357e-035, 1.23851543e-016, 1.23927789e-016, -1))
mesh("BlockMesh",Part,"","",Vector3.new(0, 0, -0.00200000009),Vector3.new(0.75999999, 0.75999999, 0.959999979))
Part=part(Enum.FormFactor.Custom,m,Enum.Material.Neon,0,0,"New Yeller","Part",Vector3.new(0.400000006, 0.400000006, 0.200000003))
Partweld=weld(m,handle,Part,CFrame.new(0, 0, 0, -0.706889808, -0.707325816, -2.37656984e-016, -0.707325816, 0.706889808, -2.72852357e-035, 1.23851543e-016, 1.23927789e-016, -1),CFrame.new(0, 0, -1.51000309, -0.706889808, -0.707325816, -2.37656984e-016, -0.707325816, 0.706889808, -2.72852357e-035, 1.23851543e-016, 1.23927789e-016, -1))
mesh("BlockMesh",Part,"","",Vector3.new(0, 0, 0),Vector3.new(0.699999988, 0.699999988, 0.50999999))
Part=part(Enum.FormFactor.Custom,m,Enum.Material.Neon,0,0,"New Yeller","Part",Vector3.new(0.400000006, 0.400000006, 0.200000003))
Partweld=weld(m,handle,Part,CFrame.new(0, 0, 0, -0.706889808, -0.707325816, -2.37656984e-016, -0.707325816, 0.706889808, -2.72852357e-035, 1.23851543e-016, 1.23927789e-016, -1),CFrame.new(0, 0, -1.51000309, -0.706889808, -0.707325816, -2.37656984e-016, -0.707325816, 0.706889808, -2.72852357e-035, 1.23851543e-016, 1.23927789e-016, -1))
mesh("BlockMesh",Part,"","",Vector3.new(0, 0, -0.00200000009),Vector3.new(0.200000003, 0.200000003, 0.529999971))
Part=part(Enum.FormFactor.Custom,m,Enum.Material.Neon,0,0,"New Yeller","Part",Vector3.new(0.400000006, 0.400000006, 0.200000003))
Partweld=weld(m,handle,Part,CFrame.new(0, 0, 0, -0.706889808, -0.707325816, -2.37656984e-016, -0.707325816, 0.706889808, -2.72852357e-035, 1.23851543e-016, 1.23927789e-016, -1),CFrame.new(0, 0, -1.51000309, -0.706889808, -0.707325816, -2.37656984e-016, -0.707325816, 0.706889808, -2.72852357e-035, 1.23851543e-016, 1.23927789e-016, -1))
mesh("BlockMesh",Part,"","",Vector3.new(0, 0, -0.00200000009),Vector3.new(0.0299999993, 0.600000024, 0.529999971))
Part=part(Enum.FormFactor.Custom,m,Enum.Material.Neon,0,0,"New Yeller","Part",Vector3.new(0.400000006, 0.400000006, 0.200000003))
Partweld=weld(m,handle,Part,CFrame.new(0, 0, 0, -0.706889808, -0.707325816, -2.37656984e-016, -0.707325816, 0.706889808, -2.72852357e-035, 1.23851543e-016, 1.23927789e-016, -1),CFrame.new(-9.53674316e-007, 1.28000379, 0.131719112, -0.706890166, -0.707325459, -7.00354633e-007, -7.98286237e-007, -1.92352729e-007, 1, -0.707325459, 0.706890166, -4.2867461e-007))
mesh("BlockMesh",Part,"","",Vector3.new(0, 0, 0),Vector3.new(0.0299999993, 1.20000005, 0.0299999993))
Part=part(Enum.FormFactor.Custom,m,Enum.Material.Neon,0,0,"New Yeller","Part",Vector3.new(0.400000006, 0.400000006, 0.200000003))
Partweld=weld(m,handle,Part,CFrame.new(0, 0, 0, -0.706889808, -0.707325816, -2.37656984e-016, -0.707325816, 0.706889808, -2.72852357e-035, 1.23851543e-016, 1.23927789e-016, -1),CFrame.new(-1.90734863e-006, 1.29000783, 0.159997821, 0.99999994, 0.000299277192, -4.03083277e-007, 4.03099023e-007, -5.25620685e-008, 1, 0.000299277221, -1, -5.26827044e-008))
mesh("BlockMesh",Part,"","",Vector3.new(0, 0, 0),Vector3.new(0.800000012, 0.0299999993, 0.0299999993))
Part=part(Enum.FormFactor.Custom,m,Enum.Material.Neon,0,0,"New Yeller","Part",Vector3.new(0.400000006, 0.400000006, 0.200000003))
Partweld=weld(m,handle,Part,CFrame.new(0, 0, 0, -0.706889808, -0.707325816, -2.37656984e-016, -0.707325816, 0.706889808, -2.72852357e-035, 1.23851543e-016, 1.23927789e-016, -1),CFrame.new(-3.33786011e-006, 1.28000331, 0.160001755, 0.000298437197, -1, -6.49640924e-007, -4.01389116e-007, -6.49760693e-007, 1, -1, -0.000298437197, -4.01583009e-007))
mesh("BlockMesh",Part,"","",Vector3.new(0, 0, 0),Vector3.new(0.800000012, 0.0299999993, 0.0299999993))
Part=part(Enum.FormFactor.Custom,m,Enum.Material.Neon,0,0,"New Yeller","Part",Vector3.new(0.400000006, 0.400000006, 0.200000003))
Partweld=weld(m,handle,Part,CFrame.new(0, 0, 0, -0.706889808, -0.707325816, -2.37656984e-016, -0.707325816, 0.706889808, -2.72852357e-035, 1.23851543e-016, 1.23927789e-016, -1),CFrame.new(-9.53674316e-007, -1.29000759, 0.160004616, 1, 0.000296356593, 1.66819416e-006, 1.66813425e-006, 2.02194087e-007, -1, -0.000296356593, 1, 2.0169972e-007))
mesh("BlockMesh",Part,"","",Vector3.new(0, 0, 0),Vector3.new(0.800000012, 0.0299999993, 0.0299999993))
Part=part(Enum.FormFactor.Custom,m,Enum.Material.Neon,0,0,"New Yeller","Part",Vector3.new(0.400000006, 0.400000006, 0.200000003))
Partweld=weld(m,handle,Part,CFrame.new(0, 0, 0, -0.706889808, -0.707325816, -2.37656984e-016, -0.707325816, 0.706889808, -2.72852357e-035, 1.23851543e-016, 1.23927789e-016, -1),CFrame.new(-2.98023224e-008, 0, -1.51000285, 0.259103209, -0.965849638, -2.43478695e-008, -0.965849638, -0.259103209, 1.94292014e-008, -2.50742964e-008, 1.84822131e-008, -1))
mesh("BlockMesh",Part,"","",Vector3.new(0, 0, -0.00200000009),Vector3.new(0.00999999978, 0.699999988, 0.529999971))
Part=part(Enum.FormFactor.Custom,m,Enum.Material.Neon,0,0,"New Yeller","Part",Vector3.new(0.400000006, 0.400000006, 0.200000003))
Partweld=weld(m,handle,Part,CFrame.new(0, 0, 0, -0.706889808, -0.707325816, -2.37656984e-016, -0.707325816, 0.706889808, -2.72852357e-035, 1.23851543e-016, 1.23927789e-016, -1),CFrame.new(0, -1.1920929e-007, -1.51000333, 1, 0.000298770639, 7.37575547e-008, 0.000298770639, -1, -3.98630178e-008, 7.37456389e-008, 3.98850517e-008, -1))
mesh("BlockMesh",Part,"","",Vector3.new(0, 0, -0.00200000009),Vector3.new(0.0299999993, 0.839999974, 0.529999971))
Part=part(Enum.FormFactor.Custom,m,Enum.Material.Neon,0,0,"New Yeller","Part",Vector3.new(0.400000006, 0.400000006, 0.200000003))
Partweld=weld(m,handle,Part,CFrame.new(0, 0, 0, -0.706889808, -0.707325816, -2.37656984e-016, -0.707325816, 0.706889808, -2.72852357e-035, 1.23851543e-016, 1.23927789e-016, -1),CFrame.new(0, 0, -1.51000309, -0.2585302, -0.966003239, 4.52830307e-009, -0.966003299, 0.2585302, 4.66956109e-008, -4.62788172e-008, 7.69787079e-009, -1))
mesh("BlockMesh",Part,"","",Vector3.new(0, 0, -0.00200000009),Vector3.new(0.00999999978, 0.699999988, 0.529999971))
Part=part(Enum.FormFactor.Custom,m,Enum.Material.Neon,0,0,"New Yeller","Part",Vector3.new(0.400000006, 0.400000006, 0.200000003))
Partweld=weld(m,handle,Part,CFrame.new(0, 0, 0, -0.706889808, -0.707325816, -2.37656984e-016, -0.707325816, 0.706889808, -2.72852357e-035, 1.23851543e-016, 1.23927789e-016, -1),CFrame.new(0, 0, -1.51000333, 0.500252426, -0.865881324, 6.15431439e-009, -0.865881383, -0.500252545, -1.57115672e-008, 1.6683062e-008, 2.53084376e-009, -1))
mesh("BlockMesh",Part,"","",Vector3.new(0, 0, -0.00200000009),Vector3.new(0.00999999978, 0.620000005, 0.529999971))
