local asin = math.asin
local atan2 = math.atan2
local rad = math.rad
local sin = math.sin
local abs = math.abs
local ceil = math.ceil
local cos = math.cos
local pi = math.pi
local cf = CFrame.new
local v3 = Vector3.new
local ca = CFrame.Angles
local player = game.Players.LocalPlayer
local pchar = player.Character
local torso = pchar.Torso
local mouse = player:GetMouse()

New = function(Object, Parent, Name, Data)
	local Object = Instance.new(Object)
	if Object.ClassName == "Part" then Object.Locked=true end  
	for Index, Value in pairs(Data or {}) do
		Object[Index] = Value
	end
	Object.Parent = Parent
	Object.Name = Name
	return Object
end

function stick(x, y)
	weld = Instance.new("Motor") 
	weld.Name='mot'
	weld.Part0 = x
	weld.Part1 = y
	local HitPos = x.Position
	local CJ = CFrame.new(HitPos) 
	local C0 = x.CFrame:inverse() *CJ 
	local C1 = y.CFrame:inverse() * CJ 
	weld.C0 = C0 
	weld.C1 = C1 
	weld.Parent = x
end


cPart = function(x,y,z,color,tr,cc,an,parent)
    local p = Instance.new('Part',parent or Weapon)
    p.formFactor = 'Custom'
    p.Size = Vector3.new(x,y,z)
    p.BrickColor = BrickColor.new(color)
    p.CanCollide = cc
    p.Transparency = tr
    p.Anchored = an
    p.TopSurface,p.BottomSurface = 0,0
    p.Locked=true
    p:BreakJoints()
    return p
end

so = function(id,par,lo,pi,v,tm)
    local s = Instance.new("Sound",par)
    s.Looped=lo
    s.Pitch=pi
    s.SoundId = "http://roblox.com/asset/?id="..id
wait()
    s:play()
    s.Volume=v
    game.Debris:AddItem(s,tm)
    return s
end

Weld = function(p0,p1,x,y,z,rx,ry,rz,par)
    local w = Instance.new('Motor',par or p0)
    w.Part0 = p0
    w.Part1 = p1
    w.C1 = CFrame.new(x,y,z)*CFrame.Angles(rx,ry,rz)
    return w
end

Mesh = function(par,num,x,y,z)
    local msh = _
    if num == 1 then
        msh = Instance.new("CylinderMesh",par)
    elseif num == 2 then
        msh = Instance.new("SpecialMesh",par)
        msh.MeshType = 3
    elseif num == 3 then
        msh = Instance.new("BlockMesh",par)
    elseif num == 4 then
        msh = Instance.new("SpecialMesh",par)
        msh.MeshType = "Torso"
    elseif type(num) == 'string' then
        msh = Instance.new("SpecialMesh",par)
        msh.MeshId = num
    end 
    msh.Scale = Vector3.new(x,y,z)
    return msh
end

Tween = function(Weld, Stop, Step,a)
    ypcall(function()
        local func = function()
            local Start = Weld.C1
            local X1, Y1, Z1 = Start:toEulerAnglesXYZ()
            local Stop = Stop
            local X2, Y2, Z2 = Stop:toEulerAnglesXYZ()
            Spawn(function()
                for i = 0, 1, Step or .1 do
                    wait()
                    Weld.C1 = cf( (Start.p.X * (1 - i)) + (Stop.p.X * i),(Start.p.Y * (1 - i)) + (Stop.p.Y * i),(Start.p.Z * (1 - i)) + (Stop.p.Z * i)) * ca((X1 * (1 - i)) + (X2 * i), (Y1 * (1 - i)) + (Y2 * i),(Z1 * (1 - i)) + (Z2 * i) )
                end
                Weld.C1 = Stop
            end)
        end 
        if a then
            coroutine.wrap(func)()
        else
            func()
        end
    end)
end

function ani(val)
    if val==true then
        lp = cPart(.1,.1,.1,'',1,false,false,m)
        rp = cPart(.1,.1,.1,'',1,false,false,m)
        hp = cPart(.1,.1,.1,'',1,false,false,m)
        lw = Weld(lp,torso,-1.5,.5,0,0,0,0,m)
        rw = Weld(rp,torso,1.5,.5,0,0,0,0,m)
        hw = Weld(hp,torso,0,2,0,0,0,0,m)
        Weld(pchar['Right Arm'],rp,0,-.5,0,0,0,0,m)
        Weld(pchar['Left Arm'],lp,0,-.5,0,0,0,0,m)
        Weld(pchar.Head,hp,0,-.5,0,0,0,0,m)
    else
        rp:Destroy()lp:Destroy()hp:Destroy()
    end
end

Lightning = function(Start,End,Times,Offset,Color,Thickness,Transparency)
    local magz = (Start - End).magnitude
    local curpos = Start
    local trz = {-Offset,Offset}
    Spawn(function()
        for i=1,Times do
    		local li = Instance.new("Part",workspace)
    		li.TopSurface =0
    		li.BottomSurface = 0
    		li.Anchored = true
    		li.Transparency = Transparency or 0.4
    		li.BrickColor = Color
            li.formFactor = "Custom"
            li.Material="Neon"
            li.CanCollide = false
            li.Size = Vector3.new(1,1,1)
            Instance.new('BlockMesh',li).Scale = Vector3.new(Thickness,Thickness,magz/Times)
            local ofz = Vector3.new(trz[math.random(1,2)],trz[math.random(1,2)],trz[math.random(1,2)]) 
    		local trolpos = CFrame.new(curpos,End)*CFrame.new(0,0,magz/Times).p+ofz
            if Times == i then 
                local magz2 = (curpos - End).magnitude
                li.Mesh.Scale = Vector3.new(Thickness,Thickness,magz2)
                li.CFrame = CFrame.new(curpos,End)*CFrame.new(0,0,-magz2/2)
            else
                li.CFrame = CFrame.new(curpos,trolpos)*CFrame.new(0,0,magz/Times/2)
            end
            curpos = li.CFrame*CFrame.new(0,0,magz/Times/2).p
            Spawn(function() for i=1,10 do
                li.Transparency = li.Transparency+.1
                wait()
                end li:Destroy() end)
            game:service'RunService'.RenderStepped:wait()
        end
    end)
end

Weld = function(p0,p1,x,y,z,rx,ry,rz,par)
    local w = Instance.new('Motor',par or p0)
    w.Part0 = p0
    w.Part1 = p1
    w.C1 = CFrame.new(x,y,z)*CFrame.Angles(rx,ry,rz)
    return w
end

Model = New("Model",nil,"Model",{})
Part = New("Part",Model,"Part",{BrickColor = BrickColor.new("Smoky grey"),Material = "Metal",FormFactor = Enum.FormFactor.Custom,Size = Vector3.new(0.200000003, 0.200000003, 0.200000003),CFrame = CFrame.new(-1.12575293, 0.428408563, 2.60113001, -2.81294632e-007, -3.14286694e-008, -1, 0.422627836, -0.906303346, -9.03990198e-008, -0.906303346, -0.422627836, 2.68220873e-007),Anchored = true,BottomSurface = Enum.SurfaceType.Smooth,TopSurface = Enum.SurfaceType.Smooth,Color = Color3.new(0.356863, 0.364706, 0.411765),})
Mesh = New("BlockMesh",Part,"Mesh",{Scale = Vector3.new(0.318190336, 0.181817874, 0.218182191),})
Part = New("Part",Model,"Part",{BrickColor = BrickColor.new("Smoky grey"),Material = "Metal",FormFactor = Enum.FormFactor.Custom,Size = Vector3.new(0.200000003, 0.200000003, 0.200000003),CFrame = CFrame.new(-1.12575293, 0.432083547, 2.48788691, 2.23633254e-008, 2.58886388e-008, -1, -0.258809, -0.965928495, -3.07944106e-008, -0.965928495, 0.258809, -1.49011612e-008),Anchored = true,BottomSurface = Enum.SurfaceType.Smooth,TopSurface = Enum.SurfaceType.Smooth,Color = Color3.new(0.356863, 0.364706, 0.411765),})
Mesh = New("BlockMesh",Part,"Mesh",{Scale = Vector3.new(0.318190336, 0.181817874, 0.218182191),})
Part = New("Part",Model,"Part",{BrickColor = BrickColor.new("Smoky grey"),Material = "Metal",FormFactor = Enum.FormFactor.Custom,Size = Vector3.new(0.200000003, 0.200000003, 0.200000003),CFrame = CFrame.new(-1.12575293, 0.438928545, 2.54661798, 5.95999765e-008, 4.3114224e-007, -1, -1.08331387e-005, 1, 4.31141586e-007, 1, 1.08331387e-005, 5.96046448e-008),Anchored = true,BottomSurface = Enum.SurfaceType.Smooth,TopSurface = Enum.SurfaceType.Smooth,Color = Color3.new(0.356863, 0.364706, 0.411765),})
Mesh = New("BlockMesh",Part,"Mesh",{Scale = Vector3.new(0.318190336, 0.181817874, 0.218182191),})
Part = New("Part",Model,"Part",{BrickColor = BrickColor.new("Smoky grey"),Material = "Metal",FormFactor = Enum.FormFactor.Custom,Size = Vector3.new(0.200000003, 0.200000003, 0.200000003),CFrame = CFrame.new(-1.12575293, 0.398711383, 2.6493783, 9.79360308e-008, 2.3466815e-007, -1, -0.731360972, 0.681990564, 8.84148719e-008, 0.681990564, 0.731360972, 2.38418579e-007),Anchored = true,BottomSurface = Enum.SurfaceType.Smooth,TopSurface = Enum.SurfaceType.Smooth,Color = Color3.new(0.356863, 0.364706, 0.411765),})
Mesh = New("BlockMesh",Part,"Mesh",{Scale = Vector3.new(0.318190336, 0.181817874, 0.218182191),})
Part = New("Part",Model,"Part",{BrickColor = BrickColor.new("Smoky grey"),Material = "Metal",FormFactor = Enum.FormFactor.Custom,Size = Vector3.new(0.200000003, 0.200000003, 0.200000003),CFrame = CFrame.new(-1.12575293, 0.412047565, 2.43121576, 2.99642437e-007, -7.04890795e-008, 1, 0.438361406, -0.898798764, -1.94707184e-007, 0.898798764, 0.438361406, -2.38418579e-007),Anchored = true,BottomSurface = Enum.SurfaceType.Smooth,TopSurface = Enum.SurfaceType.Smooth,Color = Color3.new(0.356863, 0.364706, 0.411765),})
Mesh = New("BlockMesh",Part,"Mesh",{Scale = Vector3.new(0.318190336, 0.181817874, 0.218182191),})
Part = New("Part",Model,"Part",{BrickColor = BrickColor.new("Smoky grey"),Material = "Metal",FormFactor = Enum.FormFactor.Custom,Size = Vector3.new(0.200000003, 0.200000003, 0.200000003),CFrame = CFrame.new(-1.12575293, 0.373307407, 2.38923883, 2.94742506e-007, 8.87759271e-008, 1, 0.829031587, -0.559201777, -1.94707184e-007, 0.559201777, 0.829031587, -2.38418579e-007),Anchored = true,BottomSurface = Enum.SurfaceType.Smooth,TopSurface = Enum.SurfaceType.Smooth,Color = Color3.new(0.356863, 0.364706, 0.411765),})
Mesh = New("BlockMesh",Part,"Mesh",{Scale = Vector3.new(0.40909946, 0.181817874, 0.218182191),})
Part = New("Part",Model,"Part",{BrickColor = BrickColor.new("Smoky grey"),Material = "Metal",FormFactor = Enum.FormFactor.Custom,Size = Vector3.new(0.200000003, 0.200000003, 0.200000003),CFrame = CFrame.new(-1.12575293, 0.213498443, 2.1391778, 2.31476037e-007, -2.02911721e-007, 1, -0.0349100009, -0.999390483, -1.94707184e-007, 0.999390483, -0.0349100009, -2.38418579e-007),Anchored = true,BottomSurface = Enum.SurfaceType.Smooth,TopSurface = Enum.SurfaceType.Smooth,Color = Color3.new(0.356863, 0.364706, 0.411765),})
Mesh = New("BlockMesh",Part,"Mesh",{Scale = Vector3.new(0.500008583, 0.181817874, 0.218182191),})
Part = New("Part",Model,"Part",{BrickColor = BrickColor.new("Smoky grey"),Material = "Metal",FormFactor = Enum.FormFactor.Custom,Size = Vector3.new(0.200000003, 0.200000003, 0.200000003),CFrame = CFrame.new(-1.12575293, 0.313416392, 2.6970315, -2.3463771e-007, 2.12774381e-007, 1, 0.882952511, 0.469462305, 1.07284414e-007, -0.469462305, 0.882952511, -2.98023252e-007),Anchored = true,BottomSurface = Enum.SurfaceType.Smooth,TopSurface = Enum.SurfaceType.Smooth,Color = Color3.new(0.356863, 0.364706, 0.411765),})
Mesh = New("BlockMesh",Part,"Mesh",{Scale = Vector3.new(0.818190515, 0.181817874, 0.218182191),})
Part = New("Part",Model,"Part",{BrickColor = BrickColor.new("Smoky grey"),Material = "Metal",FormFactor = Enum.FormFactor.Custom,Size = Vector3.new(0.200000003, 0.200000003, 0.200000003),CFrame = CFrame.new(-1.12575293, 0.222962469, 2.22924948, -2.7610605e-007, 1.3608728e-007, 1, -0.224940658, 0.974372447, -1.94707184e-007, -0.974372447, -0.224940658, -2.38418579e-007),Anchored = true,BottomSurface = Enum.SurfaceType.Smooth,TopSurface = Enum.SurfaceType.Smooth,Color = Color3.new(0.356863, 0.364706, 0.411765),})
Mesh = New("BlockMesh",Part,"Mesh",{Scale = Vector3.new(0.500008583, 0.181817874, 0.218182191),})
Part = New("Part",Model,"Part",{BrickColor = BrickColor.new("Smoky grey"),Material = "Metal",FormFactor = Enum.FormFactor.Custom,Size = Vector3.new(0.200000003, 0.200000003, 0.200000003),CFrame = CFrame.new(-1.12575293, 0.264073431, 2.30621576, -9.03049227e-008, -2.3090044e-007, 1, -0.681990683, 0.731360912, 1.07284414e-007, -0.731360912, -0.681990683, -2.23517418e-007),Anchored = true,BottomSurface = Enum.SurfaceType.Smooth,TopSurface = Enum.SurfaceType.Smooth,Color = Color3.new(0.356863, 0.364706, 0.411765),})
Mesh = New("BlockMesh",Part,"Mesh",{Scale = Vector3.new(0.500008583, 0.181817874, 0.218182191),})
Part = New("Part",Model,"Part",{BrickColor = BrickColor.new("Smoky grey"),Material = "Metal",FormFactor = Enum.FormFactor.Custom,Size = Vector3.new(0.200000003, 0.200000003, 0.200000003),CFrame = CFrame.new(-1.12575293, 0.331287533, 2.36249018, 2.1974769e-007, -2.24058603e-008, 1, 0.829031587, -0.559201717, -1.94707184e-007, 0.559201717, 0.829031587, -1.04308128e-007),Anchored = true,BottomSurface = Enum.SurfaceType.Smooth,TopSurface = Enum.SurfaceType.Smooth,Color = Color3.new(0.356863, 0.364706, 0.411765),})
Mesh = New("BlockMesh",Part,"Mesh",{Scale = Vector3.new(0.500008583, 0.181817874, 0.218182191),})
Part = New("Part",Model,"Part",{BrickColor = BrickColor.new("Smoky grey"),Material = "Metal",FormFactor = Enum.FormFactor.Custom,Size = Vector3.new(0.200000003, 0.200000003, 0.200000003),CFrame = CFrame.new(-1.12575293, 0.230269268, 2.7502389, 1, 8.50270226e-007, 1.11928387e-007, 8.03294597e-007, -0.882952869, -0.46946162, -3.00341753e-007, 0.46946162, -0.882952869),Anchored = true,BottomSurface = Enum.SurfaceType.Smooth,TopSurface = Enum.SurfaceType.Smooth,Color = Color3.new(0.356863, 0.364706, 0.411765),})
Mesh = New("SpecialMesh",Part,"Mesh",{Scale = Vector3.new(0.227273569, 0.181817874, 0.0909095332),MeshType = Enum.MeshType.Wedge,})
Part = New("Part",Model,"Part",{BrickColor = BrickColor.new("Smoky grey"),Material = "Metal",FormFactor = Enum.FormFactor.Custom,Size = Vector3.new(0.200000003, 0.200000003, 0.200000003),CFrame = CFrame.new(-1.12575293, 0.220183462, 2.73538446, -1, 5.52494953e-007, -1.26850765e-007, -5.47378647e-007, -0.882953167, 0.469461083, 1.47371566e-007, 0.469461083, 0.882953167),Anchored = true,BottomSurface = Enum.SurfaceType.Smooth,TopSurface = Enum.SurfaceType.Smooth,Color = Color3.new(0.356863, 0.364706, 0.411765),})
Mesh = New("SpecialMesh",Part,"Mesh",{Scale = Vector3.new(0.227273569, 0.181817874, 0.0909095332),MeshType = Enum.MeshType.Wedge,})
Part = New("Part",Model,"Part",{BrickColor = BrickColor.new("Dark stone grey"),RotVelocity = Vector3.new(8.93669203e-005, -0.006007032, 0.000220447837),Velocity = Vector3.new(-0.0550910123, -0.0104071051, 0.00370845757),FormFactor = Enum.FormFactor.Symmetric,Size = Vector3.new(1, 1, 1),CFrame = CFrame.new(-1.13348699, 0.0499871336, 1.45394063, 6.10318384e-005, -3.05199392e-005, 0.999999046, -1, 3.05180183e-005, 6.10327952e-005, -3.05196045e-005, -0.999995232, -3.05177746e-005),Anchored = true,CanCollide = false,BottomSurface = Enum.SurfaceType.Smooth,TopSurface = Enum.SurfaceType.Smooth,Color = Color3.new(0.388235, 0.372549, 0.384314),})
Mesh = New("CylinderMesh",Part,"Mesh",{Scale = Vector3.new(0.115384616, 1.46153843, 0.230769232),})
Part = New("Part",Model,"Part",{BrickColor = BrickColor.new("Dark stone grey"),RotVelocity = Vector3.new(8.93669203e-005, -0.006007032, 0.000220447837),Velocity = Vector3.new(-0.0550869517, -0.0103901131, 0.00416984223),FormFactor = Enum.FormFactor.Symmetric,Size = Vector3.new(1, 1, 1),CFrame = CFrame.new(-1.13347721, 0.0499842726, 1.53088689, -0.999999046, 9.00399755e-010, 8.64702088e-010, 9.62245394e-010, 1, 6.10351999e-005, -1.00112629e-009, 6.1034767e-005, -0.999995232),Anchored = true,CanCollide = false,BottomSurface = Enum.SurfaceType.Smooth,TopSurface = Enum.SurfaceType.Smooth,Color = Color3.new(0.388235, 0.372549, 0.384314),})
Mesh = New("SpecialMesh",Part,"Mesh",{Scale = Vector3.new(0.346153855, 0.346153855, 0.384615391),MeshId = "http://www.roblox.com/asset/?id=3270017",MeshType = Enum.MeshType.FileMesh,})
Part = New("Part",Model,"Part",{BrickColor = BrickColor.new("Dark stone grey"),RotVelocity = Vector3.new(8.93669203e-005, -0.006007032, 0.000220447837),Velocity = Vector3.new(-0.0550950989, -0.0104240859, 0.00324740447),FormFactor = Enum.FormFactor.Symmetric,Size = Vector3.new(1, 1, 1),CFrame = CFrame.new(-1.13348544, 0.0499861799, 1.37705159, 6.10318384e-005, -3.05199392e-005, 0.999999046, -1, 3.05180183e-005, 6.10327952e-005, -3.05196045e-005, -0.999995232, -3.05177746e-005),Anchored = true,CanCollide = false,BottomSurface = Enum.SurfaceType.Smooth,TopSurface = Enum.SurfaceType.Smooth,Color = Color3.new(0.388235, 0.372549, 0.384314),})
Mesh = New("CylinderMesh",Part,"Mesh",{Scale = Vector3.new(0.230769232, 0.0615384616, 0.215384617),})
Part = New("Part",Model,"Part",{BrickColor = BrickColor.new("Dark stone grey"),RotVelocity = Vector3.new(8.93669203e-005, -0.006007032, 0.000220447837),Velocity = Vector3.new(-0.0551164113, -0.0103543159, 0.00515723787),FormFactor = Enum.FormFactor.Symmetric,Size = Vector3.new(1, 1, 1),CFrame = CFrame.new(-1.13348818, 0.226900429, 1.68472028, 2.1465039e-006, -1.26401355e-005, 0.999999046, 3.05180256e-005, 1, 1.26399982e-005, -0.999995172, 3.051764e-005, 2.14701231e-006),Anchored = true,CanCollide = false,BottomSurface = Enum.SurfaceType.Smooth,TopSurface = Enum.SurfaceType.Smooth,Color = Color3.new(0.388235, 0.372549, 0.384314),})
Mesh = New("BlockMesh",Part,"Mesh",{Scale = Vector3.new(0.761538446, 0.0230769236, 0.0230769236),})
Part = New("Part",Model,"Part",{BrickColor = BrickColor.new("Dark stone grey"),RotVelocity = Vector3.new(8.93669203e-005, -0.006007032, 0.000220447837),Velocity = Vector3.new(-0.0550578758, -0.0102711953, 0.0073984582),FormFactor = Enum.FormFactor.Symmetric,Size = Vector3.new(1, 1, 1),CFrame = CFrame.new(-1.13344312, 0.0499567352, 2.06931353, -0.999999046, 9.00399755e-010, 8.64702088e-010, 9.62245394e-010, 1, 6.10351999e-005, -1.00112629e-009, 6.1034767e-005, -0.999995232),Anchored = true,CanCollide = false,BottomSurface = Enum.SurfaceType.Smooth,TopSurface = Enum.SurfaceType.Smooth,Color = Color3.new(0.388235, 0.372549, 0.384314),})
Mesh = New("SpecialMesh",Part,"Mesh",{Scale = Vector3.new(0.346153855, 0.346153855, 0.384615391),MeshId = "http://www.roblox.com/asset/?id=3270017",MeshType = Enum.MeshType.FileMesh,})
Part = New("Part",Model,"Part",{BrickColor = BrickColor.new("Dark stone grey"),RotVelocity = Vector3.new(8.93669203e-005, -0.006007032, 0.000220447837),Velocity = Vector3.new(-0.0550723784, -0.0103306565, 0.00578406453),FormFactor = Enum.FormFactor.Symmetric,Size = Vector3.new(1, 1, 1),CFrame = CFrame.new(-1.13348925, 0.0499861799, 1.80008638, 6.10318384e-005, -3.05199392e-005, 0.999999046, -1, 3.05180183e-005, 6.10327952e-005, -3.05196045e-005, -0.999995232, -3.05177746e-005),Anchored = true,CanCollide = false,BottomSurface = Enum.SurfaceType.Smooth,TopSurface = Enum.SurfaceType.Smooth,Color = Color3.new(0.388235, 0.372549, 0.384314),})
Mesh = New("CylinderMesh",Part,"Mesh",{Scale = Vector3.new(0.230769232, 0.538461566, 0.184615389),})
Part = New("Part",Model,"Part",{BrickColor = BrickColor.new("Dark stone grey"),RotVelocity = Vector3.new(8.93669203e-005, -0.006007032, 0.000220447837),Velocity = Vector3.new(-0.0540136322, -0.0103321169, 0.00531507097),FormFactor = Enum.FormFactor.Symmetric,Size = Vector3.new(1, 1, 1),CFrame = CFrame.new(-0.956509531, 0.049956616, 1.72315824, 2.1465039e-006, -1.26401355e-005, 0.999999046, 3.05180256e-005, 1, 1.26399982e-005, -0.999995172, 3.051764e-005, 2.14701231e-006),Anchored = true,CanCollide = false,BottomSurface = Enum.SurfaceType.Smooth,TopSurface = Enum.SurfaceType.Smooth,Color = Color3.new(0.388235, 0.372549, 0.384314),})
Mesh = New("BlockMesh",Part,"Mesh",{Scale = Vector3.new(0.692307711, 0.0230769236, 0.0230769236),})
Part = New("Part",Model,"Part",{BrickColor = BrickColor.new("Dark stone grey"),RotVelocity = Vector3.new(8.93669203e-005, -0.006007032, 0.000220447837),Velocity = Vector3.new(-0.0561393574, -0.010363169, 0.00533067621),FormFactor = Enum.FormFactor.Symmetric,Size = Vector3.new(1, 1, 1),CFrame = CFrame.new(-1.31036258, 0.0499827228, 1.72317541, 2.1465039e-006, -1.26401355e-005, 0.999999046, 3.05180256e-005, 1, 1.26399982e-005, -0.999995172, 3.051764e-005, 2.14701231e-006),Anchored = true,CanCollide = false,BottomSurface = Enum.SurfaceType.Smooth,TopSurface = Enum.SurfaceType.Smooth,Color = Color3.new(0.388235, 0.372549, 0.384314),})
Mesh = New("BlockMesh",Part,"Mesh",{Scale = Vector3.new(0.692307711, 0.0230769236, 0.0230769236),})
Part = New("Part",Model,"Part",{BrickColor = BrickColor.new("Smoky grey"),Material = "Metal",FormFactor = Enum.FormFactor.Custom,Size = Vector3.new(0.200000003, 0.200000003, 0.200000003),CFrame = CFrame.new(-0.854514658, 0.320475608, 2.54661798, -7.04611284e-006, 0.654581189, -0.755991578, -8.22877882e-006, 0.755991578, 0.654581189, 1, 1.08331387e-005, 5.96046448e-008),Anchored = true,BottomSurface = Enum.SurfaceType.Smooth,TopSurface = Enum.SurfaceType.Smooth,Color = Color3.new(0.356863, 0.364706, 0.411765),})
Mesh = New("BlockMesh",Part,"Mesh",{Scale = Vector3.new(0.318190336, 0.181817874, 0.218182191),})
Part = New("Part",Model,"Part",{BrickColor = BrickColor.new("Smoky grey"),Material = "Metal",FormFactor = Enum.FormFactor.Custom,Size = Vector3.new(0.200000003, 0.200000003, 0.200000003),CFrame = CFrame.new(-0.872110903, 0.300153494, 2.43121576, 0.286943316, -0.588336766, 0.755991995, 0.331397384, -0.679484308, -0.654580832, 0.898798764, 0.438361406, -2.38418579e-007),Anchored = true,BottomSurface = Enum.SurfaceType.Smooth,TopSurface = Enum.SurfaceType.Smooth,Color = Color3.new(0.356863, 0.364706, 0.411765),})
Mesh = New("BlockMesh",Part,"Mesh",{Scale = Vector3.new(0.318190336, 0.181817874, 0.218182191),})
Part = New("Part",Model,"Part",{BrickColor = BrickColor.new("Smoky grey"),Material = "Metal",FormFactor = Enum.FormFactor.Custom,Size = Vector3.new(0.200000003, 0.200000003, 0.200000003),CFrame = CFrame.new(-0.858995497, 0.315300137, 2.48788691, -0.169411585, -0.632279038, -0.755992055, -0.195657507, -0.730234444, 0.654580653, -0.965928495, 0.258809, -1.49011612e-008),Anchored = true,BottomSurface = Enum.SurfaceType.Smooth,TopSurface = Enum.SurfaceType.Smooth,Color = Color3.new(0.356863, 0.364706, 0.411765),})
Mesh = New("BlockMesh",Part,"Mesh",{Scale = Vector3.new(0.318190336, 0.181817874, 0.218182191),})
Part = New("Part",Model,"Part",{BrickColor = BrickColor.new("Smoky grey"),Material = "Metal",FormFactor = Enum.FormFactor.Custom,Size = Vector3.new(0.200000003, 0.200000003, 0.200000003),CFrame = CFrame.new(-0.861401796, 0.312520891, 2.60113001, 0.276643753, -0.593248665, -0.755992055, 0.319503486, -0.685157657, 0.654580593, -0.906303346, -0.422627836, 2.68220873e-007),Anchored = true,BottomSurface = Enum.SurfaceType.Smooth,TopSurface = Enum.SurfaceType.Smooth,Color = Color3.new(0.356863, 0.364706, 0.411765),})
Mesh = New("BlockMesh",Part,"Mesh",{Scale = Vector3.new(0.318190336, 0.181817874, 0.218182191),})
Part = New("Part",Model,"Part",{BrickColor = BrickColor.new("Smoky grey"),Material = "Metal",FormFactor = Enum.FormFactor.Custom,Size = Vector3.new(0.200000003, 0.200000003, 0.200000003),CFrame = CFrame.new(-0.936673343, 0.225587696, 2.6970315, 0.577963591, 0.307301223, 0.755992055, 0.667505324, 0.354909331, -0.654580593, -0.469462305, 0.882952511, -2.98023252e-007),Anchored = true,BottomSurface = Enum.SurfaceType.Smooth,TopSurface = Enum.SurfaceType.Smooth,Color = Color3.new(0.356863, 0.364706, 0.411765),})
Mesh = New("BlockMesh",Part,"Mesh",{Scale = Vector3.new(0.818190515, 0.181817874, 0.218182191),})
Part = New("Part",Model,"Part",{BrickColor = BrickColor.new("Smoky grey"),Material = "Metal",FormFactor = Enum.FormFactor.Custom,Size = Vector3.new(0.200000003, 0.200000003, 0.200000003),CFrame = CFrame.new(-0.88084054, 0.290070057, 2.6493783, -0.478735179, 0.446418136, -0.755991995, -0.552903056, 0.515579283, 0.654580832, 0.681990564, 0.731360972, 2.38418579e-007),Anchored = true,BottomSurface = Enum.SurfaceType.Smooth,TopSurface = Enum.SurfaceType.Smooth,Color = Color3.new(0.356863, 0.364706, 0.411765),})
Mesh = New("BlockMesh",Part,"Mesh",{Scale = Vector3.new(0.318190336, 0.181817874, 0.218182191),})
Part = New("Part",Model,"Part",{BrickColor = BrickColor.new("Smoky grey"),Material = "Metal",FormFactor = Enum.FormFactor.Custom,Size = Vector3.new(0.200000003, 0.200000003, 0.200000003),CFrame = CFrame.new(-0.897469163, 0.270865917, 2.38923883, 0.542668879, -0.366042614, 0.755991995, 0.626741052, -0.422751904, -0.654580832, 0.559201777, 0.829031587, -2.38418579e-007),Anchored = true,BottomSurface = Enum.SurfaceType.Smooth,TopSurface = Enum.SurfaceType.Smooth,Color = Color3.new(0.356863, 0.364706, 0.411765),})
Mesh = New("BlockMesh",Part,"Mesh",{Scale = Vector3.new(0.40909946, 0.181817874, 0.218182191),})
Part = New("Part",Model,"Part",{BrickColor = BrickColor.new("Smoky grey"),Material = "Metal",FormFactor = Enum.FormFactor.Custom,Size = Vector3.new(0.200000003, 0.200000003, 0.200000003),CFrame = CFrame.new(-0.991099417, 0.162729308, 2.7502389, 0.755992174, -0.577963948, -0.307300359, -0.654580057, -0.667506218, -0.354909062, -3.00341753e-007, 0.46946162, -0.882952869),Anchored = true,BottomSurface = Enum.SurfaceType.Smooth,TopSurface = Enum.SurfaceType.Smooth,Color = Color3.new(0.356863, 0.364706, 0.411765),})
Mesh = New("SpecialMesh",Part,"Mesh",{Scale = Vector3.new(0.227273569, 0.181817874, 0.0909095332),MeshType = Enum.MeshType.Wedge,})
Part = New("Part",Model,"Part",{BrickColor = BrickColor.new("Smoky grey"),Material = "Metal",FormFactor = Enum.FormFactor.Custom,Size = Vector3.new(0.200000003, 0.200000003, 0.200000003),CFrame = CFrame.new(-0.968971431, 0.188285887, 2.30621576, -0.446418196, 0.47873494, 0.755992055, -0.515579641, 0.552902639, -0.654580593, -0.731360912, -0.681990683, -2.23517418e-007),Anchored = true,BottomSurface = Enum.SurfaceType.Smooth,TopSurface = Enum.SurfaceType.Smooth,Color = Color3.new(0.356863, 0.364706, 0.411765),})
Mesh = New("BlockMesh",Part,"Mesh",{Scale = Vector3.new(0.500008583, 0.181817874, 0.218182191),})
Part = New("Part",Model,"Part",{BrickColor = BrickColor.new("Smoky grey"),Material = "Metal",FormFactor = Enum.FormFactor.Custom,Size = Vector3.new(0.200000003, 0.200000003, 0.200000003),CFrame = CFrame.new(-0.924975097, 0.2390991, 2.36249018, 0.54266876, -0.366042525, 0.755991995, 0.626740932, -0.422751606, -0.654580832, 0.559201717, 0.829031587, -1.04308128e-007),Anchored = true,BottomSurface = Enum.SurfaceType.Smooth,TopSurface = Enum.SurfaceType.Smooth,Color = Color3.new(0.356863, 0.364706, 0.411765),})
Mesh = New("BlockMesh",Part,"Mesh",{Scale = Vector3.new(0.500008583, 0.181817874, 0.218182191),})
Part = New("Part",Model,"Part",{BrickColor = BrickColor.new("Smoky grey"),Material = "Metal",FormFactor = Enum.FormFactor.Custom,Size = Vector3.new(0.200000003, 0.200000003, 0.200000003),CFrame = CFrame.new(-0.997701049, 0.155104965, 2.73538446, -0.755992174, -0.577964187, 0.307299972, 0.654580295, -0.667506397, 0.354908705, 1.47371566e-007, 0.469461083, 0.882953167),Anchored = true,BottomSurface = Enum.SurfaceType.Smooth,TopSurface = Enum.SurfaceType.Smooth,Color = Color3.new(0.356863, 0.364706, 0.411765),})
Mesh = New("SpecialMesh",Part,"Mesh",{Scale = Vector3.new(0.227273569, 0.181817874, 0.0909095332),MeshType = Enum.MeshType.Wedge,})
Part = New("Part",Model,"Part",{BrickColor = BrickColor.new("Smoky grey"),Material = "Metal",FormFactor = Enum.FormFactor.Custom,Size = Vector3.new(0.200000003, 0.200000003, 0.200000003),CFrame = CFrame.new(-0.995882213, 0.15720579, 2.22924948, -0.14724201, 0.637805939, 0.755991995, -0.170053065, 0.736617923, -0.654580832, -0.974372447, -0.224940658, -2.38418579e-007),Anchored = true,BottomSurface = Enum.SurfaceType.Smooth,TopSurface = Enum.SurfaceType.Smooth,Color = Color3.new(0.356863, 0.364706, 0.411765),})
Mesh = New("BlockMesh",Part,"Mesh",{Scale = Vector3.new(0.500008583, 0.181817874, 0.218182191),})
Part = New("Part",Model,"Part",{BrickColor = BrickColor.new("Smoky grey"),Material = "Metal",FormFactor = Enum.FormFactor.Custom,Size = Vector3.new(0.200000003, 0.200000003, 0.200000003),CFrame = CFrame.new(-1.00207722, 0.150050372, 2.1391778, -0.0228512455, -0.654182136, 0.755991995, -0.026391834, -0.755530894, -0.654580832, 0.999390483, -0.0349100009, -2.38418579e-007),Anchored = true,BottomSurface = Enum.SurfaceType.Smooth,TopSurface = Enum.SurfaceType.Smooth,Color = Color3.new(0.356863, 0.364706, 0.411765),})
Mesh = New("BlockMesh",Part,"Mesh",{Scale = Vector3.new(0.500008583, 0.181817874, 0.218182191),})
Part = New("Part",Model,"Part",{BrickColor = BrickColor.new("Smoky grey"),Material = "Metal",RotVelocity = Vector3.new(-1.94082624e-013, -3.47809648e-016, -2.006519e-013),Velocity = Vector3.new(2.28872395e-013, 0.0149862235, -2.18515202e-013),FormFactor = Enum.FormFactor.Custom,Size = Vector3.new(0.200000003, 0.200000003, 0.200000003),CFrame = CFrame.new(-1.12955296, 0.0535458885, 2.5646987, -1, -0.000115339273, -0.000104585139, -0.000115336377, 1, -2.76410392e-005, 0.000104588333, -2.76289757e-005, -1),CanCollide = false,BottomSurface = Enum.SurfaceType.Smooth,TopSurface = Enum.SurfaceType.Smooth,Color = Color3.new(0.356863, 0.364706, 0.411765),})
Mesh = New("SpecialMesh",Part,"Mesh",{Scale = Vector3.new(0.0909090936, 0.0909090936, 0.227272734),MeshId = "http://www.roblox.com/asset/?id=3270017",MeshType = Enum.MeshType.FileMesh,})
Part = New("Part",Model,"Part",{BrickColor = BrickColor.new("Smoky grey"),Material = "Metal",RotVelocity = Vector3.new(-1.94082624e-013, -3.47809648e-016, -2.006519e-013),Velocity = Vector3.new(2.28881665e-013, 0.0149862235, -2.1851512e-013),FormFactor = Enum.FormFactor.Custom,Size = Vector3.new(0.200000003, 0.200000003, 0.200000003),CFrame = CFrame.new(-1.12953699, 0.0535449348, 2.53775167, -0.999993086, -0.000116226001, -0.000108489985, -0.0001133857, 0.999996603, -2.6241185e-005, 0.000105720035, -2.56245876e-005, -1.00000107),CanCollide = false,BottomSurface = Enum.SurfaceType.Smooth,TopSurface = Enum.SurfaceType.Smooth,Color = Color3.new(0.356863, 0.364706, 0.411765),})
Mesh = New("SpecialMesh",Part,"Mesh",{Scale = Vector3.new(0.0909090936, 0.0909090936, 0.227272734),MeshId = "http://www.roblox.com/asset/?id=3270017",MeshType = Enum.MeshType.FileMesh,})
Part = New("Part",Model,"Part",{BrickColor = BrickColor.new("Smoky grey"),Material = "Metal",RotVelocity = Vector3.new(-1.94082624e-013, -3.47809648e-016, -2.006519e-013),Velocity = Vector3.new(2.28884186e-013, 0.0149862235, -2.18496228e-013),FormFactor = Enum.FormFactor.Custom,Size = Vector3.new(0.200000003, 0.200000003, 0.200000003),CFrame = CFrame.new(-1.12953699, 0.0534478985, 2.47436285, -0.999993086, -0.000116083022, -0.000108519809, -0.000113242742, 0.999996603, -2.60325705e-005, 0.000105749838, -2.54159859e-005, -1.00000107),CanCollide = false,BottomSurface = Enum.SurfaceType.Smooth,TopSurface = Enum.SurfaceType.Smooth,Color = Color3.new(0.356863, 0.364706, 0.411765),})
Mesh = New("SpecialMesh",Part,"Mesh",{Scale = Vector3.new(0.0909090936, 0.0909090936, 0.227272734),MeshId = "http://www.roblox.com/asset/?id=3270017",MeshType = Enum.MeshType.FileMesh,})
Part = New("Part",Model,"Part",{BrickColor = BrickColor.new("Smoky grey"),Material = "Metal",RotVelocity = Vector3.new(-1.94082624e-013, -3.47809648e-016, -2.006519e-013),Velocity = Vector3.new(2.28929397e-013, 0.0149862235, -2.18512274e-013),FormFactor = Enum.FormFactor.Custom,Size = Vector3.new(0.200000003, 0.200000003, 0.200000003),CFrame = CFrame.new(-1.12956798, 0.0535299145, 2.39199495, -1, -0.000115398296, -0.000104585131, -0.000115395393, 1, -2.77602703e-005, 0.000104588333, -2.77481995e-005, -1),CanCollide = false,BottomSurface = Enum.SurfaceType.Smooth,TopSurface = Enum.SurfaceType.Smooth,Color = Color3.new(0.356863, 0.364706, 0.411765),})
Mesh = New("SpecialMesh",Part,"Mesh",{Scale = Vector3.new(0.0909090936, 0.0909090936, 0.227272734),MeshId = "http://www.roblox.com/asset/?id=3270017",MeshType = Enum.MeshType.FileMesh,})
Part = New("Part",Model,"Part",{BrickColor = BrickColor.new("Smoky grey"),Material = "Metal",RotVelocity = Vector3.new(-1.94082624e-013, -3.47809648e-016, -2.006519e-013),Velocity = Vector3.new(2.28908987e-013, 0.0149862235, -2.18510973e-013),FormFactor = Enum.FormFactor.Custom,Size = Vector3.new(0.200000003, 0.200000003, 0.200000003),CFrame = CFrame.new(-1.12956798, 0.053523954, 2.4468503, -0.999993086, -0.000116186893, -0.00010854959, -0.000113346585, 0.999996603, -2.62560934e-005, 0.00010577964, -2.56394924e-005, -1.00000107),CanCollide = false,BottomSurface = Enum.SurfaceType.Smooth,TopSurface = Enum.SurfaceType.Smooth,Color = Color3.new(0.356863, 0.364706, 0.411765),})
Mesh = New("SpecialMesh",Part,"Mesh",{Scale = Vector3.new(0.0909090936, 0.0909090936, 0.227272734),MeshId = "http://www.roblox.com/asset/?id=3270017",MeshType = Enum.MeshType.FileMesh,})
Part = New("Part",Model,"Part",{BrickColor = BrickColor.new("Smoky grey"),Material = "Metal",RotVelocity = Vector3.new(-1.94082624e-013, -3.47809648e-016, -2.006519e-013),Velocity = Vector3.new(2.28918582e-013, 0.0149862235, -2.18510973e-013),FormFactor = Enum.FormFactor.Custom,Size = Vector3.new(0.200000003, 0.200000003, 0.200000003),CFrame = CFrame.new(-1.129583, 0.053523954, 2.41927481, -1, -0.000115398296, -0.000104585131, -0.000115395393, 1, -2.77602703e-005, 0.000104588333, -2.77481995e-005, -1),CanCollide = false,BottomSurface = Enum.SurfaceType.Smooth,TopSurface = Enum.SurfaceType.Smooth,Color = Color3.new(0.356863, 0.364706, 0.411765),})
Mesh = New("SpecialMesh",Part,"Mesh",{Scale = Vector3.new(0.0909090936, 0.0909090936, 0.227272734),MeshId = "http://www.roblox.com/asset/?id=3270017",MeshType = Enum.MeshType.FileMesh,})
Part = New("Part",Model,"Part",{BrickColor = BrickColor.new("Smoky grey"),Material = "Metal",RotVelocity = Vector3.new(-1.94082624e-013, -3.47809648e-016, -2.006519e-013),Velocity = Vector3.new(2.28862339e-013, 0.0149862235, -2.18514659e-013),FormFactor = Enum.FormFactor.Custom,Size = Vector3.new(0.200000003, 0.200000003, 0.200000003),CFrame = CFrame.new(-1.129583, 0.0535427891, 2.59195089, -0.999993086, -0.00011756266, -0.000106791034, -0.000114722199, 0.999996603, -2.81185403e-005, 0.000104021332, -2.75020066e-005, -1.00000107),CanCollide = false,BottomSurface = Enum.SurfaceType.Smooth,TopSurface = Enum.SurfaceType.Smooth,Color = Color3.new(0.356863, 0.364706, 0.411765),})
Mesh = New("SpecialMesh",Part,"Mesh",{Scale = Vector3.new(0.0909090936, 0.0909090936, 0.227272734),MeshId = "http://www.roblox.com/asset/?id=3270017",MeshType = Enum.MeshType.FileMesh,})
Part = New("Part",Model,"Part",{BrickColor = BrickColor.new("Smoky grey"),Material = "Metal",RotVelocity = Vector3.new(-1.94082624e-013, -3.47809648e-016, -2.006519e-013),Velocity = Vector3.new(2.28903159e-013, 0.0149862235, -2.18525122e-013),FormFactor = Enum.FormFactor.Custom,Size = Vector3.new(0.200000003, 0.200000003, 0.200000003),CFrame = CFrame.new(-1.12955296, 0.0535969101, 2.50570059, -0.999993086, -0.000116012809, -0.000108638924, -0.00011317242, 0.999996603, -2.69639168e-005, 0.000105869061, -2.63473303e-005, -1.00000107),CanCollide = false,BottomSurface = Enum.SurfaceType.Smooth,TopSurface = Enum.SurfaceType.Smooth,Color = Color3.new(0.356863, 0.364706, 0.411765),})
Mesh = New("SpecialMesh",Part,"Mesh",{Scale = Vector3.new(0.0909090936, 0.0909090936, 0.227272734),MeshId = "http://www.roblox.com/asset/?id=3270017",MeshType = Enum.MeshType.FileMesh,})
Part = New("Part",Model,"Part",{BrickColor = BrickColor.new("Smoky grey"),Material = "Metal",RotVelocity = Vector3.new(-1.94082624e-013, -3.47809648e-016, -2.006519e-013),Velocity = Vector3.new(2.28958128e-013, 0.0149862235, -2.18528917e-013),FormFactor = Enum.FormFactor.Custom,Size = Vector3.new(0.200000003, 0.200000003, 0.200000003),CFrame = CFrame.new(-1.12956798, 0.0536157452, 2.35892057, -0.999993086, -0.000116083022, -0.000108519809, -0.000113242742, 0.999996603, -2.60325705e-005, 0.000105749838, -2.54159859e-005, -1.00000107),CanCollide = false,BottomSurface = Enum.SurfaceType.Smooth,TopSurface = Enum.SurfaceType.Smooth,Color = Color3.new(0.356863, 0.364706, 0.411765),})
Mesh = New("SpecialMesh",Part,"Mesh",{Scale = Vector3.new(0.0909090936, 0.0909090936, 0.227272734),MeshId = "http://www.roblox.com/asset/?id=3270017",MeshType = Enum.MeshType.FileMesh,})
Part = New("Part",Model,"Part",{BrickColor = BrickColor.new("Smoky grey"),Material = "Metal",RotVelocity = Vector3.new(-1.94082624e-013, -3.47809648e-016, -2.006519e-013),Velocity = Vector3.new(2.29061887e-013, 0.0149862235, -2.18546589e-013),FormFactor = Enum.FormFactor.Custom,Size = Vector3.new(0.200000003, 0.200000003, 0.200000003),CFrame = CFrame.new(-1.12956798, 0.0537068211, 2.11317968, 0.999993086, 0.000108489701, 0.000116191353, 0.000113350776, 2.87301664e-005, -0.999996603, -0.000105720042, 1.00000107, 2.81135835e-005),CanCollide = false,BottomSurface = Enum.SurfaceType.Smooth,TopSurface = Enum.SurfaceType.Smooth,Color = Color3.new(0.356863, 0.364706, 0.411765),})
Mesh = New("CylinderMesh",Part,"Mesh",{Scale = Vector3.new(0.40909633, 1.12272739, 0.286363959),})
Part = New("Part",Model,"Part",{BrickColor = BrickColor.new("Smoky grey"),Material = "Metal",RotVelocity = Vector3.new(-1.94082624e-013, -3.47809648e-016, -2.006519e-013),Velocity = Vector3.new(2.29007026e-013, 0.0149862235, -2.18557702e-013),FormFactor = Enum.FormFactor.Custom,Size = Vector3.new(0.200000003, 0.200000003, 0.200000003),CFrame = CFrame.new(-1.12956798, 0.0537647568, 2.30387545, -0.999993086, -0.000116016978, -0.00010875817, -0.000113176611, 0.999996603, -2.67404139e-005, 0.000105988271, -2.61238092e-005, -1.00000107),CanCollide = false,BottomSurface = Enum.SurfaceType.Smooth,TopSurface = Enum.SurfaceType.Smooth,Color = Color3.new(0.356863, 0.364706, 0.411765),})
Mesh = New("SpecialMesh",Part,"Mesh",{Scale = Vector3.new(0.0909090936, 0.0909090936, 0.227272734),MeshId = "http://www.roblox.com/asset/?id=3270017",MeshType = Enum.MeshType.FileMesh,})
Part = New("Part",Model,"Part",{BrickColor = BrickColor.new("Smoky grey"),Material = "Metal",RotVelocity = Vector3.new(-1.94082624e-013, -3.47809648e-016, -2.006519e-013),Velocity = Vector3.new(2.28968943e-013, 0.0149862235, -2.18530218e-013),FormFactor = Enum.FormFactor.Custom,Size = Vector3.new(0.200000003, 0.200000003, 0.200000003),CFrame = CFrame.new(-1.129583, 0.0536228977, 2.33167505, -0.999993086, -0.000116219948, -0.000108489985, -0.000113379647, 0.999996603, -2.62113808e-005, 0.000105720035, -2.55947853e-005, -1.00000107),CanCollide = false,BottomSurface = Enum.SurfaceType.Smooth,TopSurface = Enum.SurfaceType.Smooth,Color = Color3.new(0.356863, 0.364706, 0.411765),})
Mesh = New("SpecialMesh",Part,"Mesh",{Scale = Vector3.new(0.0909090936, 0.0909090936, 0.227272734),MeshId = "http://www.roblox.com/asset/?id=3270017",MeshType = Enum.MeshType.FileMesh,})
Tip = New("Part",Model,"Tip",{BrickColor = BrickColor.new("Smoky grey"),Material = "Metal",RotVelocity = Vector3.new(-1.94082624e-013, -3.47809648e-016, -2.006519e-013),Velocity = Vector3.new(2.29084086e-013, 0.0149862235, -2.18544827e-013),FormFactor = Enum.FormFactor.Custom,Size = Vector3.new(0.200000003, 0.200000003, 0.200000003),CFrame = CFrame.new(-1.129583, 0.0536977611, 2.0440917, -0.000119767217, -0.000112900772, -0.999993086, 0.999996603, -2.61075893e-005, -0.000116926822, -2.54901042e-005, -1.00000107, 0.000110130932),CanCollide = false,BottomSurface = Enum.SurfaceType.Smooth,TopSurface = Enum.SurfaceType.Smooth,Color = Color3.new(0.356863, 0.364706, 0.411765),})
Mesh = New("SpecialMesh",Tip,"Mesh",{Scale = Vector3.new(0.0409090891, 0.13636364, 0.0409090891),VertexColor = Vector3.new(3.00000003e+015, 2.99999995e+031, 3.00000003e+015),MeshId = "http://www.roblox.com/asset/?id=1033714",MeshType = Enum.MeshType.FileMesh,})
Part = New("Part",Model,"Part",{BrickColor = BrickColor.new("Smoky grey"),Material = "Metal",RotVelocity = Vector3.new(-1.94082624e-013, -3.47809648e-016, -2.006519e-013),Velocity = Vector3.new(2.28994639e-013, 0.0149862235, -2.18527534e-013),FormFactor = Enum.FormFactor.Custom,Size = Vector3.new(0.200000003, 0.200000003, 0.200000003),CFrame = CFrame.new(-1.129583, 0.053608831, 2.24982214, -0.999993086, -0.000116083022, -0.000108519809, -0.000113242742, 0.999996603, -2.60325705e-005, 0.000105749838, -2.54159859e-005, -1.00000107),CanCollide = false,BottomSurface = Enum.SurfaceType.Smooth,TopSurface = Enum.SurfaceType.Smooth,Color = Color3.new(0.356863, 0.364706, 0.411765),})
Mesh = New("SpecialMesh",Part,"Mesh",{Scale = Vector3.new(0.0909090936, 0.0909090936, 0.227272734),MeshId = "http://www.roblox.com/asset/?id=3270017",MeshType = Enum.MeshType.FileMesh,})
