
--

--
local p = game.Players.LocalPlayer
local char = p.Character
local mouse = p:GetMouse()
local larm = char["Left Arm"]
local rarm = char["Right Arm"]
local lleg = char["Left Leg"]
local rleg = char["Right Leg"]
local hed = char.Head
local torso = char.Torso
local hum = char.Humanoid
local cam = game.Workspace.CurrentCamera
local root = char.HumanoidRootPart
local deb = false
local shot = 0
local l = game:GetService("Lighting")
local rs = game:GetService("RunService").RenderStepped
local stanceToggle = "Normal"
local t = tick()
local Smooth = 1
torso = char:findFirstChild("Torso")
head = char.Head
ra = char:findFirstChild("Right Arm")
ra.CanCollide = true
la = char:findFirstChild("Left Arm")
la.CanCollide = true
rl = char:findFirstChild("Right Leg")
rl.CanCollide = true
ll = char:findFirstChild("Left Leg")
ll.CanCollide = true
neck = torso:findFirstChild("Neck")
rootpart = char:findFirstChild("HumanoidRootPart")
rj = rootpart:findFirstChild("RootJoint")
math.randomseed(os.time())
hum.WalkSpeed = 7
if char:findFirstChild("Health") then
	char.Health:Destroy()
end
char:WaitForChild'Body Colors'
char["Body Colors"].HeadColor = BrickColor.new("Pastel brown")
char["Body Colors"].TorsoColor = BrickColor.new("Pastel brown")
char["Body Colors"].LeftArmColor = BrickColor.new("Pastel brown")
char["Body Colors"].RightArmColor = BrickColor.new("Pastel brown")
--
local p = game.Players.LocalPlayer
local char = p.Character
local mouse = p:GetMouse()
local larm = char["Left Arm"]
local rarm = char["Right Arm"]
local lleg = char["Left Leg"]
local rleg = char["Right Leg"]
local hed = char.Head
local torso = char.Torso
local hum = char.Humanoid
local cam = game.Workspace.CurrentCamera
local root = char.HumanoidRootPart
local deb = false
local shot = 0
local l = game:GetService("Lighting")
local rs = game:GetService("RunService").RenderStepped
local stanceToggle = "Normal"
math.randomseed(os.time())
hum.WalkSpeed = 7
hum.MaxHealth = math.huge
wait()
hum.Health = math.huge
----------------------------------------------------
if char:findFirstChild("Shirt") then
	char.Shirt:Destroy()
end
if char:findFirstChild("Pants") then
	char.Pants:Destroy()
end
if char:findFirstChild("Roblox") then
	char.Roblox:Destroy()
end
shirt = Instance.new("Shirt", char)
shirt.Name = "Shirt"
pants = Instance.new("Pants", char)
pants.Name = "Pants"
char.Shirt.ShirtTemplate = "http://www.roblox.com/asset/?id=461719067"
char.Pants.PantsTemplate = "http://www.roblox.com/asset/?id=461719157"
----------------------------------------------------
local Touche = {char.Name, }
Mouse = p:GetMouse()
mouse = p:GetMouse()
m = p:GetMouse()
char.Animate.Disabled = true
char.Head.Transparency = 0
anglespeed = 0
canstep = true
active = true
org = char.HumanoidRootPart.RootJoint.C0
char.Torso.CFrame = char.Torso.CFrame * CFrame.new(0, 15, 0)
----

local t = tick()
local Smooth = 1
torso = char:findFirstChild("Torso")
head = char.Head
ra = char:findFirstChild("Right Arm")
ra.CanCollide = true
la = char:findFirstChild("Left Arm")
la.CanCollide = true
rl = char:findFirstChild("Right Leg")
rl.CanCollide = true
ll = char:findFirstChild("Left Leg")
ll.CanCollide = true
neck = torso:findFirstChild("Neck")
rootpart = char:findFirstChild("HumanoidRootPart")
rj = rootpart:findFirstChild("RootJoint")
scl = function(m)
  
  for i,v in pairs(m:GetChildren()) do
    if v:IsA("SpecialMesh") or v:IsA("DataModelMesh") then
      if v.MeshType == Enum.MeshType.FileMesh then
        v.Scale = v.Scale * 2
      else
        v.Scale = v.Scale * 2
      end
    else
    end
    if v:IsA("BasePart") then
      do
        scl(v)
        -- DECOMPILER ERROR at PC39: LeaveBlock: unexpected jumping out IF_THEN_STMT

        -- DECOMPILER ERROR at PC39: LeaveBlock: unexpected jumping out IF_STMT

      end
    end
  end
end

scl(char)
newWeld = function(wp0, wp1, wc0x, wc0y, wc0z)
  
  local wld = Instance.new("Weld", wp1)
  wld.Part0 = wp0
  wld.Part1 = wp1
  wld.C0 = CFrame.new(wc0x, wc0y, wc0z)
  return wld
end
--
function HasntTouched(plrname)
local ret = true
for _, v in pairs(Touche) do
if v == plrname then
ret = false
end
end
return ret
end
--
function genWeld(a,b)
    local w = Instance.new("Weld",a)
    w.Part0 = a
    w.Part1 = b
    return w
end
function weld(a, b)
    local weld = Instance.new("Weld")
    weld.Name = "W"
    weld.Part0 = a
    weld.Part1 = b
    weld.C0 = a.CFrame:inverse() * b.CFrame
    weld.Parent = a
    return weld;
end
--
local mult = 2
la.Size = la.Size * mult
ra.Size = ra.Size * mult
ll.Size = ll.Size * mult
rl.Size = rl.Size * mult
torso.Size = torso.Size * mult
rootpart.Size = rootpart.Size * mult
local LeftShoulder = newWeld(torso, la, -1.5 * mult, 0.5 * mult, 0)
LeftShoulder.C1 = CFrame.new(0, 0.5 * mult, 0)
local RightShoulder = newWeld(torso, ra, 1.5 * mult, 0.5 * mult, 0)
RightShoulder.C1 = CFrame.new(0, 0.5 * mult, 0)
local Neck = newWeld(torso, head, 0, mult, 0)
local LeftHip = newWeld(torso, ll, -0.5 * mult, -1 * mult, 0)
LeftHip.C1 = CFrame.new(0, mult, 0)
local RightHip = newWeld(torso, rl, 0.5 * mult, -1 * mult, 0)
RightHip.C1 = CFrame.new(0, mult, 0)
local Torso2 = rj:Clone()
Torso2.Part0 = rootpart
Torso2.Part1 = torso
Torso2.Parent = rootpart
Neck.C1 = CFrame.new(0, -(mult / 2), 0)
neckc0 = Neck.C0
rsc0 = RightShoulder.C0
lsc0 = LeftShoulder.C0
llc0 = LeftHip.C0
rlc0 = RightHip.C0
rootc0 = Torso2.C0
rootc1 = Torso2.C1
wait()
deg = math.deg
rad = math.rad
asin = math.asin
atan2 = math.atan2
cos = math.cos
sin = math.sin
rad = math.sin
getAngles = function(cf)
end
-------------
local Target = game.Players.LocalPlayer.Name

local Character = game.Workspace[Target]

local hat = Instance.new('Hat', Character)
hat.AttachmentPos = Vector3.new(0, -2, 0)

local handle = Instance.new('Part', hat)
handle.Name = 'Handle'

local mesh = Instance.new('SpecialMesh')
mesh.Parent = handle
mesh.MeshId = 'rbxassetid://215680403'
mesh.TextureId = 'rbxassetid://303587942'
mesh.Scale = Vector3.new(2, 2, 2)
--

local Character = game.Workspace[Target]

local hat = Instance.new('Hat', Character)
hat.AttachmentPos = Vector3.new(0, -0.2, 0.3)

local handle = Instance.new('Part', hat)
handle.Name = 'Handle'

local mesh = Instance.new('SpecialMesh')
mesh.Parent = handle
mesh.MeshId = 'rbxassetid://93129244'
mesh.TextureId = 'rbxassetid://303587942'
mesh.Scale = Vector3.new(2, 2, 2)
--

--
Player=game:GetService("Players").LocalPlayer 
-----------------------------------------------------------------
local p = game.Players.LocalPlayer
local char = p.Character
local mouse = p:GetMouse()
local larm = char["Left Arm"]
local rarm = char["Right Arm"]
local lleg = char["Left Leg"]
local rleg = char["Right Leg"]
local hed = char.Head
local torso = char.Torso
local hum = char.Humanoid
local cam = game.Workspace.CurrentCamera
local root = char.HumanoidRootPart
local deb = false
local shot = 0
local stanceToggle = "Normal"
local l = game:GetService("Lighting")
local runs = game:GetService("RunService")
local debris=game:service"Debris"
local rs = runs.RenderStepped
local hb = runs.Heartbeat
local step = runs.Stepped
local stanceToggle = "Normal"
local animpose = "Idle"
local lastanimpose = "Idle"
local sine = 0
local change = 1
local val = 0
local ffing = false
local och = 0
-------
--
wait'.5'
local WrapMaterial="SmoothPlastic"
local WrapColor=BrickColor.new("Brown")
local BladeMaterial='Neon'
local HandleMaterial='Neon'
local LightColor=BrickColor.new("Cyan")
local HandleColor=BrickColor.new("Really black")
local BladeColor=BrickColor.new("Institutional white")
local BladeRefl=.3
local AttackOrbColor=BrickColor.new("White")
local HealOrbColor=BrickColor.new("New Yeller")

local plr = game.Players.LocalPlayer
local chr = plr.Character
local maus = plr:GetMouse()
local PGui=plr.PlayerGui
local lleg = chr["Left Leg"]
local rleg = chr["Right Leg"]
local larm = chr["Left Arm"]
local rarm = chr["Right Arm"]
local hed = chr.Head
-------------
newWeld = function(wp0, wp1, wc0x, wc0y, wc0z)
local wld = Instance.new("Weld", wp1)
wld.Part0 = wp0
wld.Part1 = wp1
wld.C0 = CFrame.new(wc0x, wc0y, wc0z)
end
----------------------------------------------------
Debounces = {
CanAttack = true;
CanJoke = true;
NoIdl = false;
Slashing = false;
Slashed = false;
ks = false;
RKick = false;
RKicked = false;
}
----------------------------------------------------
function weld5(part0, part1, c0, c1)
    weeld=Instance.new("Weld", part0)
    weeld.Part0=part0
    weeld.Part1=part1
    weeld.C0=c0
    weeld.C1=c1
    return weeld
end
----------------------------------------------------
newWeld(torso, larm, -1.5, 0.5, 0)
larm.Weld.C1 = CFrame.new(0, 0.5, 0)
newWeld(torso, rarm, 1.5, 0.5, 0)
rarm.Weld.C1 = CFrame.new(0, 0.5, 0)
newWeld(torso, hed, 0, 1.5, 0)
newWeld(torso, lleg, -0.5, -1, 0)
lleg.Weld.C1 = CFrame.new(0, 1, 0)
newWeld(torso, rleg, 0.5, -1, 0)
rleg.Weld.C1 = CFrame.new(0, 1, 0)
newWeld(root, torso, 0, -1, 0)
torso.Weld.C1 = CFrame.new(0, -1, 0)
--------------------------
function lerp(a, b, t) -- Linear interpolation
	return a + (b - a)*t
end
 
function slerp(a, b, t) --Spherical interpolation
	dot = a:Dot(b)
	if dot > 0.99999 or dot < -0.99999 then
		return t <= 0.5 and a or b
	else
		r = math.acos(dot)
		return (a*math.sin((1 - t)*r) + b*math.sin(t*r)) / math.sin(r)
	end
end
 
function matrixInterpolate(a, b, t)
	local ax, ay, az, a00, a01, a02, a10, a11, a12, a20, a21, a22 = a:components()
	local bx, by, bz, b00, b01, b02, b10, b11, b12, b20, b21, b22 = b:components()
	local v0 = lerp(Vector3.new(ax, ay, az), Vector3.new(bx , by , bz), t) -- Position
	local v1 = slerp(Vector3.new(a00, a01, a02), Vector3.new(b00, b01, b02), t) -- Vector  right
	local v2 = slerp(Vector3.new(a10, a11, a12), Vector3.new(b10, b11, b12), t) -- Vector  up
	local v3 = slerp(Vector3.new(a20, a21, a22), Vector3.new(b20, b21, b22), t) -- Vector  back
	local t = v1:Dot(v2)
	if not (t < 0 or t == 0 or t > 0) then 	-- Failsafe
		return CFrame.new()
	end
	return CFrame.new(
	v0.x, v0.y, v0.z,
	v1.x, v1.y, v1.z,
	v2.x, v2.y, v2.z,
	v3.x, v3.y, v3.z)
end
--------------------------
function Lerp(c1,c2,al)
local com1 = {c1.X,c1.Y,c1.Z,c1:toEulerAnglesXYZ()}
local com2 = {c2.X,c2.Y,c2.Z,c2:toEulerAnglesXYZ()}
for i,v in pairs(com1) do 
com1[i] = v+(com2[i]-v)*al
end
return CFrame.new(com1[1],com1[2],com1[3]) * CFrame.Angles(select(4,unpack(com1)))
end
--------------------------
--
local m = Instance.new("Model")
p1 = Instance.new("Part", m)
p1.BrickColor = BrickColor.new("Institutional white")
p1.Transparency = 1
p1.FormFactor = Enum.FormFactor.Custom
p1.Size = Vector3.new(1, 0.600000024, 1.5)
p1.CFrame = CFrame.new(67.4994888, 12.1560526, 73.0205841, 0.999972522, -3.59117985e-005, -8.00192356e-006, -1.39250187e-005, 0.358383715, -0.933530986, 5.28097153e-005, 0.933500648, 0.358406395)
p1.CanCollide = false
p1.Locked = true
p1.Elasticity = 0
p1.BottomSurface = Enum.SurfaceType.Smooth
p1.TopSurface = Enum.SurfaceType.Smooth
b1 = Instance.new("SpecialMesh", p1)
b1.MeshType = Enum.MeshType.Wedge
b1.Name = "Mesh"
b1.Scale = Vector3.new(0.400000006, 0.600000024, 0.699999928)
p2 = Instance.new("Part", m)
p2.BrickColor = BrickColor.new("Really black")
p2.Transparency = 1
p2.FormFactor = Enum.FormFactor.Custom
p2.Size = Vector3.new(1, 2.9000001, 1)
p2.CFrame = CFrame.new(67.4995728, 11.7633543, 74.2129135, -1.30959779e-005, 2.79811252e-006, 0.999972522, 0.961226642, 0.275612593, -7.50799518e-006, -0.275637805, 0.96119839, 1.01176247e-005)
p2.CanCollide = false
p2.Locked = true
p2.Elasticity = 0
p2.BottomSurface = Enum.SurfaceType.Smooth
p2.TopSurface = Enum.SurfaceType.Smooth
b2 = Instance.new("BlockMesh", p2)
b2.Name = "Mesh"
b2.Scale = Vector3.new(0.400000006, 1, 0.400000006)
p3 = Instance.new("Part", m)
p3.BrickColor = BrickColor.new("Institutional white")
p3.Transparency = 1
p3.FormFactor = Enum.FormFactor.Custom
p3.Size = Vector3.new(1, 1.20000005, 2.0999999)
p3.CFrame = CFrame.new(67.4994965, 12.6401453, 73.9670334, 0.999972522, -3.52207899e-005, -8.10639358e-006, -1.61500211e-005, 0.309035271, -0.951007903, 5.24176576e-005, 0.950978875, 0.309059501)
p3.CanCollide = false
p3.Locked = true
p3.Elasticity = 0
p3.BottomSurface = Enum.SurfaceType.Smooth
p3.TopSurface = Enum.SurfaceType.Smooth
b3 = Instance.new("SpecialMesh", p3)
b3.MeshType = Enum.MeshType.Wedge
b3.Name = "Mesh"
b3.Scale = Vector3.new(0.400000006, 0.600000024, 0.699999928)
p4 = Instance.new("Part", m)
p4.BrickColor = BrickColor.new("Institutional white")
p4.Transparency = 1
p4.FormFactor = Enum.FormFactor.Custom
p4.Size = Vector3.new(1, 1.43999994, 2.05000019)
p4.CFrame = CFrame.new(67.4995575, 11.8683414, 76.1565704, 0.999972522, -2.5085672e-005, -1.53700166e-005, -4.86194367e-005, -0.800831437, -0.598821938, 1.9131101e-005, 0.598835468, -0.800796151)
p4.CanCollide = false
p4.Locked = true
p4.Elasticity = 0
p4.BottomSurface = Enum.SurfaceType.Smooth
p4.TopSurface = Enum.SurfaceType.Smooth
b4 = Instance.new("SpecialMesh", p4)
b4.MeshType = Enum.MeshType.Wedge
b4.Name = "Mesh"
b4.Scale = Vector3.new(0.300000012, 0.600000024, 0.699999988)
p5 = Instance.new("Part", m)
p5.BrickColor = BrickColor.new("Institutional white")
p5.Transparency = 1
p5.FormFactor = Enum.FormFactor.Custom
p5.Size = Vector3.new(1, 1.20000005, 3.20000005)
p5.CFrame = CFrame.new(67.4995193, 13.241991, 74.8357468, 0.999972522, -3.59118021e-005, -8.00191992e-006, -1.39250224e-005, 0.358383656, -0.933530807, 5.2809708e-005, 0.933500469, 0.358406246)
p5.CanCollide = false
p5.Locked = true
p5.Elasticity = 0
p5.BottomSurface = Enum.SurfaceType.Smooth
p5.TopSurface = Enum.SurfaceType.Smooth
b5 = Instance.new("SpecialMesh", p5)
b5.MeshType = Enum.MeshType.Wedge
b5.Name = "Mesh"
b5.Scale = Vector3.new(0.400000006, 0.600000024, 0.699999928)
p6 = Instance.new("Part", m)
p6.Name = "Handle"
p6.BrickColor = BrickColor.new("Really black")
p6.Transparency = 1
p6.FormFactor = Enum.FormFactor.Custom
p6.Size = Vector3.new(1.5999999, 13.6000004, 1)
p6.CFrame = CFrame.new(67.5017471, 11.2780685, 66.1421967, -1.18190947e-005, 6.28741009e-006, 0.999972522, 0.99995929, -1.39772892e-005, -7.50630716e-006, -1.79708004e-005, 0.999939024, 1.01296728e-005)
p6.CanCollide = false
p6.Locked = true
p6.Elasticity = 0
p6.BottomSurface = Enum.SurfaceType.Smooth
p6.TopSurface = Enum.SurfaceType.Smooth
b6 = Instance.new("BlockMesh", p6)
b6.Name = "Mesh"
b6.Scale = Vector3.new(0.400000006, 1, 0.400000006)
p7 = Instance.new("Part", m)
p7.BrickColor = BrickColor.new("Institutional white")
p7.Transparency = 1
p7.FormFactor = Enum.FormFactor.Custom
p7.Size = Vector3.new(1, 1.00999999, 1.05000019)
p7.CFrame = CFrame.new(67.5174179, 10.5228004, 76.3114471, 0.999972522, -2.76626724e-005, -6.72184569e-006, -4.7347472e-005, -0.91489929, -0.403581172, 2.14323372e-005, 0.403602213, -0.914867818)
p7.CanCollide = false
p7.Locked = true
p7.Elasticity = 0
p7.BottomSurface = Enum.SurfaceType.Smooth
p7.TopSurface = Enum.SurfaceType.Smooth
b7 = Instance.new("SpecialMesh", p7)
b7.MeshType = Enum.MeshType.Wedge
b7.Name = "Mesh"
b7.Scale = Vector3.new(0.300000012, 0.600000024, 0.699999988)
p8 = Instance.new("Part", m)
p8.BrickColor = BrickColor.new("Institutional white")
p8.Transparency = 1
p8.FormFactor = Enum.FormFactor.Custom
p8.Size = Vector3.new(1, 1.00999999, 1.05000019)
p8.CFrame = CFrame.new(67.5074387, 8.51285458, 76.8714371, 0.999972522, -2.76626724e-005, -6.72184387e-006, -4.73474684e-005, -0.91489917, -0.403581113, 2.14323354e-005, 0.403602153, -0.914867699)
p8.CanCollide = false
p8.Locked = true
p8.Elasticity = 0
p8.BottomSurface = Enum.SurfaceType.Smooth
p8.TopSurface = Enum.SurfaceType.Smooth
b8 = Instance.new("SpecialMesh", p8)
b8.MeshType = Enum.MeshType.Wedge
b8.Name = "Mesh"
b8.Scale = Vector3.new(0.300000012, 0.600000024, 0.699999988)
p9 = Instance.new("Part", m)
p9.BrickColor = BrickColor.new("Really black")
p9.Transparency = 1
p9.FormFactor = Enum.FormFactor.Custom
p9.Size = Vector3.new(1, 1.07999957, 1)
p9.CFrame = CFrame.new(67.5095749, 7.1092, 74.5051422, -2.60536999e-005, -5.21559741e-006, 0.999972522, 0.35323599, -0.935490847, -1.50012565e-005, 0.935460567, 0.353258699, 4.2632455e-005)
p9.CanCollide = false
p9.Locked = true
p9.Elasticity = 0
p9.BottomSurface = Enum.SurfaceType.Smooth
p9.TopSurface = Enum.SurfaceType.Smooth
b9 = Instance.new("BlockMesh", p9)
b9.Name = "Mesh"
b9.Scale = Vector3.new(0.550000012, 1, 0.550000012)
p10 = Instance.new("Part", m)
p10.BrickColor = BrickColor.new("Really black")
p10.Transparency = 1
p10.FormFactor = Enum.FormFactor.Custom
p10.Size = Vector3.new(1, 1.41999948, 1)
p10.CFrame = CFrame.new(67.489624, 8.67401791, 72.7929764, -9.47785156e-006, -9.42233055e-006, 0.999972522, 0.292371064, 0.956263304, -7.54374832e-006, -0.956253231, 0.292334616, 1.01081387e-005)
p10.CanCollide = false
p10.Locked = true
p10.Elasticity = 0
p10.BottomSurface = Enum.SurfaceType.Smooth
p10.TopSurface = Enum.SurfaceType.Smooth
b10 = Instance.new("BlockMesh", p10)
b10.Name = "Mesh"
b10.Scale = Vector3.new(0.400000006, 1, 0.400000006)
p11 = Instance.new("Part", m)
p11.BrickColor = BrickColor.new("Really black")
p11.Transparency = 1
p11.FormFactor = Enum.FormFactor.Custom
p11.Size = Vector3.new(1, 1.50999951, 1)
p11.CFrame = CFrame.new(67.509552, 7.11887455, 70.3475952, -1.87569385e-005, 1.80455972e-005, 0.999972522, -0.36222899, -0.932047009, -9.30004444e-006, 0.932039678, -0.362191886, 4.04359016e-005)
p11.CanCollide = false
p11.Locked = true
p11.Elasticity = 0
p11.BottomSurface = Enum.SurfaceType.Smooth
p11.TopSurface = Enum.SurfaceType.Smooth
b11 = Instance.new("BlockMesh", p11)
b11.Name = "Mesh"
b11.Scale = Vector3.new(0.550000012, 1, 0.550000012)
p12 = Instance.new("Part", m)
p12.Name = "BladeCenter"
p12.BrickColor = BrickColor.new("Dark stone grey")
p12.Transparency = 1
p12.Material = Enum.Material.Concrete
p12.FormFactor = Enum.FormFactor.Symmetric
p12.Size = Vector3.new(1, 2, 2)
p12.CFrame = CFrame.new(67.4995346, 6.83217764, 72.2514038, -0.999972522, 2.42275873e-005, 0.000103325896, -8.39982677e-005, 4.44650614e-005, -0.999960959, -4.06451727e-005, -0.999940753, -1.25430051e-005)
p12.CanCollide = false
p12.Locked = true
p12.BottomSurface = Enum.SurfaceType.Smooth
p12.TopSurface = Enum.SurfaceType.Smooth
b12 = Instance.new("SpecialMesh", p12)
b12.MeshType = Enum.MeshType.Brick
b12.Name = "Mesh"
b12.Scale = Vector3.new(0.499999911, 1, 0.699999928)
p13 = Instance.new("Part", m)
p13.BrickColor = BrickColor.new("Really black")
p13.Transparency = 1
p13.FormFactor = Enum.FormFactor.Custom
p13.Size = Vector3.new(2.91000009, 4.3300004, 1)
p13.CFrame = CFrame.new(67.5096359, 9.31026554, 73.9751816, 7.60371313e-006, 1.0943455e-005, 0.999972522, -0.119072244, -0.99284631, -7.55448127e-006, 0.992830038, -0.119038157, 1.01703836e-005)
p13.CanCollide = false
p13.Locked = true
p13.Elasticity = 0
p13.BottomSurface = Enum.SurfaceType.Smooth
p13.TopSurface = Enum.SurfaceType.Smooth
b13 = Instance.new("BlockMesh", p13)
b13.Name = "Mesh"
b13.Scale = Vector3.new(1, 1, 0.400000006)
p14 = Instance.new("Part", m)
p14.BrickColor = BrickColor.new("Really black")
p14.Transparency = 1
p14.FormFactor = Enum.FormFactor.Custom
p14.Size = Vector3.new(2.5, 2.17999935, 1)
p14.CFrame = CFrame.new(67.4896011, 10.1621294, 72.6420059, -1.55498967e-007, -1.33476442e-005, 0.999972522, -0.462319613, 0.886669755, -7.56198779e-006, -0.886637092, -0.462338567, 1.01078904e-005)
p14.CanCollide = false
p14.Locked = true
p14.Elasticity = 0
p14.BottomSurface = Enum.SurfaceType.Smooth
p14.TopSurface = Enum.SurfaceType.Smooth
b14 = Instance.new("BlockMesh", p14)
b14.Name = "Mesh"
b14.Scale = Vector3.new(0.400000006, 1, 0.400000006)
p15 = Instance.new("Part", m)
p15.BrickColor = BrickColor.new("Really black")
p15.Transparency = 1
p15.FormFactor = Enum.FormFactor.Custom
p15.Size = Vector3.new(1.16999996, 4.2699995, 1)
p15.CFrame = CFrame.new(67.5095901, 9.35303593, 70.6884613, -1.24399676e-005, -4.94209144e-006, 0.999972522, 0.645082474, 0.764063478, -7.52419282e-006, -0.764068604, 0.645045042, 1.0099785e-005)
p15.CanCollide = false
p15.Locked = true
p15.Elasticity = 0
p15.BottomSurface = Enum.SurfaceType.Smooth
p15.TopSurface = Enum.SurfaceType.Smooth
b15 = Instance.new("BlockMesh", p15)
b15.Name = "Mesh"
b15.Scale = Vector3.new(1, 1, 0.400000006)
p16 = Instance.new("Part", m)
p16.BrickColor = BrickColor.new("Really black")
p16.Transparency = 1
p16.FormFactor = Enum.FormFactor.Custom
p16.Size = Vector3.new(1.68999994, 4.76000023, 1)
p16.CFrame = CFrame.new(67.4996033, 9.63990211, 75.3800278, 2.98175655e-006, 1.30014914e-005, 0.999972522, 0.258795738, -0.965893507, -7.53869244e-006, 0.965865672, 0.258821338, 1.01718706e-005)
p16.CanCollide = false
p16.Locked = true
p16.Elasticity = 0
p16.BottomSurface = Enum.SurfaceType.Smooth
p16.TopSurface = Enum.SurfaceType.Smooth
b16 = Instance.new("BlockMesh", p16)
b16.Name = "Mesh"
b16.Scale = Vector3.new(1, 1, 0.400000006)
p17 = Instance.new("Part", m)
p17.BrickColor = BrickColor.new("Really black")
p17.Transparency = 1
p17.FormFactor = Enum.FormFactor.Custom
p17.Size = Vector3.new(1.78999996, 4.21999979, 1)
p17.CFrame = CFrame.new(67.499588, 9.28996372, 69.8789978, -9.50601952e-006, -9.41252802e-006, 0.999972522, 0.293352425, 0.955965877, -7.53842551e-006, -0.955955863, 0.293315947, 1.00904235e-005)
p17.CanCollide = false
p17.Locked = true
p17.Elasticity = 0
p17.BottomSurface = Enum.SurfaceType.Smooth
p17.TopSurface = Enum.SurfaceType.Smooth
b17 = Instance.new("BlockMesh", p17)
b17.Name = "Mesh"
b17.Scale = Vector3.new(1, 1, 0.400000006)
p18 = Instance.new("WedgePart", m)
p18.BrickColor = BrickColor.new("Dark stone grey")
p18.Transparency = 1
p18.Name = "BladePart1"
p18.Material = Enum.Material.Concrete
p18.Name = "Wedge"
p18.FormFactor = Enum.FormFactor.Symmetric
p18.Size = Vector3.new(1, 4, 2)
p18.CFrame = CFrame.new(67.499321, 6.83199787, 69.4816895, 0.999972522, -3.68033288e-005, -4.22928351e-005, 2.29664256e-005, -1.65102574e-005, 0.999963701, -2.03872096e-005, -0.999943435, -4.84290831e-005)
p18.CanCollide = false
p18.Locked = true
p18.BottomSurface = Enum.SurfaceType.Smooth
p18.TopSurface = Enum.SurfaceType.Smooth
b18 = Instance.new("SpecialMesh", p18)
b18.MeshType = Enum.MeshType.Wedge
b18.Name = "Mesh"
b18.Scale = Vector3.new(0.499999911, 0.899999976, 0.699999928)
p19 = Instance.new("WedgePart", m)
p19.BrickColor = BrickColor.new("Dark stone grey")
p19.Transparency = 1
p19.Name = "BladePart2"
p19.Material = Enum.Material.Concrete
p19.Name = "Wedge"
p19.FormFactor = Enum.FormFactor.Symmetric
p19.Size = Vector3.new(1, 4, 2)
p19.CFrame = CFrame.new(67.4994736, 6.83213568, 75.0314102, -0.999972522, 3.68059118e-005, -0.000103325001, -8.40002976e-005, -4.4521752e-005, 0.999963701, 2.03864402e-005, 0.999943435, 1.26029336e-005)
p19.CanCollide = false
p19.Locked = true
p19.BottomSurface = Enum.SurfaceType.Smooth
p19.TopSurface = Enum.SurfaceType.Smooth
b19 = Instance.new("SpecialMesh", p19)
b19.MeshType = Enum.MeshType.Wedge
b19.Name = "Mesh"
b19.Scale = Vector3.new(0.499999911, 0.899999976, 0.699999928)
p20 = Instance.new("Part", m)
p20.BrickColor = BrickColor.new("Really black")
p20.Transparency = 1
p20.FormFactor = Enum.FormFactor.Custom
p20.Size = Vector3.new(2.53000021, 2.39999938, 1)
p20.CFrame = CFrame.new(67.4996414, 7.91898966, 71.4148178, -1.09432585e-005, 7.6432425e-006, 0.999972522, 0.992849231, -0.119072601, -7.55000656e-006, 0.119038492, 0.992832959, 1.01311334e-005)
p20.CanCollide = false
p20.Locked = true
p20.Elasticity = 0
p20.BottomSurface = Enum.SurfaceType.Smooth
p20.TopSurface = Enum.SurfaceType.Smooth
b20 = Instance.new("BlockMesh", p20)
b20.Name = "Mesh"
b20.Scale = Vector3.new(0.400000006, 1, 0.400000006)
p21 = Instance.new("Part", m)
p21.BrickColor = BrickColor.new("Institutional white")
p21.Transparency = 1
p21.FormFactor = Enum.FormFactor.Custom
p21.Size = Vector3.new(1, 1.43999994, 1.59000015)
p21.CFrame = CFrame.new(67.509613, 9.57073689, 76.6228256, 0.999972522, -2.50856156e-005, -1.53699839e-005, -4.86196222e-005, -0.800835371, -0.598824739, 1.91311228e-005, 0.59883821, -0.800800025)
p21.CanCollide = false
p21.Locked = true
p21.Elasticity = 0
p21.BottomSurface = Enum.SurfaceType.Smooth
p21.TopSurface = Enum.SurfaceType.Smooth
b21 = Instance.new("SpecialMesh", p21)
b21.MeshType = Enum.MeshType.Wedge
b21.Name = "Mesh"
b21.Scale = Vector3.new(0.300000012, 0.600000024, 0.699999988)
w1 = Instance.new("Weld", p1)
w1.Name = "Part_Weld"
w1.Part0 = p1
w1.C0 = CFrame.new(-67.5030899, -72.5280457, -14.8209743, 1, -6.37466928e-006, 4.26825172e-005, -3.75621021e-005, 0.358411252, 0.933563769, -2.12490559e-005, -0.933563769, 0.358411252)
w1.Part1 = p2
w1.C1 = CFrame.new(9.14727688, -74.5847855, -67.5001221, -4.37113883e-008, 0.961261749, -0.27563718, 0, 0.27563718, 0.961261749, 1, 4.20180868e-008, -1.2048484e-008)
w2 = Instance.new("Weld", p2)
w2.Name = "Part_Weld"
w2.Part0 = p2
w2.C0 = CFrame.new(9.14727688, -74.5847855, -67.5001221, -4.37113883e-008, 0.961261749, -0.27563718, 0, 0.27563718, 0.961261749, 1, 4.20180868e-008, -1.2048484e-008)
w2.Part1 = p3
w2.C1 = CFrame.new(-67.5030823, -74.2541809, -10.8368053, 1, -8.59976626e-006, 4.22903977e-005, -3.75621021e-005, 0.30906105, 0.951042175, -2.12490559e-005, -0.951042175, 0.30906105)
w3 = Instance.new("Weld", p3)
w3.Name = "Part_Weld"
w3.Part0 = p3
w3.C0 = CFrame.new(-67.5030823, -74.2541809, -10.8368053, 1, -8.59976626e-006, 4.22903977e-005, -3.75621021e-005, 0.30906105, 0.951042175, -2.12490559e-005, -0.951042175, 0.30906105)
w3.Part1 = p4
w3.C1 = CFrame.new(-67.5002975, -36.1002579, 68.1035233, 1, -4.10709617e-005, 9.00123541e-006, -3.82823673e-005, -0.800855637, 0.598857403, -1.73869594e-005, -0.598857403, -0.800855637)
w4 = Instance.new("Weld", p4)
w4.Name = "Part_Weld"
w4.Part0 = p4
w4.C0 = CFrame.new(-67.5002975, -36.1002579, 68.1035233, 1, -4.10709617e-005, 9.00123541e-006, -3.82823673e-005, -0.800855637, 0.598857403, -1.73869594e-005, -0.598857403, -0.800855637)
w4.Part1 = p5
w4.C1 = CFrame.new(-67.5031891, -74.611969, -14.457736, 1, -6.37466928e-006, 4.26825172e-005, -3.75621021e-005, 0.358411252, 0.933563769, -2.12490559e-005, -0.933563769, 0.358411252)
w5 = Instance.new("Weld", p5)
w5.Name = "Part_Weld"
w5.Part0 = p5
w5.C0 = CFrame.new(-67.5031891, -74.611969, -14.457736, 1, -6.37466928e-006, 4.26825172e-005, -3.75621021e-005, 0.358411252, 0.933563769, -2.12490559e-005, -0.933563769, 0.358411252)
w5.Part1 = p6
w5.C1 = CFrame.new(-11.2799978, -66.1456223, -67.5023346, -4.37113883e-008, 1, 4.37113883e-008, 0, -4.37113883e-008, 1, 1, 4.37113883e-008, 1.91068547e-015)
w6 = Instance.new("Weld", p6)
w6.Name = "Part_Weld"
w6.Part0 = p6
w6.C0 = CFrame.new(-11.2799978, -66.1456223, -67.5023346, -4.37113883e-008, 1, 4.37113883e-008, 0, -4.37113883e-008, 1, 1, 4.37113883e-008, 1.91068547e-015)
w6.Part1 = p7
w6.C1 = CFrame.new(-67.5183792, -21.1694489, 74.0717163, 1, -3.97989206e-005, 1.13026372e-005, -4.09751265e-005, -0.91493088, 0.403610349, -5.72212457e-006, -0.403610349, -0.91493088)
w7 = Instance.new("Weld", p7)
w7.Name = "Part_Weld"
w7.Part0 = p7
w7.C0 = CFrame.new(-67.5183792, -21.1694489, 74.0717163, 1, -3.97989206e-005, 1.13026372e-005, -4.09751265e-005, -0.91493088, 0.403610349, -5.72212457e-006, -0.403610349, -0.91493088)
w7.Part1 = p8
w7.C1 = CFrame.new(-67.508461, -23.234499, 73.7728119, 1, -3.97989206e-005, 1.13026372e-005, -4.09751265e-005, -0.91493088, 0.403610349, -5.72212457e-006, -0.403610349, -0.91493088)
w8 = Instance.new("Weld", p8)
w8.Name = "Part_Weld"
w8.Part0 = p8
w8.C0 = CFrame.new(-67.508461, -23.234499, 73.7728119, 1, -3.97989206e-005, 1.13026372e-005, -4.09751265e-005, -0.91493088, 0.403610349, -5.72212457e-006, -0.403610349, -0.91493088)
w8.Part1 = p9
w8.C1 = CFrame.new(-72.2151413, -19.6674671, -67.5124359, -2.77766703e-005, 0.353263557, 0.935524285, -1.84533783e-005, -0.935524285, 0.353263557, 1, -7.4510931e-006, 3.25046385e-005)
w9 = Instance.new("Weld", p9)
w9.Name = "Part_Weld"
w9.Part0 = p9
w9.C0 = CFrame.new(-72.2151413, -19.6674671, -67.5124359, -2.77766703e-005, 0.353263557, 0.935524285, -1.84533783e-005, -0.935524285, 0.353263557, 1, -7.4510931e-006, 3.25046385e-005)
w9.Part1 = p10
w9.C1 = CFrame.new(67.0792923, -29.5803547, -67.4901428, -2.24114753e-008, 0.292369425, -0.956305802, 3.04095332e-010, 0.956305802, 0.292369425, 1, 6.26159258e-009, -2.15211493e-008)
w10 = Instance.new("Weld", p10)
w10.Name = "Part_Weld"
w10.Part0 = p10
w10.C0 = CFrame.new(67.0792923, -29.5803547, -67.4901428, -2.24114753e-008, 0.292369425, -0.956305802, 3.04095332e-010, 0.956305802, 0.292369425, 1, 6.26159258e-009, -2.15211493e-008)
w10.Part1 = p11
w10.C1 = CFrame.new(-62.9921722, 32.1197624, -67.5121918, -2.88835581e-005, -0.362230271, 0.932088912, 9.3476192e-006, -0.932088912, -0.362230271, 1, -1.74967965e-006, 3.03080251e-005)
w11 = Instance.new("Weld", p11)
w11.Name = "Part_Weld"
w11.Part0 = p11
w11.C0 = CFrame.new(-62.9921722, 32.1197624, -67.5121918, -2.88835581e-005, -0.362230271, 0.932088912, 9.3476192e-006, -0.932088912, -0.362230271, 1, -1.74967965e-006, 3.03080251e-005)
w11.Part1 = p12
w11.C1 = CFrame.new(67.5028763, 72.2527161, 6.8300252, -1, -9.15522687e-005, -3.05189751e-005, 3.05161811e-005, 3.05189751e-005, -1, 9.15532e-005, -1, -3.05161811e-005)
w12 = Instance.new("Weld", p12)
w12.Name = "Part_Weld"
w12.Part0 = p12
w12.C0 = CFrame.new(67.5028763, 72.2527161, 6.8300252, -1, -9.15522687e-005, -3.05189751e-005, 3.05161811e-005, 3.05189751e-005, -1, 9.15532e-005, -1, -3.05161811e-005)
w12.Part1 = p13
w12.C1 = CFrame.new(-72.3439255, 18.054121, -67.5101624, -4.09776035e-008, -0.11906305, 0.992886722, 4.05430745e-010, -0.992886722, -0.11906305, 1, -4.47637571e-009, 4.0734399e-008)
w13 = Instance.new("Weld", p13)
w13.Name = "Part_Weld"
w13.Part0 = p13
w13.C0 = CFrame.new(-72.3439255, 18.054121, -67.5101624, -4.09776035e-008, -0.11906305, 0.992886722, 4.05430745e-010, -0.992886722, -0.11906305, 1, -4.47637571e-009, 4.0734399e-008)
w13.Part1 = p14
w13.C1 = CFrame.new(69.1140671, 24.5752277, -67.4901428, -2.4837334e-008, -0.462350011, -0.886697888, 5.64353009e-010, 0.886697888, -0.462350011, 1, -1.19839818e-008, -2.17623022e-008)
w14 = Instance.new("Weld", p14)
w14.Name = "Part_Weld"
w14.Part0 = p14
w14.C0 = CFrame.new(69.1140671, 24.5752277, -67.4901428, -2.4837334e-008, -0.462350011, -0.886697888, 5.64353009e-010, 0.886697888, -0.462350011, 1, -1.19839818e-008, -2.17623022e-008)
w14.Part1 = p15
w14.C1 = CFrame.new(47.9809418, -52.7511749, -67.5101318, -3.94735267e-008, 0.64509654, -0.764101744, -4.55740418e-010, 0.764101744, 0.64509654, 1, 2.58124242e-008, -2.98677882e-008)
w15 = Instance.new("Weld", p15)
w15.Name = "Part_Weld"
w15.Part0 = p15
w15.C0 = CFrame.new(47.9809418, -52.7511749, -67.5101318, -3.94735267e-008, 0.64509654, -0.764101744, -4.55740418e-010, 0.764101744, 0.64509654, 1, 2.58124242e-008, -2.98677882e-008)
w15.Part1 = p16
w15.C1 = CFrame.new(-75.3105469, -10.1974039, -67.5001221, -4.37113883e-008, 0.258818924, 0.965925872, 0, -0.965925872, 0.258818924, 1, 1.13133343e-008, 4.22219593e-008)
w16 = Instance.new("Weld", p16)
w16.Name = "Part_Weld"
w16.Part0 = p16
w16.C0 = CFrame.new(-75.3105469, -10.1974039, -67.5001221, -4.37113883e-008, 0.258818924, 0.965925872, 0, -0.965925872, 0.258818924, 1, 1.13133343e-008, 4.22219593e-008)
w16.Part1 = p17
w16.C1 = CFrame.new(64.0820847, -29.3829937, -67.5001373, -4.09009289e-008, 0.293349952, -0.956005633, 4.38312497e-010, 0.956005633, 0.293349952, 1, 1.15792238e-008, -3.92300876e-008)
w17 = Instance.new("Weld", p17)
w17.Name = "Wedge_Weld"
w17.Part0 = p17
w17.C0 = CFrame.new(64.0820847, -29.3829937, -67.5001373, -4.09009289e-008, 0.293349952, -0.956005633, 4.38312497e-010, 0.956005633, 0.293349952, 1, 1.15792238e-008, -3.92300876e-008)
w17.Part1 = p18
w17.C1 = CFrame.new(-67.4979324, 69.4871521, -6.82958078, 1, 3.05171125e-005, -3.05180438e-005, -3.05171125e-005, -3.05180438e-005, -1, -3.05180438e-005, 1, -3.05171125e-005)
w18 = Instance.new("Weld", p18)
w18.Name = "Wedge_Weld"
w18.Part0 = p18
w18.C0 = CFrame.new(-67.4979324, 69.4871521, -6.82958078, 1, 3.05171125e-005, -3.05180438e-005, -3.05171125e-005, -3.05180438e-005, -1, -3.05180438e-005, 1, -3.05171125e-005)
w18.Part1 = p19
w18.C1 = CFrame.new(67.4982986, -75.0367737, -6.83008671, -1, -9.15532e-005, 3.05161811e-005, 3.05189751e-005, -3.05161811e-005, 1, -9.15522687e-005, 1, 3.05189751e-005)
w19 = Instance.new("Weld", p19)
w19.Name = "Part_Weld"
w19.Part0 = p19
w19.C0 = CFrame.new(67.4982986, -75.0367737, -6.83008671, -1, -9.15532e-005, 3.05161811e-005, 3.05189751e-005, -3.05161811e-005, 1, -9.15522687e-005, 1, 3.05189751e-005)
w19.Part1 = p20
w19.C1 = CFrame.new(-16.3677292, -69.9670334, -67.5001678, -1.77821063e-010, 0.992886961, 0.119063012, -1.46926671e-009, -0.119063012, 0.992886961, 1, 1.59595731e-012, 1.47997492e-009)
w20 = Instance.new("Weld", p20)
w20.Name = "Part_Weld"
w20.Part0 = p20
w20.C0 = CFrame.new(-16.3677292, -69.9670334, -67.5001678, -1.77821063e-010, 0.992886961, 0.119063012, -1.46926671e-009, -0.119063012, 0.992886961, 1, 1.59595731e-012, 1.47997492e-009)
w20.Part1 = p21
w20.C1 = CFrame.new(-67.5104218, -38.2193756, 67.100563, 1, -4.10709617e-005, 9.00123541e-006, -3.82823673e-005, -0.800855637, 0.598857403, -1.73869594e-005, -0.598857403, -0.800855637)
m.Parent = char
m:MakeJoints()
----------------------------------------------------
local cor = Instance.new("Part", m)
cor.Name = "Thingy"
cor.Locked = true
cor.BottomSurface = 0
cor.CanCollide = false
cor.Size = Vector3.new(1, 13, 1)
cor.Transparency = 1
cor.TopSurface = 0
corw = Instance.new("Weld", cor)
corw.Part0 = rarm
corw.Part1 = cor
corw.C0 = CFrame.new(0, -1, -1.1) * CFrame.Angles(math.rad(0), math.rad(0), math.rad(0))
corw.C1 = CFrame.new(0, 0, 0)
weld1 = Instance.new("Weld", m) -- Right grip
weld1.Part1 = cor
weld1.Part0 = m.Handle
weld1.C0 = CFrame.new(0, 3.5, 0)*CFrame.fromEulerAnglesXYZ(0,-math.pi/2,0)
----------------------------------------------------
hitb = Instance.new("Part", m)
hitb.Name = "Thingy2"
hitb.Locked = true
hitb.BottomSurface = 0
hitb.CanCollide = false
hitb.Size = Vector3.new(0, 8, 6)
hitb.Transparency = 1
hitb.TopSurface = 0
weld2 = Instance.new("Weld", m)
weld2.Part1 = hitb
weld2.Part0 =m.BladeCenter
weld2.C0 = CFrame.new(0, .6, 1)
----------------------------------------------------

----------------------------------------------------
GroundWave = function()
	local HandCF = CFrame.new(root.Position - Vector3.new(0,3,0)) * CFrame.Angles(math.rad(90), math.rad(0), math.rad(0))
	local Colors = {"Dark indigo", "Royal purple"}
		local wave = Instance.new("Part", torso)
		wave.BrickColor = BrickColor.new(Colors[math.random(1,#Colors)])
		wave.Anchored = true
		wave.CanCollide = false
		wave.Locked = true
		wave.Size = Vector3.new(2,2,2)
		wave.TopSurface = "Smooth"
		wave.BottomSurface = "Smooth"
		wave.Transparency = 0.35
		wave.CFrame = HandCF
		wave.Name='wavepl0x'
		script.boom:Play()
		wm = Instance.new("SpecialMesh", wave)
		wm.MeshId = "rbxassetid://3270017"
		coroutine.wrap(function()
		for i = 1, 14, 1 do
		wm.Scale = Vector3.new(1.1 + i*1.2, 1.1 + i*1.2, 1.1)
		wave.Size = wm.Scale
		wave.CFrame = HandCF
		wave.Transparency = i/14
		wait()
		end
		wait()
		wave:Destroy()
	end)()
end
----------------------------------------------------
function weld5(part0, part1, c0, c1)
    weeld=Instance.new("Weld", part0)
    weeld.Part0=part0
    weeld.Part1=part1
    weeld.C0=c0
    weeld.C1=c1
    return weeld
end
----------------------------------------------------
function newRay(start,face,range,wat)
	local rey=Ray.new(start.p,(face.p-start.p).Unit*range)
	hit,pos=Workspace:FindPartOnRayWithIgnoreList(rey,wat)
	return rey,hit,pos
end
----------------------------------------------------
mod5 = Instance.new("Model",char)

function FindNearestTorso(Position,Distance,SinglePlayer)
    if SinglePlayer then return(SinglePlayer.Torso.CFrame.p -Position).magnitude < Distance end
        local List = {}
        for i,v in pairs(workspace:GetChildren())do
            if v:IsA("Model")then
                if v:findFirstChild("Torso")then
                    if v ~= char then
                        if(v.Torso.Position -Position).magnitude <= Distance then
                            table.insert(List,v)
                        end 
                    end 
                end 
            end 
        end
    return List
end

function Tornado()
    part=Instance.new('Part',mod5)
    part.Anchored=true
    part.CanCollide=false
    part.FormFactor='Custom'
    part.Size=Vector3.new(.2,.2,.2)
    part.CFrame=root.CFrame*CFrame.new(0,7,0)*CFrame.Angles(math.rad(0),0,0)
    part.Transparency=.7
    part.BrickColor=BrickColor.new('Royal purple')
    mesh=Instance.new('SpecialMesh',part)
    mesh.MeshId='http://www.roblox.com/asset/?id=102638417'
    mesh.Scale=Vector3.new(1,4,1)


    for i,v in pairs(FindNearestTorso(torso.CFrame.p,60))do
        if v:FindFirstChild('Humanoid') then
            v.Humanoid:TakeDamage(math.random(10,20))
            v.Humanoid.PlatformStand = true
            v:FindFirstChild("Torso").Velocity = hed.CFrame.lookVector * 200
        end
    end

    coroutine.resume(coroutine.create(function() 
        for i=0,1,0.1 do
            wait()
            part.CFrame=part.CFrame
            part.Transparency=i
            mesh.Scale=mesh.Scale+Vector3.new(3,1,3)
            end
        part.Parent = nil
    end))
end

function Landing()
    part=Instance.new('Part',mod5)
    part.Anchored=true
    part.CanCollide=false
    part.FormFactor='Custom'
    part.Size=Vector3.new(.2,.2,.2)
    part.CFrame=root.CFrame*CFrame.new(0,-2,0)
    part.Transparency=.7
    part.BrickColor=BrickColor.new('Really black')
    mesh=Instance.new('SpecialMesh',part)
    mesh.MeshId='http://www.roblox.com/asset/?id=20329976'
    mesh.Scale=Vector3.new(10,5,10)

    for i,v in pairs(FindNearestTorso(torso.CFrame.p,40))do
        if v:FindFirstChild('Humanoid') then
            v.Humanoid:TakeDamage(math.random(20,30))
            v.Humanoid.PlatformStand = true
            v:FindFirstChild("Torso").Velocity = hed.CFrame.lookVector * 100
        end
    end

    coroutine.resume(coroutine.create(function() 
        for i=0,3.8,0.05 do
            wait()
            part.CFrame=part.CFrame
            part.Transparency=i
            mesh.Scale=mesh.Scale+Vector3.new(1,0.2,1)
            end
        part.Parent = nil
    end))
end
----------------------------------------------------
mod4 = Instance.new("Model",char)

ptez = {0.7, 0.8, 0.9, 1}

function FindNearestTorso(Position,Distance,SinglePlayer)
    if SinglePlayer then return(SinglePlayer.Torso.CFrame.p -Position).magnitude < Distance end
        local List = {}
        for i,v in pairs(workspace:GetChildren())do
            if v:IsA("Model")then
                if v:findFirstChild("Torso")then
                    if v ~= char then
                        if(v.Torso.Position -Position).magnitude <= Distance then
                            table.insert(List,v)
                        end 
                    end 
                end 
            end 
        end
    return List
end

function GroundPound()
    part=Instance.new('Part',mod4)
    part.Anchored=true
    part.CanCollide=false
    part.FormFactor='Custom'
    part.Size=Vector3.new(.2,.2,.2)
    part.CFrame=root.CFrame*CFrame.new(0,-5.8,-2.4)*CFrame.Angles(math.rad(0),0,0)
    part.Transparency=.7
    part.BrickColor=BrickColor.new('Really black')
    mesh=Instance.new('SpecialMesh',part)
    mesh.MeshId='http://www.roblox.com/asset/?id=1323306'
    mesh.Scale=Vector3.new(3,3,3)
    part2=Instance.new('Part',mod4)
    part2.Anchored=true
    part2.CanCollide=false
    part2.FormFactor='Custom'
    part2.Size=Vector3.new(.2,.2,.2)
    part2.CFrame=root.CFrame*CFrame.new(0,-5,-2.6)
    part2.Transparency=.7
    part2.BrickColor=BrickColor.new('Royal purple')
    mesh2=Instance.new('SpecialMesh',part2)
    mesh2.MeshId='http://www.roblox.com/asset/?id=1323306'
    mesh2.Scale=Vector3.new(3,1.5,3)
    x = Instance.new("Sound",char)
    x.SoundId = "http://www.roblox.com/asset/?id=142070127"
    x.Pitch = ptez[math.random(1,#ptez)]
