for _,n in pairs (game.Players.LocalPlayer.Character:GetChildren()) do if n:IsA("Accoutrement") then n:Destroy() end end

Character = game:GetService("Players").localPlayer.Character
Reaper = Instance.new("Model", Character.Head)
Reaper.Name = "Eyes"
e1 = Instance.new("Part")
e1.Parent = Reaper
e1.Locked = true
e1.CanCollide = false
e1.formFactor = "Symmetric"
e1.Size = Vector3.new(-3.05,-5.05, -3.05)
e1.Material = "Neon"
e1.BrickColor = BrickColor.new("Really red")
e1.Shape = "Ball"
local weld = Instance.new("Weld")
weld.Parent = e1
weld.Part0 = e1
weld.Part1 = Character.Head
weld.C0 = CFrame.new(0.17, 0.01, 0.76)*CFrame.Angles(0, 0, 0)
local Lite = Instance.new("PointLight",e1)
Lite.Color = Lite.Parent.BrickColor.Color
Lite.Range = 8
Lite.Brightness = 5
Lite.Shadows = true
e2 = Instance.new("Part")
e2.Parent = Reaper
e2.Locked = true
e2.CanCollide = false
e2.formFactor = "Symmetric"
e2.Size = Vector3.new(-3.05,-5.05, -3.05)
e2.Material = "Neon"
e2.BrickColor = BrickColor.new("Really red")
e2.Shape = "Ball"
local weld = Instance.new("Weld")
weld.Parent = e2
weld.Part0 = e2
weld.Part1 = Character.Head
weld.C0 = CFrame.new(-0.17, 0.01, 0.76)*CFrame.Angles(0, 0, 0)
local Lite2 = Instance.new("PointLight",e2)
Lite2.Color = Lite2.Parent.BrickColor.Color
Lite2.Range = 8
Lite2.Brightness = 5
Lite2.Shadows = true
rh = Instance.new("Part")
rh.Parent = Reaper
rh.Locked = true
rh.CanCollide = false
msh = Instance.new("SpecialMesh")
rh.formFactor =  "Symmetric"
msh.MeshType = "FileMesh"
msh.MeshId = "http://www.roblox.com/asset/?id=16150814"
msh.TextureId = "http://www.roblox.com/asset/?id=16150799"
msh.Parent = rh
msh.Scale = Vector3.new(1.025, 1.025, 1.025)
local weld = Instance.new("Weld")
weld.Parent = rh
rh.Transparency = 0
weld.Part0 = rh
weld.Part1 = Character.Head
weld.C0 = CFrame.new(0, -0.045, 0)*CFrame.Angles(0, 0, 0)
Player=game:GetService('Players').LocalPlayer
	Character=Player.Character
	Mouse=Player:GetMouse()
	m=Instance.new('Model',Character)


	local function weldBetween(a, b)
	    local weldd = Instance.new("ManualWeld")
	    weldd.Part0 = a
	    weldd.Part1 = b
	    weldd.C0 = CFrame.new()
	    weldd.C1 = b.CFrame:inverse() * a.CFrame
	    weldd.Parent = a
	    return weldd
	end
	
	it=Instance.new
	
	function nooutline(part)
		part.TopSurface,part.BottomSurface,part.LeftSurface,part.RightSurface,part.FrontSurface,part.BackSurface = 10,10,10,10,10,10
	end
	
	function part(formfactor,parent,material,reflectance,transparency,brickcolor,name,size)
		local fp=it("Part")
		fp.formFactor=formfactor
		fp.Parent=parent
		fp.Reflectance=reflectance
		fp.Transparency=transparency
		fp.CanCollide=false
		fp.Locked=true
		fp.BrickColor=BrickColor.new(tostring(brickcolor))
		fp.Name=name
		fp.Size=size
		fp.Position=Character.Torso.Position
		nooutline(fp)
		fp.Material=material
		fp:BreakJoints()
		return fp
	end
	
	function mesh(Mesh,part,meshtype,meshid,offset,scale)
		local mesh=it(Mesh)
		mesh.Parent=part
		if Mesh=="SpecialMesh" then
			mesh.MeshType=meshtype
			mesh.MeshId=meshid
		end
		mesh.Offset=offset
		mesh.Scale=scale
		return mesh
	end
	
	function weld(parent,part0,part1,c0,c1)
		local weld=it("Weld")
		weld.Parent=parent
		weld.Part0=part0
		weld.Part1=part1
		weld.C0=c0
		weld.C1=c1
		return weld
	end



Player=game:GetService('Players').LocalPlayer
	Character=Player.Character
	Mouse=Player:GetMouse()
	m=Instance.new('Model',Character)


	local function weldBetween(a, b)
	    local weldd = Instance.new("ManualWeld")
	    weldd.Part0 = a
	    weldd.Part1 = b
	    weldd.C0 = CFrame.new()
	    weldd.C1 = b.CFrame:inverse() * a.CFrame
	    weldd.Parent = a
	    return weldd
	end
	
	it=Instance.new
	
	function nooutline(part)
		part.TopSurface,part.BottomSurface,part.LeftSurface,part.RightSurface,part.FrontSurface,part.BackSurface = 10,10,10,10,10,10
	end
	
	function part(formfactor,parent,material,reflectance,transparency,brickcolor,name,size)
		local fp=it("Part")
		fp.formFactor=formfactor
		fp.Parent=parent
		fp.Reflectance=reflectance
		fp.Transparency=transparency
		fp.CanCollide=false
		fp.Locked=true
		fp.BrickColor=BrickColor.new(tostring(brickcolor))
		fp.Name=name
		fp.Size=size
		fp.Position=Character.Torso.Position
		nooutline(fp)
		fp.Material=material
		fp:BreakJoints()
		return fp
	end
	
	function mesh(Mesh,part,meshtype,meshid,offset,scale)
		local mesh=it(Mesh)
		mesh.Parent=part
		if Mesh=="SpecialMesh" then
			mesh.MeshType=meshtype
			mesh.MeshId=meshid
		end
		mesh.Offset=offset
		mesh.Scale=scale
		return mesh
	end
	
	function weld(parent,part0,part1,c0,c1)
		local weld=it("Weld")
		weld.Parent=parent
		weld.Part0=part0
		weld.Part1=part1
		weld.C0=c0
		weld.C1=c1
		return weld
	end

WIngs=part(Enum.FormFactor.Symmetric,m,Enum.Material.DiamondPlate,0,0,"Maroon","Handle",Vector3.new(0.526163042, 0.373031557, 0.931079745))
WIngsweld=weld(m,Character["Torso"],WIngs,CFrame.new(0, 0, 0, 1, 0, 0, 0, 1, 0, 0, 0, 1),CFrame.new(-1.0159111, -1.20853615, -6.0207634, 0.866024971, 0.250001013, -0.433012992, -0.326577812, 0.938599944, -0.111252062, 0.378612816, 0.237759501, 0.894495845))
mesh("BlockMesh",WIngs,"","",Vector3.new(0, 0, 0),Vector3.new(1, 0.429282606, 1))
Part=part(Enum.FormFactor.Symmetric,m,Enum.Material.Slate,0,0,"Really black","Part",Vector3.new(0.373031408, 0.893329322, 0.679436445))
Partweld=weld(m,WIngs,Part,CFrame.new(0, 0, 0, 1, 0, 0, 0, 1, 0, 0, 0, 1),CFrame.new(0.0145301819, -1.5309906, 1.12540245, 1, -1.86264515e-008, -5.96046448e-008, -2.98023224e-008, -0.187036917, 0.982352853, -3.7252903e-009, -0.982352912, -0.187036932))
mesh("BlockMesh",Part,"","",Vector3.new(0, 0, 0),Vector3.new(0.619396091, 1, 1))
Part=part(Enum.FormFactor.Symmetric,m,Enum.Material.Slate,0,0,"Really black","Part",Vector3.new(0.373031408, 0.567338467, 0.701169252))
Partweld=weld(m,WIngs,Part,CFrame.new(0, 0, 0, 1, 0, 0, 0, 1, 0, 0, 0, 1),CFrame.new(0.012840271, -2.20268631, 1.11525655, 1, -1.86264515e-008, -5.96046448e-008, -2.98023224e-008, -0.187036917, 0.982352853, -3.7252903e-009, -0.982352912, -0.187036932))
mesh("BlockMesh",Part,"","",Vector3.new(0, 0, 0),Vector3.new(0.659258127, 1, 1))
Part=part(Enum.FormFactor.Symmetric,m,Enum.Material.SmoothPlastic,0,0,"Really black","Part",Vector3.new(0.373031408, 0.869309068, 0.701169252))
Partweld=weld(m,WIngs,Part,CFrame.new(0, 0, 0, 1, 0, 0, 0, 1, 0, 0, 0, 1),CFrame.new(-0.0128250122, 1.69621086, 2.74610329, -1, 1.86264515e-008, 5.96046448e-008, 0, -0.329198927, -0.944260657, 1.49011612e-008, -0.944260657, 0.329198956))
mesh("BlockMesh",Part,"","",Vector3.new(0, 0, 0),Vector3.new(0.904563606, 1, 1))
Part=part(Enum.FormFactor.Symmetric,m,Enum.Material.SmoothPlastic,0,0,"Really black","Part",Vector3.new(0.373031408, 0.869309068, 0.701169252))
Partweld=weld(m,WIngs,Part,CFrame.new(0, 0, 0, 1, 0, 0, 0, 1, 0, 0, 0, 1),CFrame.new(-0.0128326416, 3.14628506, 2.63505173, -1, 1.86264515e-008, 5.96046448e-008, 0, -0.757224739, -0.653154373, 2.98023224e-008, -0.653154373, 0.757224917))
mesh("BlockMesh",Part,"","",Vector3.new(0, 0, 0),Vector3.new(0.904563606, 1, 1))
Part=part(Enum.FormFactor.Symmetric,m,Enum.Material.SmoothPlastic,0,0,"Really black","Part",Vector3.new(0.373031408, 0.869309068, 0.701169252))
Partweld=weld(m,WIngs,Part,CFrame.new(0, 0, 0, 1, 0, 0, 0, 1, 0, 0, 0, 1),CFrame.new(-0.0128250122, 1.01108551, 2.51173878, -1, 1.86264515e-008, 5.96046448e-008, 2.98023224e-008, -0.0735907629, -0.997288585, 0, -0.997288525, 0.0735907704))
mesh("BlockMesh",Part,"","",Vector3.new(0, 0, 0),Vector3.new(0.904563606, 1, 1))
Part=part(Enum.FormFactor.Symmetric,m,Enum.Material.SmoothPlastic,0,0,"Really black","Part",Vector3.new(0.373031408, 0.869309068, 0.701169252))
Partweld=weld(m,WIngs,Part,CFrame.new(0, 0, 0, 1, 0, 0, 0, 1, 0, 0, 0, 1),CFrame.new(-0.0128250122, 0.396331787, 2.11554885, -1, 1.86264515e-008, 5.96046448e-008, 0, 0.187033802, -0.982353449, -7.4505806e-009, -0.982353449, -0.187033832))
mesh("BlockMesh",Part,"","",Vector3.new(0, 0, 0),Vector3.new(0.904563606, 1, 1))
Part=part(Enum.FormFactor.Symmetric,m,Enum.Material.SmoothPlastic,0,0,"Really black","Part",Vector3.new(0.373031408, 0.869309068, 0.701169252))
Partweld=weld(m,WIngs,Part,CFrame.new(0, 0, 0, 1, 0, 0, 0, 1, 0, 0, 0, 1),CFrame.new(-0.0128250122, -0.0868225098, 1.57054901, -1, 1.86264515e-008, 5.96046448e-008, 2.98023224e-008, 0.434913546, -0.900472343, 0, -0.900472283, -0.434913576))
mesh("BlockMesh",Part,"","",Vector3.new(0, 0, 0),Vector3.new(0.904563606, 1, 1))
Part=part(Enum.FormFactor.Symmetric,m,Enum.Material.SmoothPlastic,0,0,"Really black","Part",Vector3.new(0.373031408, 0.869309068, 0.701169252))
Partweld=weld(m,WIngs,Part,CFrame.new(0, 0, 0, 1, 0, 0, 0, 1, 0, 0, 0, 1),CFrame.new(-0.0128173828, 2.42856979, 2.78783226, -1, 1.86264515e-008, 5.96046448e-008, 2.98023224e-008, -0.562374592, -0.82688272, 0, -0.826882541, 0.562374532))
mesh("BlockMesh",Part,"","",Vector3.new(0, 0, 0),Vector3.new(0.904563606, 1, 1))
Part=part(Enum.FormFactor.Symmetric,m,Enum.Material.SmoothPlastic,0,0,"Really black","Part",Vector3.new(0.373031408, 0.869309068, 0.701169252))
Partweld=weld(m,WIngs,Part,CFrame.new(0, 0, 0, 1, 0, 0, 0, 1, 0, 0, 0, 1),CFrame.new(-0.0128173828, -0.416015625, 0.917181015, -1, 1.86264515e-008, 5.96046448e-008, -5.96046448e-008, 0.653154254, -0.757224917, 1.49011612e-008, -0.757224798, -0.653154254))
mesh("BlockMesh",Part,"","",Vector3.new(0, 0, 0),Vector3.new(0.904563606, 1, 1))
Part=part(Enum.FormFactor.Symmetric,m,Enum.Material.Slate,0,0,"Really black","Part",Vector3.new(0.373031408, 1.92734933, 0.701169252))
Partweld=weld(m,WIngs,Part,CFrame.new(0, 0, 0, 1, 0, 0, 0, 1, 0, 0, 0, 1),CFrame.new(0.0128173828, 0.159194946, -1.12555099, 1, -1.86264515e-008, -5.96046448e-008, 2.98023224e-008, 0.187036917, -0.982352853, 3.7252903e-009, 0.982352912, 0.187036932))
mesh("BlockMesh",Part,"","",Vector3.new(0, 0, 0),Vector3.new(0.659258127, 1, 1))
Part=part(Enum.FormFactor.Symmetric,m,Enum.Material.Slate,0,0,"Really black","Part",Vector3.new(0.373031408, 0.567338467, 0.701169252))
Partweld=weld(m,WIngs,Part,CFrame.new(0, 0, 0, 1, 0, 0, 0, 1, 0, 0, 0, 1),CFrame.new(-0.0140304565, -3.38129997, -2.7243309, -1, 1.86264515e-008, 5.96046448e-008, 0, 0.329198927, 0.944260657, -1.49011612e-008, 0.944260657, -0.329198956))
mesh("BlockMesh",Part,"","",Vector3.new(0, 0, 0),Vector3.new(0.659258127, 1, 1))
Part=part(Enum.FormFactor.Symmetric,m,Enum.Material.Slate,0,0,"Really black","Part",Vector3.new(0.373031408, 1.92734933, 0.701169252))
Partweld=weld(m,WIngs,Part,CFrame.new(0, 0, 0, 1, 0, 0, 0, 1, 0, 0, 0, 1),CFrame.new(-0.0140457153, 1.33783531, 2.71401596, -1, 1.86264515e-008, 5.96046448e-008, 0, -0.329198927, -0.944260657, 1.49011612e-008, -0.944260657, 0.329198956))
mesh("BlockMesh",Part,"","",Vector3.new(0, 0, 0),Vector3.new(0.659258127, 1, 1))
Part=part(Enum.FormFactor.Symmetric,m,Enum.Material.DiamondPlate,0,0,"Maroon","Part",Vector3.new(0.526163042, 0.373031557, 0.931079745))
Partweld=weld(m,WIngs,Part,CFrame.new(0, 0, 0, 1, 0, 0, 0, 1, 0, 0, 0, 1),CFrame.new(4.78812122, 1.92715263, -2.28927612, 0.49999845, -0.565649092, 0.655776381, 0.565651298, 0.786692977, 0.24729073, -0.655774534, 0.247295752, 0.713305533))
mesh("BlockMesh",Part,"","",Vector3.new(0, 0, 0),Vector3.new(1, 0.429282606, 1))
Part=part(Enum.FormFactor.Symmetric,m,Enum.Material.Slate,0,0,"Really black","Part",Vector3.new(0.373031408, 1.92734933, 0.701169252))
Partweld=weld(m,WIngs,Part,CFrame.new(0, 0, 0, 1, 0, 0, 0, 1, 0, 0, 0, 1),CFrame.new(-4.80215645, 2.86511993, 0.140659332, -0.49999845, 0.565649092, -0.655776381, 0.433012724, -0.492487878, -0.754954159, -0.750001132, -0.661435425, 0.00130999088))
mesh("BlockMesh",Part,"","",Vector3.new(0, 0, 0),Vector3.new(0.659258127, 1, 1))
Part=part(Enum.FormFactor.Symmetric,m,Enum.Material.Slate,0,0,"Really black","Part",Vector3.new(0.373031408, 0.893329322, 0.679436445))
Partweld=weld(m,WIngs,Part,CFrame.new(0, 0, 0, 1, 0, 0, 0, 1, 0, 0, 0, 1),CFrame.new(-4.80046654, -4.2369194, -0.140804291, -0.49999845, 0.565649092, -0.655776381, -0.433012724, 0.492487878, 0.754954159, 0.750001132, 0.661435425, -0.00130999088))
mesh("BlockMesh",Part,"","",Vector3.new(0, 0, 0),Vector3.new(0.619396091, 1, 1))
Part=part(Enum.FormFactor.Symmetric,m,Enum.Material.Slate,0,0,"Really black","Part",Vector3.new(0.373031408, 0.567338467, 0.701169252))
Partweld=weld(m,WIngs,Part,CFrame.new(0, 0, 0, 1, 0, 0, 0, 1, 0, 0, 0, 1),CFrame.new(-4.80215645, -4.90860367, -0.150947571, -0.49999845, 0.565649092, -0.655776381, -0.433012724, 0.492487878, 0.754954159, 0.750001132, 0.661435425, -0.00130999088))
mesh("BlockMesh",Part,"","",Vector3.new(0, 0, 0),Vector3.new(0.659258127, 1, 1))
Part=part(Enum.FormFactor.Symmetric,m,Enum.Material.Slate,0,0,"Really black","Part",Vector3.new(0.373031408, 0.893329322, 0.679436445))
Partweld=weld(m,WIngs,Part,CFrame.new(0, 0, 0, 1, 0, 0, 0, 1, 0, 0, 0, 1),CFrame.new(4.80265999, -4.14035034, -0.33956337, 0.49999845, -0.565649092, 0.655776381, -0.750000596, 0.0957893208, 0.654464483, -0.433013558, -0.819063783, -0.376342565))
mesh("BlockMesh",Part,"","",Vector3.new(0, 0, 0),Vector3.new(0.619396091, 1, 1))
Part=part(Enum.FormFactor.Symmetric,m,Enum.Material.SmoothPlastic,0,0,"Really black","Part",Vector3.new(0.373031408, 0.869309068, 0.701169252))
Partweld=weld(m,WIngs,Part,CFrame.new(0, 0, 0, 1, 0, 0, 0, 1, 0, 0, 0, 1),CFrame.new(-4.80095482, 3.22347641, 0.17275238, -0.49999845, 0.565649092, -0.655776381, 0.433012724, -0.492487878, -0.754954159, -0.750001132, -0.661435425, 0.00130999088))
mesh("BlockMesh",Part,"","",Vector3.new(0, 0, 0),Vector3.new(0.904563606, 1, 1))
Part=part(Enum.FormFactor.Symmetric,m,Enum.Material.Slate,0,0,"Really black","Part",Vector3.new(0.373031408, 0.567338467, 0.701169252))
Partweld=weld(m,WIngs,Part,CFrame.new(0, 0, 0, 1, 0, 0, 0, 1, 0, 0, 0, 1),CFrame.new(4.80094624, -4.81201553, -0.349707603, 0.49999845, -0.565649092, 0.655776381, -0.750000596, 0.0957893208, 0.654464483, -0.433013558, -0.819063783, -0.376342565))
mesh("BlockMesh",Part,"","",Vector3.new(0, 0, 0),Vector3.new(0.659258127, 1, 1))
Part=part(Enum.FormFactor.Symmetric,m,Enum.Material.Slate,0,0,"Really black","Part",Vector3.new(0.373031408, 1.92734933, 0.701169252))
Partweld=weld(m,WIngs,Part,CFrame.new(0, 0, 0, 1, 0, 0, 0, 1, 0, 0, 0, 1),CFrame.new(4.80094624, 2.76852798, 0.339404106, 0.49999845, -0.565649092, 0.655776381, 0.750000596, -0.0957893208, -0.654464483, 0.433013558, 0.819063783, 0.376342565))
mesh("BlockMesh",Part,"","",Vector3.new(0, 0, 0),Vector3.new(0.659258127, 1, 1))
Part=part(Enum.FormFactor.Symmetric,m,Enum.Material.SmoothPlastic,0,0,"Really black","Part",Vector3.new(0.373031408, 0.869309068, 0.701169252))
Partweld=weld(m,WIngs,Part,CFrame.new(0, 0, 0, 1, 0, 0, 0, 1, 0, 0, 0, 1),CFrame.new(-4.80095482, 3.18227959, -0.357192993, -0.49999845, 0.565649092, -0.655776381, -2.98023224e-007, -0.757224619, -0.653154492, -0.866026402, -0.326576054, 0.378611445))
mesh("BlockMesh",Part,"","",Vector3.new(0, 0, 0),Vector3.new(0.904563606, 1, 1))
Part=part(Enum.FormFactor.Symmetric,m,Enum.Material.SmoothPlastic,0,0,"Really black","Part",Vector3.new(0.373031408, 0.869309068, 0.701169252))
Partweld=weld(m,WIngs,Part,CFrame.new(0, 0, 0, 1, 0, 0, 0, 1, 0, 0, 0, 1),CFrame.new(-4.80094719, 3.23778915, -0.0931434631, -0.49999845, 0.565649092, -0.655776381, 0.224142939, -0.646899283, -0.728890419, -0.836517453, -0.511431754, 0.196662545))
mesh("BlockMesh",Part,"","",Vector3.new(0, 0, 0),Vector3.new(0.904563606, 1, 1))
Part=part(Enum.FormFactor.Symmetric,m,Enum.Material.SmoothPlastic,0,0,"Really black","Part",Vector3.new(0.373031408, 0.869309068, 0.701169252))
Partweld=weld(m,WIngs,Part,CFrame.new(0, 0, 0, 1, 0, 0, 0, 1, 0, 0, 0, 1),CFrame.new(-4.80093193, 3.15235138, 0.421354294, -0.49999845, 0.565649092, -0.655776381, 0.612372398, -0.304515153, -0.729568839, -0.61237365, -0.766362667, -0.194130719))
mesh("BlockMesh",Part,"","",Vector3.new(0, 0, 0),Vector3.new(0.904563606, 1, 1))
Part=part(Enum.FormFactor.Symmetric,m,Enum.Material.SmoothPlastic,0,0,"Really black","Part",Vector3.new(0.373031408, 0.869309068, 0.701169252))
Partweld=weld(m,WIngs,Part,CFrame.new(0, 0, 0, 1, 0, 0, 0, 1, 0, 0, 0, 1),CFrame.new(-4.80095387, 3.00566101, 0.650568962, -0.49999845, 0.565649092, -0.655776381, 0.749999642, -0.0957909003, -0.654465079, -0.433014959, -0.819063544, -0.376341343))
mesh("BlockMesh",Part,"","",Vector3.new(0, 0, 0),Vector3.new(0.904563606, 1, 1))
Part=part(Enum.FormFactor.Symmetric,m,Enum.Material.SmoothPlastic,0,0,"Really black","Part",Vector3.new(0.373031408, 0.869309068, 0.701169252))
Partweld=weld(m,WIngs,Part,CFrame.new(0, 0, 0, 1, 0, 0, 0, 1, 0, 0, 0, 1),CFrame.new(-4.80094147, 2.81278229, 0.830840111, -0.49999845, 0.565649092, -0.655776381, 0.836516857, 0.119463086, -0.534760058, -0.224145442, -0.815947115, -0.532906353))
mesh("BlockMesh",Part,"","",Vector3.new(0, 0, 0),Vector3.new(0.904563606, 1, 1))
Part=part(Enum.FormFactor.Symmetric,m,Enum.Material.SmoothPlastic,0,0,"Really black","Part",Vector3.new(0.373031408, 0.869309068, 0.701169252))
Partweld=weld(m,WIngs,Part,CFrame.new(0, 0, 0, 1, 0, 0, 0, 1, 0, 0, 0, 1),CFrame.new(-4.80094433, 2.57622147, 0.953166008, -0.49999845, 0.565649092, -0.655776381, 0.866026282, 0.326575905, -0.378611505, -4.32133675e-007, -0.757224679, -0.653154492))
mesh("BlockMesh",Part,"","",Vector3.new(0, 0, 0),Vector3.new(0.904563606, 1, 1))
Part=part(Enum.FormFactor.Symmetric,m,Enum.Material.Slate,0,0,"Really black","Part",Vector3.new(0.373031408, 1.92734933, 0.701169252))
Partweld=weld(m,WIngs,Part,CFrame.new(0, 0, 0, 1, 0, 0, 0, 1, 0, 0, 0, 1),CFrame.new(0.0128326416, 0.963986397, 2.83012009, 1, -1.86264515e-008, -5.96046448e-008, 1.49011612e-008, 0.997288585, -0.073588416, 2.98023224e-008, 0.0735884532, 0.997288704))
mesh("BlockMesh",Part,"","",Vector3.new(0, 0, 0),Vector3.new(0.659258127, 1, 1))
Part=part(Enum.FormFactor.Symmetric,m,Enum.Material.Slate,0,0,"Really black","Part",Vector3.new(0.373031408, 0.567338467, 0.701169252))
Partweld=weld(m,WIngs,Part,CFrame.new(0, 0, 0, 1, 0, 0, 0, 1, 0, 0, 0, 1),CFrame.new(0.0128173828, -3.00747108, -2.84039688, 1, -1.86264515e-008, -5.96046448e-008, -1.49011612e-008, -0.997288585, 0.073588416, -2.98023224e-008, -0.0735884532, -0.997288704))
mesh("BlockMesh",Part,"","",Vector3.new(0, 0, 0),Vector3.new(0.659258127, 1, 1))
Part=part(Enum.FormFactor.Symmetric,m,Enum.Material.SmoothPlastic,0,0,"Really black","Part",Vector3.new(0.373031408, 0.869309068, 0.701169252))
Partweld=weld(m,WIngs,Part,CFrame.new(0, 0, 0, 1, 0, 0, 0, 1, 0, 0, 0, 1),CFrame.new(0.0128250122, 3.25563431, 2.63391113, 1, -1.86264515e-008, -5.96046448e-008, 0, 0.757224739, 0.653154373, 2.98023224e-008, -0.653154373, 0.757224917))
mesh("BlockMesh",Part,"","",Vector3.new(0, 0, 0),Vector3.new(0.904563606, 1, 1))
Part=part(Enum.FormFactor.Symmetric,m,Enum.Material.SmoothPlastic,0,0,"Really black","Part",Vector3.new(0.373031408, 0.869309068, 0.701169252))
Partweld=weld(m,WIngs,Part,CFrame.new(0, 0, 0, 1, 0, 0, 0, 1, 0, 0, 0, 1),CFrame.new(0.0128440857, 2.53445959, 2.8150177, 1, -1.86264515e-008, -5.96046448e-008, 1.49011612e-008, 0.900472701, 0.434912592, 0, -0.434912592, 0.90047276))
mesh("BlockMesh",Part,"","",Vector3.new(0, 0, 0),Vector3.new(0.904563606, 1, 1))
Part=part(Enum.FormFactor.Symmetric,m,Enum.Material.SmoothPlastic,0,0,"Really black","Part",Vector3.new(0.373031408, 0.869309068, 0.701169252))
Partweld=weld(m,WIngs,Part,CFrame.new(0, 0, 0, 1, 0, 0, 0, 1, 0, 0, 0, 1),CFrame.new(0.0128326416, 1.79145408, 2.79978943, 1, -1.86264515e-008, -5.96046448e-008, 5.58793545e-009, 0.982353508, 0.187033504, 0, -0.187033504, 0.982353628))
mesh("BlockMesh",Part,"","",Vector3.new(0, 0, 0),Vector3.new(0.904563606, 1, 1))
Part=part(Enum.FormFactor.Symmetric,m,Enum.Material.SmoothPlastic,0,0,"Really black","Part",Vector3.new(0.373031408, 0.869309068, 0.701169252))
Partweld=weld(m,WIngs,Part,CFrame.new(0, 0, 0, 1, 0, 0, 0, 1, 0, 0, 0, 1),CFrame.new(0.0128364563, -0.414859772, 1.02649212, 1, -1.86264515e-008, -5.96046448e-008, -5.96046448e-008, 0.653154254, -0.757224917, -1.49011612e-008, 0.757224798, 0.653154254))
mesh("BlockMesh",Part,"","",Vector3.new(0, 0, 0),Vector3.new(0.904563606, 1, 1))
Part=part(Enum.FormFactor.Symmetric,m,Enum.Material.SmoothPlastic,0,0,"Really black","Part",Vector3.new(0.373031408, 0.869309068, 0.701169252))
Partweld=weld(m,WIngs,Part,CFrame.new(0, 0, 0, 1, 0, 0, 0, 1, 0, 0, 0, 1),CFrame.new(0.0128326416, 0.451953888, 2.2096405, 1, -1.86264515e-008, -5.96046448e-008, 1.49011612e-008, 0.94426012, -0.329200208, 2.98023224e-008, 0.329200208, 0.94426012))
mesh("BlockMesh",Part,"","",Vector3.new(0, 0, 0),Vector3.new(0.904563606, 1, 1))
Part=part(Enum.FormFactor.Symmetric,m,Enum.Material.SmoothPlastic,0,0,"Really black","Part",Vector3.new(0.373031408, 0.869309068, 0.701169252))
Partweld=weld(m,WIngs,Part,CFrame.new(0, 0, 0, 1, 0, 0, 0, 1, 0, 0, 0, 1),CFrame.new(0.0128364563, 1.08917046, 2.58826447, 1, -1.86264515e-008, -5.96046448e-008, 1.49011612e-008, 0.997288585, -0.073588416, 2.98023224e-008, 0.0735884532, 0.997288704))
mesh("BlockMesh",Part,"","",Vector3.new(0, 0, 0),Vector3.new(0.904563606, 1, 1))
Part=part(Enum.FormFactor.Symmetric,m,Enum.Material.SmoothPlastic,0,0,"Really black","Part",Vector3.new(0.373031408, 0.869309068, 0.701169252))
Partweld=weld(m,WIngs,Part,CFrame.new(0, 0, 0, 1, 0, 0, 0, 1, 0, 0, 0, 1),CFrame.new(0.0128173828, -0.057434082, 1.67582893, 1, -1.86264515e-008, -5.96046448e-008, 0, 0.826882601, -0.562374711, 0, 0.562374711, 0.82688272))
mesh("BlockMesh",Part,"","",Vector3.new(0, 0, 0),Vector3.new(0.904563606, 1, 1))
Part=part(Enum.FormFactor.Symmetric,m,Enum.Material.Slate,0,0,"Really black","Part",Vector3.new(0.373031408, 0.567338467, 0.701169252))
Partweld=weld(m,WIngs,Part,CFrame.new(0, 0, 0, 1, 0, 0, 0, 1, 0, 0, 0, 1),CFrame.new(-0.0140419006, -1.82085991, 1.02886391, -1, 1.86264515e-008, 5.96046448e-008, -2.98023224e-008, -0.826881826, 0.562375784, 5.96046448e-008, 0.562375724, 0.826881766))
mesh("BlockMesh",Part,"","",Vector3.new(0, 0, 0),Vector3.new(0.659258127, 1, 1))
Part=part(Enum.FormFactor.Symmetric,m,Enum.Material.Slate,0,0,"Really black","Part",Vector3.new(0.373031408, 0.893329322, 0.679436445))
Partweld=weld(m,WIngs,Part,CFrame.new(0, 0, 0, 1, 0, 0, 0, 1, 0, 0, 0, 1),CFrame.new(0.014541626, -2.33579445, -2.83024597, 1, -1.86264515e-008, -5.96046448e-008, -1.49011612e-008, -0.997288585, 0.073588416, -2.98023224e-008, -0.0735884532, -0.997288704))
mesh("BlockMesh",Part,"","",Vector3.new(0, 0, 0),Vector3.new(0.619396091, 1, 1))
Part=part(Enum.FormFactor.Symmetric,m,Enum.Material.Slate,0,0,"Really black","Part",Vector3.new(0.373031408, 0.893329322, 0.679436445))
Partweld=weld(m,WIngs,Part,CFrame.new(0, 0, 0, 1, 0, 0, 0, 1, 0, 0, 0, 1),CFrame.new(-0.0123214722, -1.149189, 1.03900719, -1, 1.86264515e-008, 5.96046448e-008, -2.98023224e-008, -0.826881826, 0.562375784, 5.96046448e-008, 0.562375724, 0.826881766))
mesh("BlockMesh",Part,"","",Vector3.new(0, 0, 0),Vector3.new(0.619396091, 1, 1))
Part=part(Enum.FormFactor.Symmetric,m,Enum.Material.Slate,0,0,"Really black","Part",Vector3.new(0.373031408, 1.92734933, 0.701169252))
Partweld=weld(m,WIngs,Part,CFrame.new(0, 0, 0, 1, 0, 0, 0, 1, 0, 0, 0, 1),CFrame.new(-0.01404953, -0.222623825, -1.03916359, -1, 1.86264515e-008, 5.96046448e-008, 2.98023224e-008, 0.826881826, -0.562375784, -5.96046448e-008, -0.562375724, -0.826881766))
mesh("BlockMesh",Part,"","",Vector3.new(0, 0, 0),Vector3.new(0.659258127, 1, 1))
Part=part(Enum.FormFactor.Symmetric,m,Enum.Material.Slate,0,0,"Really black","Part",Vector3.new(0.373031408, 0.893329322, 0.679436445))
Partweld=weld(m,WIngs,Part,CFrame.new(0, 0, 0, 1, 0, 0, 0, 1, 0, 0, 0, 1),CFrame.new(-4.80045509, -4.03017044, 0.229810715, -0.49999845, 0.565649092, -0.655776381, -0.836517692, -0.511431158, 0.196663141, -0.224142194, 0.6468997, 0.7288903))
mesh("BlockMesh",Part,"","",Vector3.new(0, 0, 0),Vector3.new(0.619396091, 1, 1))
Part=part(Enum.FormFactor.Symmetric,m,Enum.Material.SmoothPlastic,0,0,"Really black","Part",Vector3.new(0.373031408, 0.869309068, 0.701169252))
Partweld=weld(m,WIngs,Part,CFrame.new(0, 0, 0, 1, 0, 0, 0, 1, 0, 0, 0, 1),CFrame.new(4.80094051, 3.2564106, 0.190433502, 0.49999845, -0.565649092, 0.655776381, 0.433015227, 0.819063604, 0.376341105, -0.749999583, 0.0957911685, 0.654465318))
mesh("BlockMesh",Part,"","",Vector3.new(0, 0, 0),Vector3.new(0.904563606, 1, 1))
Part=part(Enum.FormFactor.Symmetric,m,Enum.Material.Slate,0,0,"Really black","Part",Vector3.new(0.373031408, 1.92734933, 0.701169252))
Partweld=weld(m,WIngs,Part,CFrame.new(0, 0, 0, 1, 0, 0, 0, 1, 0, 0, 0, 1),CFrame.new(4.80093765, 3.05438042, 0.688827515, 0.49999845, -0.565649092, 0.655776381, 0.612375081, 0.766361952, 0.194129199, -0.612371087, 0.304516733, 0.729569316))
mesh("BlockMesh",Part,"","",Vector3.new(0, 0, 0),Vector3.new(0.659258127, 1, 1))
Part=part(Enum.FormFactor.Symmetric,m,Enum.Material.SmoothPlastic,0,0,"Really black","Part",Vector3.new(0.373031408, 0.869309068, 0.701169252))
Partweld=weld(m,WIngs,Part,CFrame.new(0, 0, 0, 1, 0, 0, 0, 1, 0, 0, 0, 1),CFrame.new(4.80093765, 3.21963882, -0.358337402, 0.49999845, -0.565649092, 0.655776381, 2.98023224e-007, 0.757224619, 0.653154492, -0.866026402, -0.326576054, 0.378611445))
mesh("BlockMesh",Part,"","",Vector3.new(0, 0, 0),Vector3.new(0.904563606, 1, 1))
Part=part(Enum.FormFactor.Symmetric,m,Enum.Material.SmoothPlastic,0,0,"Really black","Part",Vector3.new(0.373031408, 0.869309068, 0.701169252))
Partweld=weld(m,WIngs,Part,CFrame.new(0, 0, 0, 1, 0, 0, 0, 1, 0, 0, 0, 1),CFrame.new(4.80095196, 3.27416515, -0.0845680237, 0.49999845, -0.565649092, 0.655776381, 0.224145487, 0.815947115, 0.532906294, -0.836516857, -0.119463041, 0.534760058))
mesh("BlockMesh",Part,"","",Vector3.new(0, 0, 0),Vector3.new(0.904563606, 1, 1))
Part=part(Enum.FormFactor.Symmetric,m,Enum.Material.SmoothPlastic,0,0,"Really black","Part",Vector3.new(0.373031408, 0.869309068, 0.701169252))
Partweld=weld(m,WIngs,Part,CFrame.new(0, 0, 0, 1, 0, 0, 0, 1, 0, 0, 0, 1),CFrame.new(4.80094719, 2.57737732, 0.990515709, 0.49999845, -0.565649092, 0.655776381, 0.866026282, 0.326575905, -0.378611505, 4.32133675e-007, 0.757224679, 0.653154492))
mesh("BlockMesh",Part,"","",Vector3.new(0, 0, 0),Vector3.new(0.904563606, 1, 1))
Part=part(Enum.FormFactor.Symmetric,m,Enum.Material.SmoothPlastic,0,0,"Really black","Part",Vector3.new(0.373031408, 0.869309068, 0.701169252))
Partweld=weld(m,WIngs,Part,CFrame.new(0, 0, 0, 1, 0, 0, 0, 1, 0, 0, 0, 1),CFrame.new(4.80094624, 3.0253334, 0.682353973, 0.49999845, -0.565649092, 0.655776381, 0.75000155, 0.66143465, -0.00131103396, -0.433011711, 0.492488772, 0.7549541))
mesh("BlockMesh",Part,"","",Vector3.new(0, 0, 0),Vector3.new(0.904563606, 1, 1))
Part=part(Enum.FormFactor.Symmetric,m,Enum.Material.Slate,0,0,"Really black","Part",Vector3.new(0.373031408, 0.893329322, 0.679436445))
Partweld=weld(m,WIngs,Part,CFrame.new(0, 0, 0, 1, 0, 0, 0, 1, 0, 0, 0, 1),CFrame.new(4.8026638, -4.42617226, -0.68901062, 0.49999845, -0.565649092, 0.655776381, -0.612375081, -0.766361952, -0.194129199, 0.612371087, -0.304516733, -0.729569316))
mesh("BlockMesh",Part,"","",Vector3.new(0, 0, 0),Vector3.new(0.619396091, 1, 1))
Part=part(Enum.FormFactor.Symmetric,m,Enum.Material.Slate,0,0,"Really black","Part",Vector3.new(0.373031408, 0.567338467, 0.701169252))
Partweld=weld(m,WIngs,Part,CFrame.new(0, 0, 0, 1, 0, 0, 0, 1, 0, 0, 0, 1),CFrame.new(4.80093575, -5.09785843, -0.699146271, 0.49999845, -0.565649092, 0.655776381, -0.612375081, -0.766361952, -0.194129199, 0.612371087, -0.304516733, -0.729569316))
mesh("BlockMesh",Part,"","",Vector3.new(0, 0, 0),Vector3.new(0.659258127, 1, 1))
Part=part(Enum.FormFactor.Symmetric,m,Enum.Material.SmoothPlastic,0,0,"Really black","Part",Vector3.new(0.373031408, 0.869309068, 0.701169252))
Partweld=weld(m,WIngs,Part,CFrame.new(0, 0, 0, 1, 0, 0, 0, 1, 0, 0, 0, 1),CFrame.new(4.80094624, 2.8235321, 0.866632462, 0.49999845, -0.565649092, 0.655776381, 0.836517394, 0.511432052, -0.196662098, -0.224143416, 0.646898985, 0.728890657))
mesh("BlockMesh",Part,"","",Vector3.new(0, 0, 0),Vector3.new(0.904563606, 1, 1))
Part=part(Enum.FormFactor.Symmetric,m,Enum.Material.Slate,0,0,"Really black","Part",Vector3.new(0.373031408, 0.567338467, 0.701169252))
Partweld=weld(m,WIngs,Part,CFrame.new(0, 0, 0, 1, 0, 0, 0, 1, 0, 0, 0, 1),CFrame.new(-4.80217552, -4.70182419, 0.219669342, -0.49999845, 0.565649092, -0.655776381, -0.836517692, -0.511431158, 0.196663141, -0.224142194, 0.6468997, 0.7288903))
mesh("BlockMesh",Part,"","",Vector3.new(0, 0, 0),Vector3.new(0.659258127, 1, 1))
Part=part(Enum.FormFactor.Symmetric,m,Enum.Material.SmoothPlastic,0,0,"Really black","Part",Vector3.new(0.373031408, 0.869309068, 0.701169252))
Partweld=weld(m,WIngs,Part,CFrame.new(0, 0, 0, 1, 0, 0, 0, 1, 0, 0, 0, 1),CFrame.new(4.80096149, 3.17957115, 0.446971893, 0.49999845, -0.565649092, 0.655776381, 0.612375081, 0.766361952, 0.194129199, -0.612371087, 0.304516733, 0.729569316))
mesh("BlockMesh",Part,"","",Vector3.new(0, 0, 0),Vector3.new(0.904563606, 1, 1))
Part=part(Enum.FormFactor.Symmetric,m,Enum.Material.Slate,0,0,"Really black","Part",Vector3.new(0.373031408, 1.92734933, 0.701169252))
Partweld=weld(m,WIngs,Part,CFrame.new(0, 0, 0, 1, 0, 0, 0, 1, 0, 0, 0, 1),CFrame.new(-4.80216312, 2.65835953, -0.229951859, -0.49999845, 0.565649092, -0.655776381, 0.836517692, 0.511431158, -0.196663141, 0.224142194, -0.6468997, -0.7288903))
mesh("BlockMesh",Part,"","",Vector3.new(0, 0, 0),Vector3.new(0.659258127, 1, 1))
Part=part(Enum.FormFactor.Symmetric,m,Enum.Material.Slate,0,0,"Really black","Part",Vector3.new(0.373031408, 0.893329322, 0.679436445))
Partweld=weld(m,WIngs,Part,CFrame.new(0, 0, 0, 1, 0, 0, 0, 1, 0, 0, 0, 1),CFrame.new(-0.0123329163, -2.7096405, -2.71417046, -1, 1.86264515e-008, 5.96046448e-008, 0, 0.329198927, 0.944260657, -1.49011612e-008, 0.944260657, -0.329198956))
mesh("BlockMesh",Part,"","",Vector3.new(0, 0, 0),Vector3.new(0.619396091, 1, 1))
Part=part(Enum.FormFactor.Brick,m,Enum.Material.DiamondPlate,0,0,"Bright red","Part",Vector3.new(2.33570647, 0.518153846, 1.07062769))
Partweld=weld(m,WIngs,Part,CFrame.new(0, 0, 0, 1, 0, 0, 0, 1, 0, 0, 0, 1),CFrame.new(-0.000423431396, 0.000568389893, 0.0205516815, 3.87430191e-007, -0.653154194, 0.757224858, 1, -8.00937414e-007, -1.25169754e-006, 1.37090683e-006, 0.757224798, 0.653154254))
mesh("CylinderMesh",Part,"","",Vector3.new(0, 0, 0),Vector3.new(1, 1, 1))
Part=part(Enum.FormFactor.Brick,m,Enum.Material.SmoothPlastic,0,0,"Really black","Part",Vector3.new(1.54303002, 0.373031557, 1.3668803))
Partweld=weld(m,WIngs,Part,CFrame.new(0, 0, 0, 1, 0, 0, 0, 1, 0, 0, 0, 1),CFrame.new(0.397033691, 0.00685501099, 0.361976624, 3.87430191e-007, -0.653154194, 0.757224858, 1, -8.00937414e-007, -1.25169754e-006, 1.37090683e-006, 0.757224798, 0.653154254))
mesh("CylinderMesh",Part,"","",Vector3.new(0, 0, 0),Vector3.new(1, 0.901492953, 1))
Part=part(Enum.FormFactor.Brick,m,Enum.Material.SmoothPlastic,0,0,"Really black","Part",Vector3.new(2.33570647, 0.502140284, 1.85872841))
Partweld=weld(m,WIngs,Part,CFrame.new(0, 0, 0, 1, 0, 0, 0, 1, 0, 0, 0, 1),CFrame.new(-0.000408172607, 0.000564575195, 0.0234174728, 3.87430191e-007, -0.653154194, 0.757224858, 1, -8.00937414e-007, -1.25169754e-006, 1.37090683e-006, 0.757224798, 0.653154254))
mesh("CylinderMesh",Part,"","",Vector3.new(0, 0, 0),Vector3.new(1, 1, 1))
Part=part(Enum.FormFactor.Brick,m,Enum.Material.SmoothPlastic,0,0,"Bright red","Part",Vector3.new(2.33570647, 0.507859409, 1.26050401))
Partweld=weld(m,WIngs,Part,CFrame.new(0, 0, 0, 1, 0, 0, 0, 1, 0, 0, 0, 1),CFrame.new(-0.000427246094, 0.00227355957, 0.0205459595, 3.87430191e-007, -0.653154194, 0.757224858, 1, -8.00937414e-007, -1.25169754e-006, 1.37090683e-006, 0.757224798, 0.653154254))
mesh("CylinderMesh",Part,"","",Vector3.new(0, 0, 0),Vector3.new(1, 1, 1))
Part=part(Enum.FormFactor.Brick,m,Enum.Material.SmoothPlastic,0,0,"Bright red","Part",Vector3.new(2.33570647, 0.497564912, 2.28537822))
Partweld=weld(m,WIngs,Part,CFrame.new(0, 0, 0, 1, 0, 0, 0, 1, 0, 0, 0, 1),CFrame.new(-0.000438690186, 0.00173950195, 0.0229845047, 3.87430191e-007, -0.653154194, 0.757224858, 1, -8.00937414e-007, -1.25169754e-006, 1.37090683e-006, 0.757224798, 0.653154254))
mesh("CylinderMesh",Part,"","",Vector3.new(0, 0, 0),Vector3.new(1, 1, 1))
Part=part(Enum.FormFactor.Symmetric,m,Enum.Material.Slate,0,0,"Really black","Part",Vector3.new(0.373031408, 1.83584321, 0.702313483))
Partweld=weld(m,WIngs,Part,CFrame.new(0, 0, 0, 1, 0, 0, 0, 1, 0, 0, 0, 1),CFrame.new(-0.0146331787, -3.40140152, -1.11369061, -1, 1.86264515e-008, 5.96046448e-008, -2.98023224e-008, -0.187036917, 0.982352853, 3.7252903e-009, 0.982352912, 0.187036932))
mesh("SpecialMesh",Part,Enum.MeshType.Wedge,"",Vector3.new(0, 0, 0),Vector3.new(0.656192005, 1, 1))
Part=part(Enum.FormFactor.Symmetric,m,Enum.Material.Slate,0,0,"Really black","Part",Vector3.new(0.373031408, 0.584495842, 0.706888735))
Partweld=weld(m,WIngs,Part,CFrame.new(0, 0, 0, 1, 0, 0, 0, 1, 0, 0, 0, 1),CFrame.new(-0.0146255493, 1.63386917, 1.11945939, -1, 1.86264515e-008, 5.96046448e-008, 2.98023224e-008, 0.187036917, -0.982352853, -3.7252903e-009, -0.982352912, -0.187036932))
mesh("SpecialMesh",Part,Enum.MeshType.Wedge,"",Vector3.new(0, 0, 0),Vector3.new(0.656192005, 1, 1))
Part=part(Enum.FormFactor.Symmetric,m,Enum.Material.Slate,0,0,"Really black","Part",Vector3.new(0.373031408, 4.23216105, 1.09807956))
Partweld=weld(m,WIngs,Part,CFrame.new(0, 0, 0, 1, 0, 0, 0, 1, 0, 0, 0, 1),CFrame.new(0.0122375488, -6.76598835, 0.57843399, 1, -1.86264515e-008, -5.96046448e-008, -2.98023224e-008, 0.608101726, 0.793859124, 0, -0.793859184, 0.608101785))
mesh("SpecialMesh",Part,Enum.MeshType.Wedge,"",Vector3.new(0, 0, 0),Vector3.new(0.656192005, 1, 1))
Part=part(Enum.FormFactor.Brick,m,Enum.Material.SmoothPlastic,0,0,"Really black","Part",Vector3.new(1.54303002, 0.373031557, 1.3668803))
Partweld=weld(m,WIngs,Part,CFrame.new(0, 0, 0, 1, 0, 0, 0, 1, 0, 0, 0, 1),CFrame.new(0.385643005, 0.0125732422, -0.371212006, 3.87430191e-007, -0.653154194, 0.757224858, 1, -8.00937414e-007, -1.25169754e-006, 1.37090683e-006, 0.757224798, 0.653154254))
mesh("CylinderMesh",Part,"","",Vector3.new(0, 0, 0),Vector3.new(1, 0.901492953, 1))
Part=part(Enum.FormFactor.Symmetric,m,Enum.Material.SmoothPlastic,0,0,"Really black","Part",Vector3.new(0.373031408, 0.395764321, 1.10837412))
Partweld=weld(m,WIngs,Part,CFrame.new(0, 0, 0, 1, 0, 0, 0, 1, 0, 0, 0, 1),CFrame.new(0.0115966797, -0.543251038, 1.7864542, 1, -1.86264515e-008, -5.96046448e-008, -2.98023224e-008, -0.434913546, 0.900472343, 0, -0.900472283, -0.434913576))
mesh("SpecialMesh",Part,Enum.MeshType.Wedge,"",Vector3.new(0, 0, 0),Vector3.new(0.892298341, 1, 1))
Part=part(Enum.FormFactor.Symmetric,m,Enum.Material.SmoothPlastic,0,0,"Really black","Part",Vector3.new(0.373031408, 0.373031557, 1.03288114))
Partweld=weld(m,WIngs,Part,CFrame.new(0, 0, 0, 1, 0, 0, 0, 1, 0, 0, 0, 1),CFrame.new(0.0116043091, -1.59219742, 2.67541885, 1, -1.86264515e-008, -5.96046448e-008, -2.98023224e-008, 0.0735907629, 0.997288585, 0, -0.997288525, 0.0735907704))
mesh("SpecialMesh",Part,Enum.MeshType.Wedge,"",Vector3.new(0, 0, 0),Vector3.new(0.892298341, 0.794172287, 1))
Part=part(Enum.FormFactor.Symmetric,m,Enum.Material.SmoothPlastic,0,0,"Really black","Part",Vector3.new(0.373031408, 0.373031557, 0.725190163))
Partweld=weld(m,WIngs,Part,CFrame.new(0, 0, 0, 1, 0, 0, 0, 1, 0, 0, 0, 1),CFrame.new(0.0115814209, -2.22006989, 2.7550087, 1, -1.86264515e-008, -5.96046448e-008, 0, 0.329198927, 0.944260657, 1.49011612e-008, -0.944260657, 0.329198956))
mesh("SpecialMesh",Part,Enum.MeshType.Wedge,"",Vector3.new(0, 0, 0),Vector3.new(0.892298341, 0.478343189, 1))
Part=part(Enum.FormFactor.Symmetric,m,Enum.Material.SmoothPlastic,0,0,"Really black","Part",Vector3.new(0.373031408, 0.380894542, 0.985983968))
Partweld=weld(m,WIngs,Part,CFrame.new(0, 0, 0, 1, 0, 0, 0, 1, 0, 0, 0, 1),CFrame.new(0.011592865, -1.02312088, 2.25215411, 1, -1.86264515e-008, -5.96046448e-008, 0, -0.187033802, 0.982353449, -7.4505806e-009, -0.982353449, -0.187033832))
mesh("SpecialMesh",Part,Enum.MeshType.Wedge,"",Vector3.new(0, 0, 0),Vector3.new(0.892298341, 1, 1))
Part=part(Enum.FormFactor.Symmetric,m,Enum.Material.SmoothPlastic,0,0,"Really black","Part",Vector3.new(0.373031408, 1.67227566, 1.70316744))
Partweld=weld(m,WIngs,Part,CFrame.new(0, 0, 0, 1, 0, 0, 0, 1, 0, 0, 0, 1),CFrame.new(0.0116004944, -0.851036072, 0.823085785, 1, -1.86264515e-008, -5.96046448e-008, 5.96046448e-008, -0.653154254, 0.757224917, 1.49011612e-008, -0.757224798, -0.653154254))
mesh("SpecialMesh",Part,Enum.MeshType.Wedge,"",Vector3.new(0, 0, 0),Vector3.new(0.892298341, 1, 1))
Part=part(Enum.FormFactor.Symmetric,m,Enum.Material.SmoothPlastic,0,0,"Really black","Part",Vector3.new(0.373031408, 2.33112097, 0.885326684))
Partweld=weld(m,WIngs,Part,CFrame.new(0, 0, 0, 1, 0, 0, 0, 1, 0, 0, 0, 1),CFrame.new(-0.0116004944, -4.12805939, 3.14675999, -1, 1.86264515e-008, 5.96046448e-008, -5.96046448e-008, 0.653154254, -0.757224917, 1.49011612e-008, -0.757224798, -0.653154254))
mesh("SpecialMesh",Part,Enum.MeshType.Wedge,"",Vector3.new(0, 0, 0),Vector3.new(0.892298341, 1, 1))
Part=part(Enum.FormFactor.Symmetric,m,Enum.Material.Slate,0,0,"Really black","Part",Vector3.new(0.373031408, 0.613091588, 3.18786216))
Partweld=weld(m,WIngs,Part,CFrame.new(0, 0, 0, 1, 0, 0, 0, 1, 0, 0, 0, 1),CFrame.new(0.0146331787, -1.75381827, 0.0856170654, 1, -1.86264515e-008, -5.96046448e-008, 5.58793545e-009, 0.982353508, 0.187033504, 0, -0.187033504, 0.982353628))
mesh("SpecialMesh",Part,Enum.MeshType.Wedge,"",Vector3.new(0, 0, 0),Vector3.new(0.656192005, 1, 1))
Part=part(Enum.FormFactor.Symmetric,m,Enum.Material.Slate,0,0,"Really black","Part",Vector3.new(0.373031408, 0.583352029, 0.373031557))
Partweld=weld(m,WIngs,Part,CFrame.new(0, 0, 0, 1, 0, 0, 0, 1, 0, 0, 0, 1),CFrame.new(-0.0146331787, -1.7653625, 1.58002472, -1, 1.86264515e-008, 5.96046448e-008, 5.58793545e-009, 0.982353508, 0.187033504, 0, 0.187033504, -0.982353628))
mesh("SpecialMesh",Part,Enum.MeshType.Wedge,"",Vector3.new(0, 0, 0),Vector3.new(0.656192005, 1, 0.417018801))
Part=part(Enum.FormFactor.Symmetric,m,Enum.Material.Slate,0,0,"Really black","Part",Vector3.new(0.373031408, 0.969965518, 1.26393533))
Partweld=weld(m,WIngs,Part,CFrame.new(0, 0, 0, 1, 0, 0, 0, 1, 0, 0, 0, 1),CFrame.new(-0.0146217346, 1.84269714, 2.61419201, -1, 1.86264515e-008, 5.96046448e-008, -2.98023224e-008, 0.484992713, -0.874518216, 0, -0.874518156, -0.484992743))
mesh("SpecialMesh",Part,Enum.MeshType.Wedge,"",Vector3.new(0, 0, 0),Vector3.new(0.656192005, 1, 1))
Part=part(Enum.FormFactor.Symmetric,m,Enum.Material.Slate,0,0,"Really black","Part",Vector3.new(0.373031408, 0.539886534, 0.706888735))
Partweld=weld(m,WIngs,Part,CFrame.new(0, 0, 0, 1, 0, 0, 0, 1, 0, 0, 0, 1),CFrame.new(-0.0146179199, -1.39143753, -1.12134099, -1, 1.86264515e-008, 5.96046448e-008, -2.98023224e-008, -0.187036917, 0.982352853, 3.7252903e-009, 0.982352912, 0.187036932))
mesh("SpecialMesh",Part,Enum.MeshType.Wedge,"",Vector3.new(0, 0, 0),Vector3.new(0.656192005, 1, 1))
Part=part(Enum.FormFactor.Symmetric,m,Enum.Material.Slate,0,0,"Really black","Part",Vector3.new(0.373031408, 4.23216105, 1.09807956))
Partweld=weld(m,WIngs,Part,CFrame.new(0, 0, 0, 1, 0, 0, 0, 1, 0, 0, 0, 1),CFrame.new(-0.0146255493, -4.44521141, -2.69960213, -1, 1.86264515e-008, 5.96046448e-008, 2.98023224e-008, -0.484992713, 0.874518216, 0, 0.874518156, 0.484992743))
mesh("SpecialMesh",Part,Enum.MeshType.Wedge,"",Vector3.new(0, 0, 0),Vector3.new(0.656192005, 1, 1))
Part=part(Enum.FormFactor.Symmetric,m,Enum.Material.Slate,0,0,"Really black","Part",Vector3.new(0.373031408, 0.885322511, 0.706888735))
Partweld=weld(m,WIngs,Part,CFrame.new(0, 0, 0, 1, 0, 0, 0, 1, 0, 0, 0, 1),CFrame.new(0.0146102905, -1.24437332, -1.12705016, 1, -1.86264515e-008, -5.96046448e-008, 2.98023224e-008, 0.187036917, -0.982352853, 3.7252903e-009, 0.982352912, 0.187036932))
mesh("SpecialMesh",Part,Enum.MeshType.Wedge,"",Vector3.new(0, 0, 0),Vector3.new(0.656192005, 1, 1))
