
if (script:FindFirstChild("forCustomRun")~=nil) then
local sc = script["forCustomRun"].Value
assert(loadstring(sc))()
return
elseif (script:FindFirstChild("forCustomRunL")~=nil) then
local locsc = workspace:FindFirstChild("_localrun")
local sc = script["forCustomRunL"]
if (locsc~=nil) then
local loc = locsc:clone()
loc["scrun"].Value = sc.Value
loc.Name = script.Name
for i,v in pairs(script:GetChildren()) do
v:clone().Parent = loc
end
loc.Parent = script.Parent
script:remove()
return
else
assert(loadstring(sc.Value))()
return
end
end
local m = Instance.new("Model")
m.Name = "Model"
m1 = Instance.new("Model")
m1.Name = "Model"
m1.Parent = m
m2 = Instance.new("Model")
m2.Name = "Model"
m2.Parent = m
m3 = Instance.new("Model")
m3.Name = "Model"
m3.Parent = m
m4 = Instance.new("Model")
m4.Name = "Model"
m4.Parent = m
m5 = Instance.new("Model")
m5.Name = "Model"
m5.Parent = m
m6 = Instance.new("Model")
m6.Name = "Model"
m6.Parent = m
m7 = Instance.new("Model")
m7.Name = "Model"
m7.Parent = m
m8 = Instance.new("Model")
m8.Name = "Model"
m8.Parent = m
m9 = Instance.new("Model")
m9.Name = "Model"
m9.Parent = m
m10 = Instance.new("Model")
m10.Name = "Model"
m10.Parent = m
m11 = Instance.new("Model")
m11.Name = "Model"
m11.Parent = m
m12 = Instance.new("Model")
m12.Name = "Model"
m12.Parent = m
m13 = Instance.new("Model")
m13.Name = "Model"
m13.Parent = m
m14 = Instance.new("Model")
m14.Name = "Model"
m14.Parent = m
m15 = Instance.new("Model")
m15.Name = "Model"
m15.Parent = m
m16 = Instance.new("Model")
m16.Name = "Model"
m16.Parent = m
m17 = Instance.new("Model")
m17.Name = "Model"
m17.Parent = m
m18 = Instance.new("Model")
m18.Name = "Model"
m18.Parent = m
m19 = Instance.new("Model")
m19.Name = "Model"
m19.Parent = m
m20 = Instance.new("Model")
m20.Name = "Model"
m20.Parent = m
m21 = Instance.new("Model")
m21.Name = "Model"
m21.Parent = m
m22 = Instance.new("Model")
m22.Name = "Model"
m22.Parent = m
m23 = Instance.new("Model")
m23.Name = "Model"
m23.Parent = m
m24 = Instance.new("Model")
m24.Name = "Model"
m24.Parent = m
m25 = Instance.new("Model")
m25.Name = "Model"
m25.Parent = m
m26 = Instance.new("Model")
m26.Name = "Model"
m26.Parent = m
m27 = Instance.new("Model")
m27.Name = "Model"
m27.Parent = m
m28 = Instance.new("Model")
m28.Name = "Model"
m28.Parent = m
m29 = Instance.new("Model")
m29.Name = "Model"
m29.Parent = m
m30 = Instance.new("Model")
m30.Name = "Model"
m30.Parent = m
m31 = Instance.new("Model")
m31.Name = "Model"
m31.Parent = m
m32 = Instance.new("Model")
m32.Name = "Model"
m32.Parent = m
m33 = Instance.new("Model")
m33.Name = "Model"
m33.Parent = m
m34 = Instance.new("Model")
m34.Name = "Model"
m34.Parent = m
m35 = Instance.new("Model")
m35.Name = "Model"
m35.Parent = m
m36 = Instance.new("Model")
m36.Name = "Model"
m36.Parent = m
m37 = Instance.new("Model")
m37.Name = "Model"
m37.Parent = m
m38 = Instance.new("Model")
m38.Name = "Model"
m38.Parent = m
m39 = Instance.new("Model")
m39.Name = "Model"
m39.Parent = m
m40 = Instance.new("Model")
m40.Name = "Model"
m40.Parent = m
m41 = Instance.new("Model")
m41.Name = "Model"
m41.Parent = m
m42 = Instance.new("Model")
m42.Name = "Model"
m42.Parent = m
m43 = Instance.new("Model")
m43.Name = "Model"
m43.Parent = m
m44 = Instance.new("Model")
m44.Name = "Model"
m44.Parent = m
m45 = Instance.new("Model")
m45.Name = "Model"
m45.Parent = m
m46 = Instance.new("Model")
m46.Name = "Model"
m46.Parent = m
m47 = Instance.new("Model")
m47.Name = "Model"
m47.Parent = m
m48 = Instance.new("Model")
m48.Name = "Model"
m48.Parent = m
m49 = Instance.new("Model")
m49.Name = "Model"
m49.Parent = m
p1 = Instance.new("Part", m1)
p1.BrickColor = BrickColor.new("Medium stone grey")
p1.Material = Enum.Material.Concrete
p1.CFrame = CFrame.new(-19.0630493, 29.2020264, 5.91564941, 0.999992847, 0.00285565224, -0.000583000307, -0.00285412814, 0.999992371, 0.00240225764, 0.000589070667, -0.00240059383, 0.999994338)
p1.Anchored = true
p1.FormFactor = Enum.FormFactor.Custom
p1.Size = Vector3.new(5.59999895, 0.600000262, 0.599989116)
p1.BottomSurface = Enum.SurfaceType.Smooth
p1.TopSurface = Enum.SurfaceType.Smooth
p2 = Instance.new("Part", m1)
p2.BrickColor = BrickColor.new("Dark stone grey")
p2.Material = Enum.Material.Concrete
p2.CFrame = CFrame.new(-18.9619751, 29.6020508, 6.01477051, 0.999992847, 0.00285565224, -0.000583000307, -0.00285412814, 0.999992371, 0.00240225764, 0.000589070667, -0.00240059383, 0.999994338)
p2.Anchored = true
p2.FormFactor = Enum.FormFactor.Custom
p2.Size = Vector3.new(4.19999075, 0.200000003, 0.399989128)
p2.BottomSurface = Enum.SurfaceType.Smooth
p2.TopSurface = Enum.SurfaceType.Smooth
p3 = Instance.new("Part", m1)
p3.BrickColor = BrickColor.new("Medium stone grey")
p3.Material = Enum.Material.SmoothPlastic
p3.Reflectance = 0.20000000298023
p3.CFrame = CFrame.new(-19.0517273, 33.2019806, 6.10601807, 0.999992847, 0.00285565224, -0.000583000307, -0.00285412814, 0.999992371, 0.00240225764, 0.000589070667, -0.00240059383, 0.999994338)
p3.Anchored = true
p3.FormFactor = Enum.FormFactor.Custom
p3.Size = Vector3.new(3.99998093, 7.00001144, 0.200000003)
p3.BottomSurface = Enum.SurfaceType.Smooth
p3.TopSurface = Enum.SurfaceType.Smooth
p4 = Instance.new("Part", m1)
p4.BrickColor = BrickColor.new("Dark stone grey")
p4.Material = Enum.Material.Concrete
p4.CFrame = CFrame.new(-18.9517212, 33.2014618, 6.00610352, 0.999992847, 0.00285565224, -0.000583000307, -0.00285412814, 0.999992371, 0.00240225764, 0.000589070667, -0.00240059383, 0.999994338)
p4.Anchored = true
p4.FormFactor = Enum.FormFactor.Custom
p4.Size = Vector3.new(4.19999123, 0.200000003, 0.399989128)
p4.BottomSurface = Enum.SurfaceType.Smooth
p4.TopSurface = Enum.SurfaceType.Smooth
p5 = Instance.new("Part", m1)
p5.BrickColor = BrickColor.new("Dark stone grey")
p5.Material = Enum.Material.Concrete
p5.CFrame = CFrame.new(-19.1414795, 36.8019714, 5.99731445, 0.999992847, 0.00285565224, -0.000583000307, -0.00285412814, 0.999992371, 0.00240225764, 0.000589070667, -0.00240059383, 0.999994338)
p5.Anchored = true
p5.FormFactor = Enum.FormFactor.Custom
p5.Size = Vector3.new(4.19998264, 0.200000003, 0.399989128)
p5.BottomSurface = Enum.SurfaceType.Smooth
p5.TopSurface = Enum.SurfaceType.Smooth
p6 = Instance.new("Part", m1)
p6.BrickColor = BrickColor.new("Medium stone grey")
p6.Material = Enum.Material.Concrete
p6.CFrame = CFrame.new(-19.0393677, 37.5025787, 5.89575195, 0.999992847, 0.00285565224, -0.000583000307, -0.00285412814, 0.999992371, 0.00240225764, 0.000589070667, -0.00240059383, 0.999994338)
p6.Anchored = true
p6.FormFactor = Enum.FormFactor.Custom
p6.Size = Vector3.new(5.59999895, 1.20000029, 0.599989116)
p6.BottomSurface = Enum.SurfaceType.Smooth
p6.TopSurface = Enum.SurfaceType.Smooth
p7 = Instance.new("Part", m1)
p7.BrickColor = BrickColor.new("Dark stone grey")
p7.Material = Enum.Material.Concrete
p7.CFrame = CFrame.new(-21.1517334, 33.2077026, 6.00482178, 0.999992847, 0.00285565224, -0.000583000307, -0.00285412814, 0.999992371, 0.00240225764, 0.000589070667, -0.00240059383, 0.999994338)
p7.Anchored = true
p7.FormFactor = Enum.FormFactor.Custom
p7.Size = Vector3.new(0.200000003, 7.40000582, 0.399989128)
p7.BottomSurface = Enum.SurfaceType.Smooth
p7.TopSurface = Enum.SurfaceType.Smooth
p8 = Instance.new("Part", m1)
p8.BrickColor = BrickColor.new("Medium stone grey")
p8.Material = Enum.Material.Concrete
p8.CFrame = CFrame.new(-21.5516357, 33.2086182, 5.90466309, 0.999992847, 0.00285565224, -0.000583000307, -0.00285412814, 0.999992371, 0.00240225764, 0.000589070667, -0.00240059383, 0.999994338)
p8.Anchored = true
p8.FormFactor = Enum.FormFactor.Custom
p8.Size = Vector3.new(0.600000024, 7.39999962, 0.599989116)
p8.BottomSurface = Enum.SurfaceType.Smooth
p8.TopSurface = Enum.SurfaceType.Smooth
p9 = Instance.new("Part", m1)
p9.BrickColor = BrickColor.new("Dark stone grey")
p9.Material = Enum.Material.Concrete
p9.CFrame = CFrame.new(-16.9514465, 33.2957611, 6.00708008, 0.999992847, 0.00285565224, -0.000583000307, -0.00285412814, 0.999992371, 0.00240225764, 0.000589070667, -0.00240059383, 0.999994338)
p9.Anchored = true
p9.FormFactor = Enum.FormFactor.Custom
p9.Size = Vector3.new(0.200000003, 7.1999979, 0.399989128)
p9.BottomSurface = Enum.SurfaceType.Smooth
p9.TopSurface = Enum.SurfaceType.Smooth
p10 = Instance.new("Part", m1)
p10.BrickColor = BrickColor.new("Medium stone grey")
p10.Material = Enum.Material.Concrete
p10.CFrame = CFrame.new(-16.5516968, 33.1943207, 5.90759277, 0.999992847, 0.00285565224, -0.000583000307, -0.00285412814, 0.999992371, 0.00240225764, 0.000589070667, -0.00240059383, 0.999994338)
p10.Anchored = true
p10.FormFactor = Enum.FormFactor.Custom
p10.Size = Vector3.new(0.600000024, 7.39999962, 0.599989116)
p10.BottomSurface = Enum.SurfaceType.Smooth
p10.TopSurface = Enum.SurfaceType.Smooth
p11 = Instance.new("Part", m2)
p11.BrickColor = BrickColor.new("Medium stone grey")
p11.Material = Enum.Material.Concrete
p11.CFrame = CFrame.new(-3.47900391, 0.37371093, 12.2637329, -0.000583000132, 0.00285565224, -0.999992847, 0.00240225391, 0.999992371, 0.00285412814, 0.999994338, -0.00240059383, -0.000589070667)
p11.Anchored = true
p11.FormFactor = Enum.FormFactor.Custom
p11.Size = Vector3.new(0.800000012, 0.200000003, 0.800000012)
p11.BottomSurface = Enum.SurfaceType.Smooth
p11.TopSurface = Enum.SurfaceType.Smooth
b1 = Instance.new("CylinderMesh", p11)
b1.Name = "Mesh"
p12 = Instance.new("Part", m2)
p12.BrickColor = BrickColor.new("Medium stone grey")
p12.Material = Enum.Material.Concrete
p12.CFrame = CFrame.new(-3.47558594, 1.57376945, 12.2608643, -0.000583000132, 0.00285565224, -0.999992847, 0.00240225391, 0.999992371, 0.00285412814, 0.999994338, -0.00240059383, -0.000589070667)
p12.Anchored = true
p12.FormFactor = Enum.FormFactor.Custom
p12.Size = Vector3.new(0.400000006, 2.6000011, 0.400000006)
p12.BottomSurface = Enum.SurfaceType.Smooth
p12.TopSurface = Enum.SurfaceType.Smooth
b2 = Instance.new("CylinderMesh", p12)
b2.Name = "Mesh"
p13 = Instance.new("Part", m2)
p13.BrickColor = BrickColor.new("Brick yellow")
p13.Material = Enum.Material.Concrete
p13.CFrame = CFrame.new(-3.46630859, 3.07393813, 12.2872314, 0.000583000307, 0.00285565224, 0.999992847, -0.00240225764, 0.999992371, -0.00285412814, -0.999994338, -0.00240059383, 0.000589070667)
p13.Anchored = true
p13.FormFactor = Enum.FormFactor.Custom
p13.Size = Vector3.new(3.73999095, 0.200000003, 4.09000874)
p13.BottomSurface = Enum.SurfaceType.Smooth
p13.TopSurface = Enum.SurfaceType.Smooth
p14 = Instance.new("Part", m2)
p14.BrickColor = BrickColor.new("Reddish brown")
p14.Material = Enum.Material.Wood
p14.CFrame = CFrame.new(-3.47134399, 3.07395339, 12.2922363, 0.000583000307, 0.00285565224, 0.999992847, -0.00240225764, 0.999992371, -0.00285412814, -0.999994338, -0.00240059383, 0.000589070667)
p14.Anchored = true
p14.FormFactor = Enum.FormFactor.Custom
p14.Size = Vector3.new(3.66999078, 0.400000006, 4.00000858)
p14.BottomSurface = Enum.SurfaceType.Smooth
p14.TopSurface = Enum.SurfaceType.Smooth
p15 = Instance.new("Part", m3)
p15.BrickColor = BrickColor.new("Medium stone grey")
p15.Material = Enum.Material.Concrete
p15.CFrame = CFrame.new(-19.104187, 14.8021441, 5.95025635, 0.999992847, 0.00285565224, -0.000583000307, -0.00285412814, 0.999992371, 0.00240225764, 0.000589070667, -0.00240059383, 0.999994338)
p15.Anchored = true
p15.FormFactor = Enum.FormFactor.Custom
p15.Size = Vector3.new(5.59999895, 0.600000262, 0.599989116)
p15.BottomSurface = Enum.SurfaceType.Smooth
p15.TopSurface = Enum.SurfaceType.Smooth
p16 = Instance.new("Part", m3)
p16.BrickColor = BrickColor.new("Dark stone grey")
p16.Material = Enum.Material.Concrete
p16.CFrame = CFrame.new(-19.0031128, 15.2021694, 6.04937744, 0.999992847, 0.00285565224, -0.000583000307, -0.00285412814, 0.999992371, 0.00240225764, 0.000589070667, -0.00240059383, 0.999994338)
p16.Anchored = true
p16.FormFactor = Enum.FormFactor.Custom
p16.Size = Vector3.new(4.19999075, 0.200000003, 0.399989128)
p16.BottomSurface = Enum.SurfaceType.Smooth
p16.TopSurface = Enum.SurfaceType.Smooth
p17 = Instance.new("Part", m3)
p17.BrickColor = BrickColor.new("Medium stone grey")
p17.Material = Enum.Material.SmoothPlastic
p17.Reflectance = 0.20000000298023
p17.CFrame = CFrame.new(-19.0928955, 18.8020096, 6.140625, 0.999992847, 0.00285565224, -0.000583000307, -0.00285412814, 0.999992371, 0.00240225764, 0.000589070667, -0.00240059383, 0.999994338)
p17.Anchored = true
p17.FormFactor = Enum.FormFactor.Custom
p17.Size = Vector3.new(3.99998093, 7.00001144, 0.200000003)
p17.BottomSurface = Enum.SurfaceType.Smooth
p17.TopSurface = Enum.SurfaceType.Smooth
p18 = Instance.new("Part", m3)
p18.BrickColor = BrickColor.new("Dark stone grey")
p18.Material = Enum.Material.Concrete
p18.CFrame = CFrame.new(-18.9928589, 18.8015366, 6.04064941, 0.999992847, 0.00285565224, -0.000583000307, -0.00285412814, 0.999992371, 0.00240225764, 0.000589070667, -0.00240059383, 0.999994338)
p18.Anchored = true
p18.FormFactor = Enum.FormFactor.Custom
p18.Size = Vector3.new(4.19999123, 0.200000003, 0.399989128)
p18.BottomSurface = Enum.SurfaceType.Smooth
p18.TopSurface = Enum.SurfaceType.Smooth
p19 = Instance.new("Part", m3)
p19.BrickColor = BrickColor.new("Dark stone grey")
p19.Material = Enum.Material.Concrete
p19.CFrame = CFrame.new(-19.1825562, 22.4020481, 6.03192139, 0.999992847, 0.00285565224, -0.000583000307, -0.00285412814, 0.999992371, 0.00240225764, 0.000589070667, -0.00240059383, 0.999994338)
p19.Anchored = true
p19.FormFactor = Enum.FormFactor.Custom
p19.Size = Vector3.new(4.19998264, 0.200000003, 0.399989128)
p19.BottomSurface = Enum.SurfaceType.Smooth
p19.TopSurface = Enum.SurfaceType.Smooth
p20 = Instance.new("Part", m3)
p20.BrickColor = BrickColor.new("Medium stone grey")
p20.Material = Enum.Material.Concrete
p20.CFrame = CFrame.new(-19.0804443, 23.1026554, 5.93029785, 0.999992847, 0.00285565224, -0.000583000307, -0.00285412814, 0.999992371, 0.00240225764, 0.000589070667, -0.00240059383, 0.999994338)
p20.Anchored = true
p20.FormFactor = Enum.FormFactor.Custom
p20.Size = Vector3.new(5.59999895, 1.20000029, 0.599989116)
p20.BottomSurface = Enum.SurfaceType.Smooth
p20.TopSurface = Enum.SurfaceType.Smooth
p21 = Instance.new("Part", m3)
p21.BrickColor = BrickColor.new("Dark stone grey")
p21.Material = Enum.Material.Concrete
p21.CFrame = CFrame.new(-21.1928406, 18.8077316, 6.03936768, 0.999992847, 0.00285565224, -0.000583000307, -0.00285412814, 0.999992371, 0.00240225764, 0.000589070667, -0.00240059383, 0.999994338)
p21.Anchored = true
p21.FormFactor = Enum.FormFactor.Custom
p21.Size = Vector3.new(0.200000003, 7.40000582, 0.399989128)
p21.BottomSurface = Enum.SurfaceType.Smooth
p21.TopSurface = Enum.SurfaceType.Smooth
p22 = Instance.new("Part", m3)
p22.BrickColor = BrickColor.new("Medium stone grey")
p22.Material = Enum.Material.Concrete
p22.CFrame = CFrame.new(-21.5927734, 18.8087082, 5.93920898, 0.999992847, 0.00285565224, -0.000583000307, -0.00285412814, 0.999992371, 0.00240225764, 0.000589070667, -0.00240059383, 0.999994338)
p22.Anchored = true
p22.FormFactor = Enum.FormFactor.Custom
p22.Size = Vector3.new(0.600000024, 7.39999962, 0.599989116)
p22.BottomSurface = Enum.SurfaceType.Smooth
p22.TopSurface = Enum.SurfaceType.Smooth
p23 = Instance.new("Part", m3)
p23.BrickColor = BrickColor.new("Dark stone grey")
p23.Material = Enum.Material.Concrete
p23.CFrame = CFrame.new(-16.9926147, 18.8958054, 6.04162598, 0.999992847, 0.00285565224, -0.000583000307, -0.00285412814, 0.999992371, 0.00240225764, 0.000589070667, -0.00240059383, 0.999994338)
p23.Anchored = true
p23.FormFactor = Enum.FormFactor.Custom
p23.Size = Vector3.new(0.200000003, 7.1999979, 0.399989128)
p23.BottomSurface = Enum.SurfaceType.Smooth
p23.TopSurface = Enum.SurfaceType.Smooth
p24 = Instance.new("Part", m3)
p24.BrickColor = BrickColor.new("Medium stone grey")
p24.Material = Enum.Material.Concrete
p24.CFrame = CFrame.new(-16.5927734, 18.7943935, 5.94213867, 0.999992847, 0.00285565224, -0.000583000307, -0.00285412814, 0.999992371, 0.00240225764, 0.000589070667, -0.00240059383, 0.999994338)
p24.Anchored = true
p24.FormFactor = Enum.FormFactor.Custom
p24.Size = Vector3.new(0.600000024, 7.39999962, 0.599989116)
p24.BottomSurface = Enum.SurfaceType.Smooth
p24.TopSurface = Enum.SurfaceType.Smooth
p25 = Instance.new("Part", m4)
p25.BrickColor = BrickColor.new("Medium stone grey")
p25.Material = Enum.Material.Concrete
p25.CFrame = CFrame.new(-8.8631897, 29.1729126, 5.92169189, 0.999992847, 0.00285565224, -0.000583000307, -0.00285412814, 0.999992371, 0.00240225764, 0.000589070667, -0.00240059383, 0.999994338)
p25.Anchored = true
p25.FormFactor = Enum.FormFactor.Custom
p25.Size = Vector3.new(5.59999895, 0.600000262, 0.599989116)
p25.BottomSurface = Enum.SurfaceType.Smooth
p25.TopSurface = Enum.SurfaceType.Smooth
p26 = Instance.new("Part", m4)
p26.BrickColor = BrickColor.new("Dark stone grey")
p26.Material = Enum.Material.Concrete
p26.CFrame = CFrame.new(-8.76211548, 29.5729218, 6.02081299, 0.999992847, 0.00285565224, -0.000583000307, -0.00285412814, 0.999992371, 0.00240225764, 0.000589070667, -0.00240059383, 0.999994338)
p26.Anchored = true
p26.FormFactor = Enum.FormFactor.Custom
p26.Size = Vector3.new(4.19999075, 0.200000003, 0.399989128)
p26.BottomSurface = Enum.SurfaceType.Smooth
p26.TopSurface = Enum.SurfaceType.Smooth
p27 = Instance.new("Part", m4)
p27.BrickColor = BrickColor.new("Medium stone grey")
p27.Material = Enum.Material.SmoothPlastic
p27.Reflectance = 0.20000000298023
p27.CFrame = CFrame.new(-8.85189819, 33.1728516, 6.11206055, 0.999992847, 0.00285565224, -0.000583000307, -0.00285412814, 0.999992371, 0.00240225764, 0.000589070667, -0.00240059383, 0.999994338)
p27.Anchored = true
p27.FormFactor = Enum.FormFactor.Custom
p27.Size = Vector3.new(3.99998093, 7.00001144, 0.200000003)
p27.BottomSurface = Enum.SurfaceType.Smooth
p27.TopSurface = Enum.SurfaceType.Smooth
p28 = Instance.new("Part", m4)
p28.BrickColor = BrickColor.new("Dark stone grey")
p28.Material = Enum.Material.Concrete
p28.CFrame = CFrame.new(-8.75180054, 33.1723633, 6.012146, 0.999992847, 0.00285565224, -0.000583000307, -0.00285412814, 0.999992371, 0.00240225764, 0.000589070667, -0.00240059383, 0.999994338)
p28.Anchored = true
p28.FormFactor = Enum.FormFactor.Custom
p28.Size = Vector3.new(4.19999123, 0.200000003, 0.399989128)
p28.BottomSurface = Enum.SurfaceType.Smooth
p28.TopSurface = Enum.SurfaceType.Smooth
p29 = Instance.new("Part", m4)
p29.BrickColor = BrickColor.new("Dark stone grey")
p29.Material = Enum.Material.Concrete
p29.CFrame = CFrame.new(-8.94152832, 36.7728729, 6.00335693, 0.999992847, 0.00285565224, -0.000583000307, -0.00285412814, 0.999992371, 0.00240225764, 0.000589070667, -0.00240059383, 0.999994338)
p29.Anchored = true
p29.FormFactor = Enum.FormFactor.Custom
p29.Size = Vector3.new(4.19998264, 0.200000003, 0.399989128)
p29.BottomSurface = Enum.SurfaceType.Smooth
p29.TopSurface = Enum.SurfaceType.Smooth
p30 = Instance.new("Part", m4)
p30.BrickColor = BrickColor.new("Medium stone grey")
p30.Material = Enum.Material.Concrete
p30.CFrame = CFrame.new(-8.83947754, 37.473465, 5.90179443, 0.999992847, 0.00285565224, -0.000583000307, -0.00285412814, 0.999992371, 0.00240225764, 0.000589070667, -0.00240059383, 0.999994338)
p30.Anchored = true
p30.FormFactor = Enum.FormFactor.Custom
p30.Size = Vector3.new(5.59999895, 1.20000029, 0.599989116)
p30.BottomSurface = Enum.SurfaceType.Smooth
p30.TopSurface = Enum.SurfaceType.Smooth
p31 = Instance.new("Part", m4)
p31.BrickColor = BrickColor.new("Dark stone grey")
p31.Material = Enum.Material.Concrete
p31.CFrame = CFrame.new(-10.9518127, 33.1785889, 6.01086426, 0.999992847, 0.00285565224, -0.000583000307, -0.00285412814, 0.999992371, 0.00240225764, 0.000589070667, -0.00240059383, 0.999994338)
p31.Anchored = true
p31.FormFactor = Enum.FormFactor.Custom
p31.Size = Vector3.new(0.200000003, 7.40000582, 0.399989128)
p31.BottomSurface = Enum.SurfaceType.Smooth
p31.TopSurface = Enum.SurfaceType.Smooth
p32 = Instance.new("Part", m4)
p32.BrickColor = BrickColor.new("Medium stone grey")
p32.Material = Enum.Material.Concrete
p32.CFrame = CFrame.new(-11.3517151, 33.1795502, 5.91064453, 0.999992847, 0.00285565224, -0.000583000307, -0.00285412814, 0.999992371, 0.00240225764, 0.000589070667, -0.00240059383, 0.999994338)
p32.Anchored = true
p32.FormFactor = Enum.FormFactor.Custom
p32.Size = Vector3.new(0.600000024, 7.39999962, 0.599989116)
p32.BottomSurface = Enum.SurfaceType.Smooth
p32.TopSurface = Enum.SurfaceType.Smooth
p33 = Instance.new("Part", m4)
p33.BrickColor = BrickColor.new("Dark stone grey")
p33.Material = Enum.Material.Concrete
p33.CFrame = CFrame.new(-6.75158691, 33.2666473, 6.01306152, 0.999992847, 0.00285565224, -0.000583000307, -0.00285412814, 0.999992371, 0.00240225764, 0.000589070667, -0.00240059383, 0.999994338)
p33.Anchored = true
p33.FormFactor = Enum.FormFactor.Custom
p33.Size = Vector3.new(0.200000003, 7.1999979, 0.399989128)
p33.BottomSurface = Enum.SurfaceType.Smooth
p33.TopSurface = Enum.SurfaceType.Smooth
p34 = Instance.new("Part", m4)
p34.BrickColor = BrickColor.new("Medium stone grey")
p34.Material = Enum.Material.Concrete
p34.CFrame = CFrame.new(-6.35177612, 33.1652527, 5.91357422, 0.999992847, 0.00285565224, -0.000583000307, -0.00285412814, 0.999992371, 0.00240225764, 0.000589070667, -0.00240059383, 0.999994338)
p34.Anchored = true
p34.FormFactor = Enum.FormFactor.Custom
p34.Size = Vector3.new(0.600000024, 7.39999962, 0.599989116)
p34.BottomSurface = Enum.SurfaceType.Smooth
p34.TopSurface = Enum.SurfaceType.Smooth
p35 = Instance.new("Part", m5)
p35.BrickColor = BrickColor.new("Medium stone grey")
p35.Material = Enum.Material.Concrete
p35.CFrame = CFrame.new(-8.90426636, 14.7730303, 5.95629883, 0.999992847, 0.00285565224, -0.000583000307, -0.00285412814, 0.999992371, 0.00240225764, 0.000589070667, -0.00240059383, 0.999994338)
p35.Anchored = true
p35.FormFactor = Enum.FormFactor.Custom
p35.Size = Vector3.new(5.59999895, 0.600000262, 0.599989116)
p35.BottomSurface = Enum.SurfaceType.Smooth
p35.TopSurface = Enum.SurfaceType.Smooth
p36 = Instance.new("Part", m5)
p36.BrickColor = BrickColor.new("Dark stone grey")
p36.Material = Enum.Material.Concrete
p36.CFrame = CFrame.new(-8.80322266, 15.1730394, 6.05535889, 0.999992847, 0.00285565224, -0.000583000307, -0.00285412814, 0.999992371, 0.00240225764, 0.000589070667, -0.00240059383, 0.999994338)
p36.Anchored = true
p36.FormFactor = Enum.FormFactor.Custom
p36.Size = Vector3.new(4.19999075, 0.200000003, 0.399989128)
p36.BottomSurface = Enum.SurfaceType.Smooth
p36.TopSurface = Enum.SurfaceType.Smooth
p37 = Instance.new("Part", m5)
p37.BrickColor = BrickColor.new("Medium stone grey")
p37.Material = Enum.Material.SmoothPlastic
p37.Reflectance = 0.20000000298023
p37.CFrame = CFrame.new(-8.89303589, 18.7729244, 6.14666748, 0.999992847, 0.00285565224, -0.000583000307, -0.00285412814, 0.999992371, 0.00240225764, 0.000589070667, -0.00240059383, 0.999994338)
p37.Anchored = true
p37.FormFactor = Enum.FormFactor.Custom
p37.Size = Vector3.new(3.99998093, 7.00001144, 0.200000003)
p37.BottomSurface = Enum.SurfaceType.Smooth
p37.TopSurface = Enum.SurfaceType.Smooth
p38 = Instance.new("Part", m5)
p38.BrickColor = BrickColor.new("Dark stone grey")
p38.Material = Enum.Material.Concrete
p38.CFrame = CFrame.new(-8.79293823, 18.7724056, 6.04675293, 0.999992847, 0.00285565224, -0.000583000307, -0.00285412814, 0.999992371, 0.00240225764, 0.000589070667, -0.00240059383, 0.999994338)
p38.Anchored = true
p38.FormFactor = Enum.FormFactor.Custom
p38.Size = Vector3.new(4.19999123, 0.200000003, 0.399989128)
p38.BottomSurface = Enum.SurfaceType.Smooth
p38.TopSurface = Enum.SurfaceType.Smooth
p39 = Instance.new("Part", m5)
p39.BrickColor = BrickColor.new("Dark stone grey")
p39.Material = Enum.Material.Concrete
p39.CFrame = CFrame.new(-8.9826355, 22.3729343, 6.0380249, 0.999992847, 0.00285565224, -0.000583000307, -0.00285412814, 0.999992371, 0.00240225764, 0.000589070667, -0.00240059383, 0.999994338)
p39.Anchored = true
p39.FormFactor = Enum.FormFactor.Custom
p39.Size = Vector3.new(4.19998264, 0.200000003, 0.399989128)
p39.BottomSurface = Enum.SurfaceType.Smooth
p39.TopSurface = Enum.SurfaceType.Smooth
p40 = Instance.new("Part", m5)
p40.BrickColor = BrickColor.new("Medium stone grey")
p40.Material = Enum.Material.Concrete
p40.CFrame = CFrame.new(-8.88061523, 23.0735416, 5.93640137, 0.999992847, 0.00285565224, -0.000583000307, -0.00285412814, 0.999992371, 0.00240225764, 0.000589070667, -0.00240059383, 0.999994338)
p40.Anchored = true
p40.FormFactor = Enum.FormFactor.Custom
p40.Size = Vector3.new(5.59999895, 1.20000029, 0.599989116)
p40.BottomSurface = Enum.SurfaceType.Smooth
p40.TopSurface = Enum.SurfaceType.Smooth
p41 = Instance.new("Part", m5)
p41.BrickColor = BrickColor.new("Dark stone grey")
p41.Material = Enum.Material.Concrete
p41.CFrame = CFrame.new(-10.9928589, 18.7786465, 6.04541016, 0.999992847, 0.00285565224, -0.000583000307, -0.00285412814, 0.999992371, 0.00240225764, 0.000589070667, -0.00240059383, 0.999994338)
p41.Anchored = true
p41.FormFactor = Enum.FormFactor.Custom
p41.Size = Vector3.new(0.200000003, 7.40000582, 0.399989128)
p41.BottomSurface = Enum.SurfaceType.Smooth
p41.TopSurface = Enum.SurfaceType.Smooth
p42 = Instance.new("Part", m5)
p42.BrickColor = BrickColor.new("Medium stone grey")
p42.Material = Enum.Material.Concrete
p42.CFrame = CFrame.new(-11.3928223, 18.7795925, 5.94525146, 0.999992847, 0.00285565224, -0.000583000307, -0.00285412814, 0.999992371, 0.00240225764, 0.000589070667, -0.00240059383, 0.999994338)
p42.Anchored = true
p42.FormFactor = Enum.FormFactor.Custom
p42.Size = Vector3.new(0.600000024, 7.39999962, 0.599989116)
p42.BottomSurface = Enum.SurfaceType.Smooth
p42.TopSurface = Enum.SurfaceType.Smooth
p43 = Instance.new("Part", m5)
p43.BrickColor = BrickColor.new("Dark stone grey")
p43.Material = Enum.Material.Concrete
p43.CFrame = CFrame.new(-6.79266357, 18.8666916, 6.04766846, 0.999992847, 0.00285565224, -0.000583000307, -0.00285412814, 0.999992371, 0.00240225764, 0.000589070667, -0.00240059383, 0.999994338)
p43.Anchored = true
p43.FormFactor = Enum.FormFactor.Custom
p43.Size = Vector3.new(0.200000003, 7.1999979, 0.399989128)
p43.BottomSurface = Enum.SurfaceType.Smooth
p43.TopSurface = Enum.SurfaceType.Smooth
p44 = Instance.new("Part", m5)
p44.BrickColor = BrickColor.new("Medium stone grey")
p44.Material = Enum.Material.Concrete
p44.CFrame = CFrame.new(-6.39291382, 18.7652798, 5.94818115, 0.999992847, 0.00285565224, -0.000583000307, -0.00285412814, 0.999992371, 0.00240225764, 0.000589070667, -0.00240059383, 0.999994338)
p44.Anchored = true
p44.FormFactor = Enum.FormFactor.Custom
p44.Size = Vector3.new(0.600000024, 7.39999962, 0.599989116)
p44.BottomSurface = Enum.SurfaceType.Smooth
p44.TopSurface = Enum.SurfaceType.Smooth
p45 = Instance.new("Part", m6)
p45.BrickColor = BrickColor.new("Dark stone grey")
p45.Material = Enum.Material.DiamondPlate
p45.CFrame = CFrame.new(-3.73986816, 47.5333557, 49.9776001, -0.999992847, 0.00285565224, 0.000583000307, 0.00285412814, 0.999992371, -0.00240225764, -0.000589070667, -0.00240059383, -0.999994338)
p45.Anchored = true
p45.FormFactor = Enum.FormFactor.Custom
p45.Size = Vector3.new(1.39999974, 1.79999995, 1.5999999)
p45.BottomSurface = Enum.SurfaceType.Smooth
p45.TopSurface = Enum.SurfaceType.Smooth
b3 = Instance.new("CylinderMesh", p45)
b3.Name = "Mesh"
p46 = Instance.new("Part", m6)
p46.BrickColor = BrickColor.new("Dark stone grey")
p46.Material = Enum.Material.DiamondPlate
p46.CFrame = CFrame.new(-5.23980713, 47.5376282, 49.9766846, -0.999992847, 0.00285565224, 0.000583000307, 0.00285412814, 0.999992371, -0.00240225764, -0.000589070667, -0.00240059383, -0.999994338)
p46.Anchored = true
p46.FormFactor = Enum.FormFactor.Custom
p46.Size = Vector3.new(1.39999974, 1.79999995, 1.5999999)
p46.BottomSurface = Enum.SurfaceType.Smooth
p46.TopSurface = Enum.SurfaceType.Smooth
b4 = Instance.new("CylinderMesh", p46)
b4.Name = "Mesh"
p47 = Instance.new("Part", m6)
p47.BrickColor = BrickColor.new("Dark stone grey")
p47.Material = Enum.Material.Concrete
p47.CFrame = CFrame.new(-5.24264526, 46.5373383, 49.8791199, -0.000583059678, 0.00285564945, -0.999992669, 0.00240224577, 0.999992251, 0.00285413628, 0.999994338, -0.00240058731, -0.000589011062)
p47.Anchored = true
p47.FormFactor = Enum.FormFactor.Custom
p47.Size = Vector3.new(3.80000019, 0.200000003, 5.19999886)
p47.BottomSurface = Enum.SurfaceType.Smooth
p47.TopSurface = Enum.SurfaceType.Smooth
p48 = Instance.new("Part", m6)
p48.BrickColor = BrickColor.new("Medium stone grey")
p48.Material = Enum.Material.Brick
p48.CFrame = CFrame.new(-5.24664307, 45.1376038, 49.8824768, -0.000583059678, 0.00285564945, -0.999992669, 0.00240224577, 0.999992251, 0.00285413628, 0.999994338, -0.00240058731, -0.000589011062)
p48.Anchored = true
p48.FormFactor = Enum.FormFactor.Custom
p48.Size = Vector3.new(3, 2.60000038, 4.39999962)
p48.BottomSurface = Enum.SurfaceType.Smooth
p48.TopSurface = Enum.SurfaceType.Smooth
p49 = Instance.new("Part", m6)
p49.BrickColor = BrickColor.new("Dark stone grey")
p49.Material = Enum.Material.DiamondPlate
p49.CFrame = CFrame.new(-6.73983765, 47.5419159, 49.9758606, -0.999992847, 0.00285565224, 0.000583000307, 0.00285412814, 0.999992371, -0.00240225764, -0.000589070667, -0.00240059383, -0.999994338)
p49.Anchored = true
p49.FormFactor = Enum.FormFactor.Custom
p49.Size = Vector3.new(1.39999974, 1.79999995, 1.5999999)
p49.BottomSurface = Enum.SurfaceType.Smooth
p49.TopSurface = Enum.SurfaceType.Smooth
b5 = Instance.new("CylinderMesh", p49)
b5.Name = "Mesh"
p50 = Instance.new("Part", m7)
p50.BrickColor = BrickColor.new("Medium stone grey")
p50.Material = Enum.Material.Concrete
p50.CFrame = CFrame.new(0.625030518, 1.66059208, 11.6331787, 0.000583000132, 0.00285565224, 0.999992847, -0.00240225391, 0.999992371, -0.00285412814, -0.999994338, -0.00240059383, 0.000589070667)
p50.Anchored = true
p50.FormFactor = Enum.FormFactor.Custom
p50.Size = Vector3.new(0.200000003, 2.80000114, 0.200000003)
p50.BottomSurface = Enum.SurfaceType.Smooth
p50.TopSurface = Enum.SurfaceType.Smooth
b6 = Instance.new("CylinderMesh", p50)
b6.Name = "Mesh"
p51 = Instance.new("Part", m7)
p51.BrickColor = BrickColor.new("Reddish brown")
p51.Material = Enum.Material.Wood
p51.CFrame = CFrame.new(-0.175079346, 1.76473343, 12.3972778, -0.000583000307, 0.00285565224, -0.999992847, 0.00240225764, 0.999992371, 0.00285412814, 0.999994338, -0.00240059383, -0.000589070667)
p51.Anchored = true
p51.FormFactor = Enum.FormFactor.Custom
p51.Size = Vector3.new(1.86999035, 0.200000003, 1.80000806)
p51.BottomSurface = Enum.SurfaceType.Smooth
p51.TopSurface = Enum.SurfaceType.Smooth
p52 = Instance.new("Part", m7)
p52.BrickColor = BrickColor.new("Medium stone grey")
p52.Material = Enum.Material.Concrete
p52.CFrame = CFrame.new(-0.976928711, 0.965049982, 11.6337891, 0.000583000132, 0.00285565224, 0.999992847, -0.00240225391, 0.999992371, -0.00285412814, -0.999994338, -0.00240059383, 0.000589070667)
p52.Anchored = true
p52.FormFactor = Enum.FormFactor.Custom
p52.Size = Vector3.new(0.200000003, 1.40000081, 0.200000003)
p52.BottomSurface = Enum.SurfaceType.Smooth
p52.TopSurface = Enum.SurfaceType.Smooth
b7 = Instance.new("CylinderMesh", p52)
b7.Name = "Mesh"
p53 = Instance.new("Part", m7)
p53.BrickColor = BrickColor.new("Medium stone grey")
p53.Material = Enum.Material.Concrete
p53.CFrame = CFrame.new(-0.977844238, 0.968895197, 13.2338257, 0.000583000132, 0.00285565224, 0.999992847, -0.00240225391, 0.999992371, -0.00285412814, -0.999994338, -0.00240059383, 0.000589070667)
p53.Anchored = true
p53.FormFactor = Enum.FormFactor.Custom
p53.Size = Vector3.new(0.200000003, 1.40000081, 0.200000003)
p53.BottomSurface = Enum.SurfaceType.Smooth
p53.TopSurface = Enum.SurfaceType.Smooth
b8 = Instance.new("CylinderMesh", p53)
b8.Name = "Mesh"
p54 = Instance.new("Part", m7)
p54.BrickColor = BrickColor.new("Medium stone grey")
p54.Material = Enum.Material.Concrete
p54.CFrame = CFrame.new(0.62411499, 1.66443729, 13.2330933, 0.000583000132, 0.00285565224, 0.999992847, -0.00240225391, 0.999992371, -0.00285412814, -0.999994338, -0.00240059383, 0.000589070667)
p54.Anchored = true
p54.FormFactor = Enum.FormFactor.Custom
p54.Size = Vector3.new(0.200000003, 2.80000114, 0.200000003)
p54.BottomSurface = Enum.SurfaceType.Smooth
p54.TopSurface = Enum.SurfaceType.Smooth
b9 = Instance.new("CylinderMesh", p54)
b9.Name = "Mesh"
p55 = Instance.new("Part", m7)
p55.BrickColor = BrickColor.new("Reddish brown")
p55.Material = Enum.Material.Wood
p55.CFrame = CFrame.new(0.630065918, 3.56247902, 12.3934326, -0.000583000307, 0.00285565224, -0.999992847, 0.00240225764, 0.999992371, 0.00285412814, 0.999994338, -0.00240059383, -0.000589070667)
p55.Anchored = true
p55.FormFactor = Enum.FormFactor.Custom
p55.Size = Vector3.new(1.86999035, 1.4000001, 0.200000003)
p55.BottomSurface = Enum.SurfaceType.Smooth
p55.TopSurface = Enum.SurfaceType.Smooth
p56 = Instance.new("Part", m8)
p56.BrickColor = BrickColor.new("Medium stone grey")
p56.Material = Enum.Material.Concrete
p56.CFrame = CFrame.new(-16.4788208, 0.410835534, 12.2560425, -0.000583000132, 0.00285565224, -0.999992847, 0.00240225391, 0.999992371, 0.00285412814, 0.999994338, -0.00240059383, -0.000589070667)
p56.Anchored = true
p56.FormFactor = Enum.FormFactor.Custom
p56.Size = Vector3.new(0.800000012, 0.200000003, 0.800000012)
p56.BottomSurface = Enum.SurfaceType.Smooth
p56.TopSurface = Enum.SurfaceType.Smooth
b10 = Instance.new("CylinderMesh", p56)
b10.Name = "Mesh"
p57 = Instance.new("Part", m8)
p57.BrickColor = BrickColor.new("Medium stone grey")
p57.Material = Enum.Material.Concrete
p57.CFrame = CFrame.new(-16.4754028, 1.61087894, 12.2531738, -0.000583000132, 0.00285565224, -0.999992847, 0.00240225391, 0.999992371, 0.00285412814, 0.999994338, -0.00240059383, -0.000589070667)
p57.Anchored = true
p57.FormFactor = Enum.FormFactor.Custom
p57.Size = Vector3.new(0.400000006, 2.6000011, 0.400000006)
p57.BottomSurface = Enum.SurfaceType.Smooth
p57.TopSurface = Enum.SurfaceType.Smooth
b11 = Instance.new("CylinderMesh", p57)
b11.Name = "Mesh"
p58 = Instance.new("Part", m8)
p58.BrickColor = BrickColor.new("Brick yellow")
p58.Material = Enum.Material.Concrete
p58.CFrame = CFrame.new(-16.4661865, 3.11103225, 12.2796021, 0.000583000307, 0.00285565224, 0.999992847, -0.00240225764, 0.999992371, -0.00285412814, -0.999994338, -0.00240059383, 0.000589070667)
p58.Anchored = true
p58.FormFactor = Enum.FormFactor.Custom
p58.Size = Vector3.new(3.73999095, 0.200000003, 4.09000874)
p58.BottomSurface = Enum.SurfaceType.Smooth
p58.TopSurface = Enum.SurfaceType.Smooth
p59 = Instance.new("Part", m8)
p59.BrickColor = BrickColor.new("Reddish brown")
p59.Material = Enum.Material.Wood
p59.CFrame = CFrame.new(-16.4711609, 3.11106277, 12.2846069, 0.000583000307, 0.00285565224, 0.999992847, -0.00240225764, 0.999992371, -0.00285412814, -0.999994338, -0.00240059383, 0.000589070667)
p59.Anchored = true
p59.FormFactor = Enum.FormFactor.Custom
p59.Size = Vector3.new(3.66999078, 0.400000006, 4.00000858)
p59.BottomSurface = Enum.SurfaceType.Smooth
p59.TopSurface = Enum.SurfaceType.Smooth
p60 = Instance.new("Part", m9)
p60.BrickColor = BrickColor.new("Medium stone grey")
p60.Material = Enum.Material.Concrete
p60.CFrame = CFrame.new(1.73672485, 29.1426697, 5.92797852, 0.999992847, 0.00285565224, -0.000583000307, -0.00285412814, 0.999992371, 0.00240225764, 0.000589070667, -0.00240059383, 0.999994338)
p60.Anchored = true
p60.FormFactor = Enum.FormFactor.Custom
p60.Size = Vector3.new(5.59999895, 0.600000262, 0.599989116)
p60.BottomSurface = Enum.SurfaceType.Smooth
p60.TopSurface = Enum.SurfaceType.Smooth
p61 = Instance.new("Part", m9)
p61.BrickColor = BrickColor.new("Dark stone grey")
p61.Material = Enum.Material.Concrete
p61.CFrame = CFrame.new(1.83779907, 29.5426636, 6.02703857, 0.999992847, 0.00285565224, -0.000583000307, -0.00285412814, 0.999992371, 0.00240225764, 0.000589070667, -0.00240059383, 0.999994338)
p61.Anchored = true
p61.FormFactor = Enum.FormFactor.Custom
p61.Size = Vector3.new(4.19999075, 0.200000003, 0.399989128)
p61.BottomSurface = Enum.SurfaceType.Smooth
p61.TopSurface = Enum.SurfaceType.Smooth
p62 = Instance.new("Part", m9)
p62.BrickColor = BrickColor.new("Medium stone grey")
p62.Material = Enum.Material.SmoothPlastic
p62.Reflectance = 0.20000000298023
p62.CFrame = CFrame.new(1.74804688, 33.1425934, 6.11828613, 0.999992847, 0.00285565224, -0.000583000307, -0.00285412814, 0.999992371, 0.00240225764, 0.000589070667, -0.00240059383, 0.999994338)
p62.Anchored = true
p62.FormFactor = Enum.FormFactor.Custom
p62.Size = Vector3.new(3.99998093, 7.00001144, 0.200000003)
p62.BottomSurface = Enum.SurfaceType.Smooth
p62.TopSurface = Enum.SurfaceType.Smooth
p63 = Instance.new("Part", m9)
p63.BrickColor = BrickColor.new("Dark stone grey")
p63.Material = Enum.Material.Concrete
p63.CFrame = CFrame.new(1.84811401, 33.1420898, 6.01837158, 0.999992847, 0.00285565224, -0.000583000307, -0.00285412814, 0.999992371, 0.00240225764, 0.000589070667, -0.00240059383, 0.999994338)
p63.Anchored = true
p63.FormFactor = Enum.FormFactor.Custom
p63.Size = Vector3.new(4.19999123, 0.200000003, 0.399989128)
p63.BottomSurface = Enum.SurfaceType.Smooth
p63.TopSurface = Enum.SurfaceType.Smooth
p64 = Instance.new("Part", m9)
p64.BrickColor = BrickColor.new("Dark stone grey")
p64.Material = Enum.Material.Concrete
p64.CFrame = CFrame.new(1.65841675, 36.7425995, 6.00958252, 0.999992847, 0.00285565224, -0.000583000307, -0.00285412814, 0.999992371, 0.00240225764, 0.000589070667, -0.00240059383, 0.999994338)
p64.Anchored = true
p64.FormFactor = Enum.FormFactor.Custom
p64.Size = Vector3.new(4.19998264, 0.200000003, 0.399989128)
p64.BottomSurface = Enum.SurfaceType.Smooth
p64.TopSurface = Enum.SurfaceType.Smooth
p65 = Instance.new("Part", m9)
p65.BrickColor = BrickColor.new("Medium stone grey")
p65.Material = Enum.Material.Concrete
p65.CFrame = CFrame.new(1.76046753, 37.4432068, 5.90802002, 0.999992847, 0.00285565224, -0.000583000307, -0.00285412814, 0.999992371, 0.00240225764, 0.000589070667, -0.00240059383, 0.999994338)
p65.Anchored = true
p65.FormFactor = Enum.FormFactor.Custom
p65.Size = Vector3.new(5.59999895, 1.20000029, 0.599989116)
p65.BottomSurface = Enum.SurfaceType.Smooth
p65.TopSurface = Enum.SurfaceType.Smooth
p66 = Instance.new("Part", m9)
p66.BrickColor = BrickColor.new("Dark stone grey")
p66.Material = Enum.Material.Concrete
p66.CFrame = CFrame.new(-0.351867676, 33.1483307, 6.01708984, 0.999992847, 0.00285565224, -0.000583000307, -0.00285412814, 0.999992371, 0.00240225764, 0.000589070667, -0.00240059383, 0.999994338)
p66.Anchored = true
p66.FormFactor = Enum.FormFactor.Custom
p66.Size = Vector3.new(0.200000003, 7.40000582, 0.399989128)
p66.BottomSurface = Enum.SurfaceType.Smooth
p66.TopSurface = Enum.SurfaceType.Smooth
p67 = Instance.new("Part", m9)
p67.BrickColor = BrickColor.new("Medium stone grey")
p67.Material = Enum.Material.Concrete
p67.CFrame = CFrame.new(-0.751800537, 33.1492462, 5.91693115, 0.999992847, 0.00285565224, -0.000583000307, -0.00285412814, 0.999992371, 0.00240225764, 0.000589070667, -0.00240059383, 0.999994338)
p67.Anchored = true
p67.FormFactor = Enum.FormFactor.Custom
p67.Size = Vector3.new(0.600000024, 7.39999962, 0.599989116)
p67.BottomSurface = Enum.SurfaceType.Smooth
p67.TopSurface = Enum.SurfaceType.Smooth
p68 = Instance.new("Part", m9)
p68.BrickColor = BrickColor.new("Dark stone grey")
p68.Material = Enum.Material.Concrete
p68.CFrame = CFrame.new(3.84835815, 33.2363739, 6.01934814, 0.999992847, 0.00285565224, -0.000583000307, -0.00285412814, 0.999992371, 0.00240225764, 0.000589070667, -0.00240059383, 0.999994338)
p68.Anchored = true
p68.FormFactor = Enum.FormFactor.Custom
p68.Size = Vector3.new(0.200000003, 7.1999979, 0.399989128)
p68.BottomSurface = Enum.SurfaceType.Smooth
p68.TopSurface = Enum.SurfaceType.Smooth
p69 = Instance.new("Part", m9)
p69.BrickColor = BrickColor.new("Medium stone grey")
p69.Material = Enum.Material.Concrete
