--[[Clock by grgrgry21.
             A
          A     A
         A   C   A
          A     A
             A
507267777
--]]


wait(0.016666666666667)

script.Name = "k"
local Player = game.Players.LocalPlayer
local Character = Player.Character
	local Humanoid = Character.Humanoid
	local Effects = {}
	local hobb = 0
		local hobb2 = 0
		ShootEffects = {}
	local mouse = Player:GetMouse()
	--[[local m = Instance.new("Model", Character)
	m.Name = "WeaponModel"]]
	local effect = Instance.new("Model", Character)
	effect.Name = "hb"
	local cf = CFrame.new
	local it = Instance.new
       vt = Vector3.new
	local LeftArm = Character["Left Arm"]
	local RightArm = Character["Right Arm"]
	local LeftLeg = Character["Left Leg"]
	local RightLeg = Character["Right Leg"]
	local Head = Character.Head
	local Torso = Character.Torso
	local Lighting = game.Lighting
	local cam = game.Workspace.CurrentCamera
	local RootPart = Character.HumanoidRootPart
	local RootJoint = RootPart.RootJoint
	local equipped = false
	local attack = false
	local Anim = "Idle"
	local idle = 0
	local attacktype = 1
	local Torsovelocity = (RootPart.Velocity * Vector3.new(1, 0, 1)).magnitude
	local velocity = RootPart.Velocity.y
	local sine = 0
	local change = 1

	local ZAWARUDO = false
	local grabbed = false
	local cn = CFrame.new
	local mr = math.rad
	local angles = CFrame.Angles
	local ud = UDim2.new
	local c3 = Color3.new
	Humanoid.Animator.Parent = nil
	Character.Animate.Parent = nil
	local newMotor = function(part0, part1, c0, c1)
	
	local w = Instance.new("Motor", part0)
	w.Part0 = part0
	w.Part1 = part1
	w.C0 = c0
	w.C1 = c1
	return w
end
aaa = Instance.new("Sound",Character) -- due le sound remov b
aaa.Volume = 2
aaa.PlaybackSpeed = 1
aaa.SoundId = "rbxassetid://316900066"
aaa:Stop()
aaa.Name = "ay"

	clerp = function(a, b, t)
	
	return a:lerp(b, t)
	end
	local CC1 = Instance.new("ColorCorrectionEffect",Lighting)
CC1.Saturation = -1
CC1.Enabled = false
local CC2 = Instance.new("ColorCorrectionEffect",Lighting)
CC2.Brightness = 1
CC2.Enabled = false
coroutine.wrap(function()
		while true and wait(.5) do 
	if CC1.Parent == nil then
CC1 = Instance.new("ColorCorrectionEffect",Lighting)
CC1.Saturation = -1
CC1.Enabled = false
elseif CC2.Parent == nil then
CC2 = Instance.new("ColorCorrectionEffect",Lighting)
CC2.Brightness = 1
CC2.Enabled = false
end
		end
		end)()


	RootCF = CFrame.fromEulerAnglesXYZ(-1.57, 0, 3.14)
	NeckCF = CFrame.new(0, 1, 0, -1, 0, 0, 0, 0, 1, 0, 1, 0)
	local RW = newMotor(Torso, RightArm, CFrame.new(1.5, 0, 0), CFrame.new(0, 0, 0))
	local LW = newMotor(Torso, LeftArm, CFrame.new(-1.5, 0, 0), CFrame.new(0, 0, 0))
	local RH = newMotor(Torso, RightLeg, CFrame.new(0.5, -2, 0), CFrame.new(0, 0, 0))
	local LH = newMotor(Torso, LeftLeg, CFrame.new(-0.5, -2, 0), CFrame.new(0, 0, 0))
	RootJoint.C1 = CFrame.new(0, 0, 0)
	RootJoint.C0 = CFrame.new(0, 0, 0)
	Torso.Neck.C1 = CFrame.new(0, 0, 0)
	Torso.Neck.C0 = CFrame.new(0, 1.5, 0)
	local rarmc1 = RW.C1
	local larmc1 = LW.C1
	local rlegc1 = RH.C1
	local llegc1 = LH.C1

	local resetc1 = false
	PlayAnimationFromTable = function(table, speed, bool)
	
	RootJoint.C0 = clerp(RootJoint.C0, table[1], speed)
	Torso.Neck.C0 = clerp(Torso.Neck.C0, table[2], speed)
	RW.C0 = clerp(RW.C0, table[3], speed)
	LW.C0 = clerp(LW.C0, table[4], speed)
	RH.C0 = clerp(RH.C0, table[5], speed)
	LH.C0 = clerp(LH.C0, table[6], speed)
	if bool == true and resetc1 == false then
		resetc1 = true
		RootJoint.C1 = RootJoint.C1
		Torso.Neck.C1 = Torso.Neck.C1
		RW.C1 = rarmc1
		LW.C1 = larmc1
		RH.C1 = rlegc1
		LH.C1 = llegc1
		
	end
	end


	local co1 = 15
	local co2 = 8
	local co3 = 20
	local co4 = 32
	local cooldown1 = 0
	local cooldown2 = 0
	local cooldown3 = 0
	local cooldown4 = 0
	local skillcolorscheme = BrickColor.new("Pastel light blue").Color
	local scrn = Instance.new("ScreenGui", Player.PlayerGui)
	makeframe = function(par, trans, pos, size, color)
	
	local frame = Instance.new("Frame", par)
	frame.BackgroundTransparency = trans
	frame.BorderSizePixel = 0
	frame.Position = pos
	frame.Size = size
	frame.BackgroundColor3 = color
	return frame
end

	makelabel = function(par, text)
	
	local label = Instance.new("TextLabel", par)
	label.BackgroundTransparency = 1
	label.Size = UDim2.new(1, 0, 1, 0)
	label.Position = UDim2.new(0, 0, 0, 0)
	label.TextColor3 = Color3.new(255, 250, 190)
	label.TextStrokeTransparency = 0
	label.FontSize = Enum.FontSize.Size32
	label.Font = Enum.Font.SourceSansLight
	label.BorderSizePixel = 0
	label.TextScaled = true
	label.Text = text
end

	framesk1 = makeframe(scrn, 0.5, UDim2.new(0.8, 0, 0.85, 0), UDim2.new(0.16, 0, 0.1, 0), skillcolorscheme)
	framesk2 = makeframe(scrn, 0.5, UDim2.new(0.8, 0, 0.74, 0), UDim2.new(0.16, 0, 0.1, 0), skillcolorscheme)
	framesk3 = makeframe(scrn, 0.5, UDim2.new(0.8, 0, 0.63, 0), UDim2.new(0.16, 0, 0.1, 0), skillcolorscheme)
	framesk4 = makeframe(scrn, 0.5, UDim2.new(0.8, 0, 0.52, 0), UDim2.new(0.16, 0, 0.1, 0), skillcolorscheme)
	bar1 = makeframe(framesk1, 0, UDim2.new(0, 0, 0, 0), UDim2.new(1, 0, 1, 0), skillcolorscheme)
	bar2 = makeframe(framesk2, 0, UDim2.new(0, 0, 0, 0), UDim2.new(1, 0, 1, 0), skillcolorscheme)
	bar3 = makeframe(framesk3, 0, UDim2.new(0, 0, 0, 0), UDim2.new(1, 0, 1, 0), skillcolorscheme)
	bar4 = makeframe(framesk4, 0, UDim2.new(0, 0, 0, 0), UDim2.new(1, 0, 1, 0), skillcolorscheme)
	text1 = Instance.new("TextLabel", framesk1)
	text1.BackgroundTransparency = 1
	text1.Size = UDim2.new(1, 0, 1, 0)
	text1.Position = UDim2.new(0, 0, 0, 0)
	text1.TextColor3 = Color3.new(255, 250, 190)
	text1.TextStrokeTransparency = 0
	text1.FontSize = Enum.FontSize.Size18
	text1.Font = Enum.Font.SourceSansLight
	text1.BorderSizePixel = 0
	text1.TextScaled = true
	text1.Text = "[Z]\n Time Boost"
	text2 = Instance.new("TextLabel", framesk2)
	text2.BackgroundTransparency = 1
	text2.Size = UDim2.new(1, 0, 1, 0)
	text2.Position = UDim2.new(0, 0, 0, 0)
	text2.TextColor3 = Color3.new(255, 250, 190)
	text2.TextStrokeTransparency = 0
	text2.FontSize = Enum.FontSize.Size18
	text2.Font = Enum.Font.SourceSansLight
	text2.BorderSizePixel = 0
	text2.TextScaled = true
	text2.Text = "[X]\n Temporal Bullet"
	text3 = Instance.new("TextLabel", framesk3)
	text3.BackgroundTransparency = 1
	text3.Size = UDim2.new(1, 0, 1, 0)
	text3.Position = UDim2.new(0, 0, 0, 0)
	text3.TextColor3 = Color3.new(255, 250, 190)
	text3.TextStrokeTransparency = 0
	text3.FontSize = Enum.FontSize.Size18
	text3.Font = Enum.Font.SourceSansLight
	text3.BorderSizePixel = 0
	text3.TextScaled = false
	text3.Text = "[C]\n Chrono Field"
	text4 = Instance.new("TextLabel", framesk4)
	text4.BackgroundTransparency = 1
	text4.Size = UDim2.new(1, 0, 1, 0)
	text4.Position = UDim2.new(0, 0, 0, 0)
	text4.TextColor3 = Color3.new(255, 250, 190)
	text4.TextStrokeTransparency = 0
	text4.FontSize = Enum.FontSize.Size18
	text4.Font = Enum.Font.SourceSansLight
	text4.BorderSizePixel = 0
	text4.TextScaled = true
	text4.Text = "[V]\n ZA WARUDO"
	ArtificialHB = Instance.new("BindableEvent", Player.PlayerGui)
	ArtificialHB.Name = "Heartbeat"
	Player.PlayerGui:WaitForChild("Heartbeat")
	frame = 0.033333333333333
	tf = 0
	allowframeloss = false
	tossremainder = false
	lastframe = tick()
	Player.PlayerGui.Heartbeat:Fire()
	local gg = false
	game:GetService("RunService").Heartbeat:connect(function(s, p)
	
	if Player.PlayerGui:FindFirstChild("Heartbeat") == nil then
		gg = true
	end
	if gg == true then
		return 
	end
	tf = tf + s
	if frame <= tf then
		if allowframeloss then
			Player.PlayerGui.Heartbeat:Fire()
			lastframe = tick()
		else
			for i = 1, math.floor(tf / frame) do
				Player.PlayerGui.Heartbeat:Fire()
			end
			lastframe = tick()
		end
		if tossremainder then
			tf = 0
		else
			tf = tf - frame * math.floor(tf / frame)
		end
	end
end
)
	swait = function(num)
	
	if num == 0 or num == nil then
		ArtificialHB.Event:wait()
	else
		for i = 0, num do
			ArtificialHB.Event:wait()
		end
	end
end

	local RbxUtility = LoadLibrary("RbxUtility")
	local Create = RbxUtility.Create
	RemoveOutlines = function(part)
	
	part.TopSurface = 10
end

	CreatePart = function(Parent, Material, Reflectance, Transparency, BColor, Name, Size)
	
	local Part = Create("Part")({Parent = Parent, Reflectance = Reflectance, Transparency = Transparency, CanCollide = false, Locked = true, BrickColor = BrickColor.new(tostring(BColor)), Name = Name, Size = Size, Material = Material})
	RemoveOutlines(Part)
	return Part
end

	CreateMesh = function(Mesh, Part, MeshType, MeshId, OffSet, Scale)
	
	local Msh = Create(Mesh)({Parent = Part, Offset = OffSet, Scale = Scale})
	if Mesh == "SpecialMesh" then
		Msh.MeshType = MeshType
		Msh.MeshId = MeshId
	end
	return Msh
end

	CreateWeld = function(Parent, Part0, Part1, C0, C1)
	
	local Weld = Create("Weld")({Parent = Parent, Part0 = Part0, Part1 = Part1, C0 = C0, C1 = C1})
	return Weld
end

	CFuncs = {
Part = {Create = function(Parent, Material, Reflectance, Transparency, BColor, Name, Size)
	
	local Part = Create("Part")({Parent = Parent, Reflectance = Reflectance, Transparency = Transparency, CanCollide = false, Locked = true, BrickColor = BrickColor.new(tostring(BColor)), Name = Name, Size = Size, Material = Material})
	RemoveOutlines(Part)
	return Part
end
}
, 
Mesh = {Create = function(Mesh, Part, MeshType, MeshId, OffSet, Scale)
	
	local Msh = Create(Mesh)({Parent = Part, Offset = OffSet, Scale = Scale})
	if Mesh == "SpecialMesh" then
		Msh.MeshType = MeshType
		Msh.MeshId = MeshId
	end
	return Msh
end
}
, 
Mesh = {Create = function(Mesh, Part, MeshType, MeshId, OffSet, Scale)
	
	local Msh = Create(Mesh)({Parent = Part, Offset = OffSet, Scale = Scale})
	if Mesh == "SpecialMesh" then
		Msh.MeshType = MeshType
		Msh.MeshId = MeshId
	end
	return Msh
end
}
, 
Weld = {Create = function(Parent, Part0, Part1, C0, C1)
	
	local Weld = Create("Weld")({Parent = Parent, Part0 = Part0, Part1 = Part1, C0 = C0, C1 = C1})
	return Weld
end
}
, 
Sound = {Create = function(id, par, vol, pit)
	
	coroutine.resume(coroutine.create(function()
		
		local S = Create("Sound")({Volume = vol, Pitch = pit or 1, SoundId = id, Parent = par or workspace})
		wait()
		S:play()
		game:GetService("Debris"):AddItem(S, 6)
	end
))
end
}
, 
ParticleEmitter = {Create = function(Parent, Color1, Color2, LightEmission, Size, Texture, Transparency, ZOffset, Accel, Drag, LockedToPart, VelocityInheritance, EmissionDirection, Enabled, LifeTime, Rate, Rotation, RotSpeed, Speed, VelocitySpread)
	
	local fp = Create("ParticleEmitter")({Parent = Parent, Color = ColorSequence.new(Color1, Color2), LightEmission = LightEmission, Size = Size, Texture = Texture, Transparency = Transparency, ZOffset = ZOffset, Acceleration = Accel, Drag = Drag, LockedToPart = LockedToPart, VelocityInheritance = VelocityInheritance, EmissionDirection = EmissionDirection, Enabled = Enabled, Lifetime = LifeTime, Rate = Rate, Rotation = Rotation, RotSpeed = RotSpeed, Speed = Speed, VelocitySpread = VelocitySpread})
	return fp
end
}
}
	rayCast = function(Position, Direction, Range, Ignore)
	
	return game:service("Workspace"):FindPartOnRay(Ray.new(Position, Direction.unit * (Range or 999.999)), Ignore)
end

	local GetNearest = function(obj, distance)
	
	local last, lastx = distance + 1, nil
	for i,v in pairs(workspace:GetChildren()) do
		if v:IsA("Model") and v ~= Character and v:findFirstChild("Humanoid") and v:findFirstChild("Torso") and v:findFirstChild("Humanoid").Health > 0 then
			local t = v.Torso
			local dist = (t.Position - obj.Position).magnitude
			if dist <= distance and dist < last then
				last = dist
				lastx = v
			end
		end
	end
	return lastx
	end
	BreakEffect = function(brickcolor, cframe, x1, y1, z1)
  local prt = CreatePart(effect, "SmoothPlastic", 0, 0, brickcolor, "Effect", Vector3.new(0.5, 0.5, 0.5))
  prt.Anchored = true
  prt.CFrame = cframe * CFrame.fromEulerAnglesXYZ(math.random(-50, 50), math.random(-50, 50), math.random(-50, 50))
  local msh = CreateMesh("SpecialMesh", prt, "Sphere", "", Vector3.new(0, 0, 0), Vector3.new(x1, y1, z1))
  local num = math.random(10, 50) / 1000
  game:GetService("Debris"):AddItem(prt, 10)
  table.insert(Effects, {prt, "Shatter", num, prt.CFrame, math.random() - math.random(), 0, math.random(50, 100) / 100})
end
------------------

New = function(Object, Parent, Name, Data)
	local Object = Instance.new(Object)
	for Index, Value in pairs(Data or {}) do
		Object[Index] = Value
	end
	Object.Parent = Parent
	Object.Name = Name
	return Object
end

fff1 = New("Model",Character,"fff1",{})
d1 = New("Part",fff1,"d1",{Transparency = 1,BrickColor = BrickColor.new("Pastel light blue"),Material = Enum.Material.Marble,FormFactor = Enum.FormFactor.Custom,Size = Vector3.new(0.200000003, 0.600000024, 0.200000003),CFrame = CFrame.new(21.4104996, 13.1000175, 49.3994942, -4.37113883e-008, -1, 4.37113883e-008, -4.37113918e-008, -4.37113847e-008, -1, 1, -4.37113918e-008, -4.37113883e-008),BackSurface = Enum.SurfaceType.SmoothNoOutlines,BottomSurface = Enum.SurfaceType.SmoothNoOutlines,FrontSurface = Enum.SurfaceType.SmoothNoOutlines,LeftSurface = Enum.SurfaceType.SmoothNoOutlines,RightSurface = Enum.SurfaceType.SmoothNoOutlines,TopSurface = Enum.SurfaceType.SmoothNoOutlines,Color = Color3.new(0.686275, 0.866667, 1),})
Mesh = New("CylinderMesh",d1,"Mesh",{Scale = Vector3.new(1.29999995, 1.00999999, 1.29999995),})

asda1 = Instance.new("Weld",d1) 
asda1.Part0 = asda1.Parent 
asda1.Part1 = RootPart
asda1.C0 = CFrame.new(1.6,-2,0)*CFrame.Angles(-math.rad(90),0,math.rad(90))--math.rad(90)
--^ main
m = New("Model",Character,"m",{})
ref1 = New("Part",m,"ref1",{BrickColor = BrickColor.new("Navy blue"),Material = Enum.Material.Neon,Transparency = 1,Transparency = 1,FormFactor = Enum.FormFactor.Custom,Size = Vector3.new(0.200000003, 0.200000003, 0.200000003),CFrame = CFrame.new(21.6004982, 13.1000061, 49.3995209, 0, 1, 8.21014128e-015, -1, 0, 0, 0, 8.21014128e-015, 1),BackSurface = Enum.SurfaceType.SmoothNoOutlines,BottomSurface = Enum.SurfaceType.SmoothNoOutlines,FrontSurface = Enum.SurfaceType.SmoothNoOutlines,LeftSurface = Enum.SurfaceType.SmoothNoOutlines,RightSurface = Enum.SurfaceType.SmoothNoOutlines,TopSurface = Enum.SurfaceType.SmoothNoOutlines,Color = Color3.new(0, 0.12549, 0.376471),})

asda2 = Instance.new("Weld",ref1) 
asda2.Part0 = asda2.Parent 
asda2.Part1 = d1
--asda2.C0 = CFrame.new(1,-1.785,0)*CFrame.Angles(-math.rad(90),0,math.rad(90))
--minute
h = New("Model",Character,"h",{})
ref2 = New("Part",h,"ref2",{BrickColor = BrickColor.new("Navy blue"),Material = Enum.Material.Neon,Transparency = 1,Transparency = 1,FormFactor = Enum.FormFactor.Custom,Size = Vector3.new(0.200000003, 0.200000003, 0.200000003),CFrame = CFrame.new(21.6004982, 13.1000061, 49.3995209, 0, 1, 8.21014128e-015, -1, 0, 0, 0, 8.21014128e-015, 1),BackSurface = Enum.SurfaceType.SmoothNoOutlines,BottomSurface = Enum.SurfaceType.SmoothNoOutlines,FrontSurface = Enum.SurfaceType.SmoothNoOutlines,LeftSurface = Enum.SurfaceType.SmoothNoOutlines,RightSurface = Enum.SurfaceType.SmoothNoOutlines,TopSurface = Enum.SurfaceType.SmoothNoOutlines,Color = Color3.new(0, 0.12549, 0.376471),})

asda3 = Instance.new("Weld",ref2) 
asda3.Part0 = asda3.Parent 
asda3.Part1 = d1
--asda3.C0 = CFrame.new(1,-1.785,0)*CFrame.Angles(-math.rad(90),0,math.rad(90))
--hour
s1 = New("Model",Character,"s1",{})
ref3 = New("Part",s1,"ref3",{BrickColor = BrickColor.new("Navy blue"),Material = Enum.Material.Neon,Transparency = 1,Transparency = 1,FormFactor = Enum.FormFactor.Custom,Size = Vector3.new(0.200000003, 0.200000003, 0.200000003),CFrame = CFrame.new(21.6004982, 13.1000061, 49.3995209, 0, 1, 1.64202821e-015, -1, 0, 0, 0, 1.64202832e-015, 1),BackSurface = Enum.SurfaceType.SmoothNoOutlines,BottomSurface = Enum.SurfaceType.SmoothNoOutlines,FrontSurface = Enum.SurfaceType.SmoothNoOutlines,LeftSurface = Enum.SurfaceType.SmoothNoOutlines,RightSurface = Enum.SurfaceType.SmoothNoOutlines,TopSurface = Enum.SurfaceType.SmoothNoOutlines,Color = Color3.new(0, 0.12549, 0.376471),})

asda4 = Instance.new("Weld",ref3) 
asda4.Part0 = asda4.Parent 
asda4.Part1 = d1
--asda4.C0 = CFrame.new(1,-2.2,0)*CFrame.Angles(-math.rad(90),0,math.rad(90))

--sinstuff

s2 = New("Model",Character,"s2",{})
ref4 = New("Part",s2,"ref4",{BrickColor = BrickColor.new("Navy blue"),Material = Enum.Material.Neon,Transparency = 1,Transparency = 1,FormFactor = Enum.FormFactor.Custom,Size = Vector3.new(0.200000003, 0.200000003, 0.200000003),CFrame = CFrame.new(21.6004982, 13.1000061, 49.3995209, 0, 1, 1.64202821e-015, -1.00000024, 0, 0, 0, 1.64202853e-015, 1.00000024),BackSurface = Enum.SurfaceType.SmoothNoOutlines,BottomSurface = Enum.SurfaceType.SmoothNoOutlines,FrontSurface = Enum.SurfaceType.SmoothNoOutlines,LeftSurface = Enum.SurfaceType.SmoothNoOutlines,RightSurface = Enum.SurfaceType.SmoothNoOutlines,TopSurface = Enum.SurfaceType.SmoothNoOutlines,Color = Color3.new(0, 0.12549, 0.376471),})

asda5 = Instance.new("Weld",ref4) 
asda5.Part0 = asda5.Parent 
asda5.Part1 = d1 --RootJoint
--asda5.C0 = CFrame.new(1,-2.2,0)*CFrame.Angles(-math.rad(90),0,math.rad(90))

--sinstuff2
r = New("Part",s2,"r",{BrickColor = BrickColor.new("New Yeller"),Material = Enum.Material.Neon,FormFactor = Enum.FormFactor.Custom,Size = Vector3.new(0.200000003, 0.200000003, 0.200000003),CFrame = CFrame.new(21.4004974, 9.70000458, 49.3995209, 0, 1, 4.92608443e-015, -1.00000024, 0, 0, 0, 4.9260857e-015, 1.00000024),BackSurface = Enum.SurfaceType.SmoothNoOutlines,BottomSurface = Enum.SurfaceType.SmoothNoOutlines,FrontSurface = Enum.SurfaceType.SmoothNoOutlines,LeftSurface = Enum.SurfaceType.SmoothNoOutlines,RightSurface = Enum.SurfaceType.SmoothNoOutlines,TopSurface = Enum.SurfaceType.SmoothNoOutlines,Color = Color3.new(1, 1, 0),})
Mesh = New("BlockMesh",r,"Mesh",{Scale = Vector3.new(0.400000006, 0.699999988, 4.5),})
mot = New("Motor",r,"mot",{Part0 = r,Part1 = ref4,C0 = CFrame.new(0, 0, 0, 0, -1, 0, 1, 0, 1.64202821e-015, 1.64202821e-015, 0, 1),C1 = CFrame.new(3.40000057, -0.200000763, 0, 0, -1, 0, 1, 0, 1.64202821e-015, 1.64202821e-015, 0, 1),})
r = New("Part",s2,"r",{BrickColor = BrickColor.new("New Yeller"),Material = Enum.Material.Neon,FormFactor = Enum.FormFactor.Custom,Size = Vector3.new(0.200000003, 0.200000003, 0.200000003),CFrame = CFrame.new(21.4004974, 16.5000076, 49.3995209, 0, 1, 4.92608443e-015, -1.00000024, 0, 0, 0, 4.9260857e-015, 1.00000024),BackSurface = Enum.SurfaceType.SmoothNoOutlines,BottomSurface = Enum.SurfaceType.SmoothNoOutlines,FrontSurface = Enum.SurfaceType.SmoothNoOutlines,LeftSurface = Enum.SurfaceType.SmoothNoOutlines,RightSurface = Enum.SurfaceType.SmoothNoOutlines,TopSurface = Enum.SurfaceType.SmoothNoOutlines,Color = Color3.new(1, 1, 0),})
Mesh = New("BlockMesh",r,"Mesh",{Scale = Vector3.new(0.400000006, 0.699999988, 4.5),})
mot = New("Motor",r,"mot",{Part0 = r,Part1 = ref4,C0 = CFrame.new(0, 0, 0, 0, -1, 0, 1, 0, 1.64202821e-015, 1.64202821e-015, 0, 1),C1 = CFrame.new(-3.40000153, -0.200000763, 0, 0, -1, 0, 1, 0, 1.64202821e-015, 1.64202821e-015, 0, 1),})
r = New("Part",s2,"r",{BrickColor = BrickColor.new("New Yeller"),Material = Enum.Material.Neon,FormFactor = Enum.FormFactor.Custom,Size = Vector3.new(0.200000003, 0.200000003, 0.200000003),CFrame = CFrame.new(21.4004974, 13.1000061, 45.999527, -3.28405643e-015, 1, 0, -0, 0, -1.00000024, -1.00000024, 3.28405727e-015, 0),BackSurface = Enum.SurfaceType.SmoothNoOutlines,BottomSurface = Enum.SurfaceType.SmoothNoOutlines,FrontSurface = Enum.SurfaceType.SmoothNoOutlines,LeftSurface = Enum.SurfaceType.SmoothNoOutlines,RightSurface = Enum.SurfaceType.SmoothNoOutlines,TopSurface = Enum.SurfaceType.SmoothNoOutlines,Color = Color3.new(1, 1, 0),})
Mesh = New("BlockMesh",r,"Mesh",{Scale = Vector3.new(0.400000006, 0.699999988, 4.5),})
mot = New("Motor",r,"mot",{Part0 = r,Part1 = ref4,C0 = CFrame.new(0, 0, 0, 0, 0, -1, 1, 0, 0, 0, -1, 0),C1 = CFrame.new(0, -0.200000763, -3.3999939, 0, -1, 0, 1, 0, 1.64202821e-015, 1.64202821e-015, 0, 1),})
r = New("Part",s2,"r",{BrickColor = BrickColor.new("New Yeller"),Material = Enum.Material.Neon,FormFactor = Enum.FormFactor.Custom,Size = Vector3.new(0.200000003, 0.200000003, 0.200000003),CFrame = CFrame.new(21.4004974, 13.1000061, 52.7995224, -3.28405643e-015, 1, 0, -0, 0, -1.00000024, -1.00000024, 3.28405727e-015, 0),BackSurface = Enum.SurfaceType.SmoothNoOutlines,BottomSurface = Enum.SurfaceType.SmoothNoOutlines,FrontSurface = Enum.SurfaceType.SmoothNoOutlines,LeftSurface = Enum.SurfaceType.SmoothNoOutlines,RightSurface = Enum.SurfaceType.SmoothNoOutlines,TopSurface = Enum.SurfaceType.SmoothNoOutlines,Color = Color3.new(1, 1, 0),})
Mesh = New("BlockMesh",r,"Mesh",{Scale = Vector3.new(0.400000006, 0.699999988, 4.5),})
mot = New("Motor",r,"mot",{Part0 = r,Part1 = ref4,C0 = CFrame.new(0, 0, 0, 0, 0, -1, 1, 0, 0, 0, -1, 0),C1 = CFrame.new(0, -0.200000763, 3.40000153, 0, -1, 0, 1, 0, 1.64202821e-015, 1.64202821e-015, 0, 1),})
r = New("Part",s2,"r",{BrickColor = BrickColor.new("New Yeller"),Material = Enum.Material.Neon,FormFactor = Enum.FormFactor.Custom,Size = Vector3.new(0.200000003, 0.200000003, 0.200000003),CFrame = CFrame.new(21.4004974, 10.6958447, 51.803688, -2.32217873e-015, 1, -2.32217873e-015, 0.707107008, 0, -0.707107008, -0.707107008, 3.28405727e-015, -0.707107008),BackSurface = Enum.SurfaceType.SmoothNoOutlines,BottomSurface = Enum.SurfaceType.SmoothNoOutlines,FrontSurface = Enum.SurfaceType.SmoothNoOutlines,LeftSurface = Enum.SurfaceType.SmoothNoOutlines,RightSurface = Enum.SurfaceType.SmoothNoOutlines,TopSurface = Enum.SurfaceType.SmoothNoOutlines,Color = Color3.new(1, 1, 0),})
Mesh = New("BlockMesh",r,"Mesh",{Scale = Vector3.new(0.400000006, 0.699999988, 4.5),})
mot = New("Motor",r,"mot",{Part0 = r,Part1 = ref4,C0 = CFrame.new(0, 0, 0, 0, 0.707106829, -0.707106829, 1, 0, 0, 0, -0.707106829, -0.707106829),C1 = CFrame.new(2.4041605, -0.200000763, 2.40416718, 0, -1, 0, 1, 0, 1.64202821e-015, 1.64202821e-015, 0, 1),})
r = New("Part",s2,"r",{BrickColor = BrickColor.new("New Yeller"),Material = Enum.Material.Neon,FormFactor = Enum.FormFactor.Custom,Size = Vector3.new(0.200000003, 0.200000003, 0.200000003),CFrame = CFrame.new(21.4004974, 15.5041714, 51.803688, -2.32217873e-015, 1, 2.32217873e-015, -0.707107008, 0, -0.707107008, -0.707107008, 3.28405727e-015, 0.707107008),BackSurface = Enum.SurfaceType.SmoothNoOutlines,BottomSurface = Enum.SurfaceType.SmoothNoOutlines,FrontSurface = Enum.SurfaceType.SmoothNoOutlines,LeftSurface = Enum.SurfaceType.SmoothNoOutlines,RightSurface = Enum.SurfaceType.SmoothNoOutlines,TopSurface = Enum.SurfaceType.SmoothNoOutlines,Color = Color3.new(1, 1, 0),})
Mesh = New("BlockMesh",r,"Mesh",{Scale = Vector3.new(0.400000006, 0.699999988, 4.5),})
mot = New("Motor",r,"mot",{Part0 = r,Part1 = ref4,C0 = CFrame.new(0, 0, 0, 0, -0.707106829, -0.707106829, 1, 0, 0, 0, -0.707106829, 0.707106829),C1 = CFrame.new(-2.40416431, -0.200000763, 2.40416718, 0, -1, 0, 1, 0, 1.64202821e-015, 1.64202821e-015, 0, 1),})
r = New("Part",s2,"r",{BrickColor = BrickColor.new("New Yeller"),Material = Enum.Material.Neon,FormFactor = Enum.FormFactor.Custom,Size = Vector3.new(0.200000003, 0.200000003, 0.200000003),CFrame = CFrame.new(21.4004974, 15.5041676, 46.995369, -2.32217873e-015, 1, -2.32217873e-015, 0.707107008, 0, -0.707107008, -0.707107008, 3.28405727e-015, -0.707107008),BackSurface = Enum.SurfaceType.SmoothNoOutlines,BottomSurface = Enum.SurfaceType.SmoothNoOutlines,FrontSurface = Enum.SurfaceType.SmoothNoOutlines,LeftSurface = Enum.SurfaceType.SmoothNoOutlines,RightSurface = Enum.SurfaceType.SmoothNoOutlines,TopSurface = Enum.SurfaceType.SmoothNoOutlines,Color = Color3.new(1, 1, 0),})
Mesh = New("BlockMesh",r,"Mesh",{Scale = Vector3.new(0.400000006, 0.699999988, 4.5),})
mot = New("Motor",r,"mot",{Part0 = r,Part1 = ref4,C0 = CFrame.new(0, 0, 0, 0, 0.707106829, -0.707106829, 1, 0, 0, 0, -0.707106829, -0.707106829),C1 = CFrame.new(-2.40416145, -0.200000763, -2.40415192, 0, -1, 0, 1, 0, 1.64202821e-015, 1.64202821e-015, 0, 1),})
r = New("Part",s2,"r",{BrickColor = BrickColor.new("New Yeller"),Material = Enum.Material.Neon,FormFactor = Enum.FormFactor.Custom,Size = Vector3.new(0.200000003, 0.200000003, 0.200000003),CFrame = CFrame.new(21.4004974, 10.6958427, 46.9953613, -2.32217873e-015, 1, 2.32217873e-015, -0.707107008, 0, -0.707107008, -0.707107008, 3.28405727e-015, 0.707107008),BackSurface = Enum.SurfaceType.SmoothNoOutlines,BottomSurface = Enum.SurfaceType.SmoothNoOutlines,FrontSurface = Enum.SurfaceType.SmoothNoOutlines,LeftSurface = Enum.SurfaceType.SmoothNoOutlines,RightSurface = Enum.SurfaceType.SmoothNoOutlines,TopSurface = Enum.SurfaceType.SmoothNoOutlines,Color = Color3.new(1, 1, 0),})
Mesh = New("BlockMesh",r,"Mesh",{Scale = Vector3.new(0.400000006, 0.699999988, 4.5),})
mot = New("Motor",r,"mot",{Part0 = r,Part1 = ref4,C0 = CFrame.new(0, 0, 0, 0, -0.707106829, -0.707106829, 1, 0, 0, 0, -0.707106829, 0.707106829),C1 = CFrame.new(2.40416241, -0.200000763, -2.40415955, 0, -1, 0, 1, 0, 1.64202821e-015, 1.64202821e-015, 0, 1),})
r = New("Part",s2,"r",{BrickColor = BrickColor.new("New Yeller"),Material = Enum.Material.Neon,FormFactor = Enum.FormFactor.Custom,Size = Vector3.new(0.200000003, 0.200000003, 0.200000003),CFrame = CFrame.new(21.4004974, 16.3841534, 50.2795067, -8.49976122e-016, 1, 3.17215512e-015, -0.965926111, 0, -0.258819044, -0.258819044, 3.28405727e-015, 0.965926111),BackSurface = Enum.SurfaceType.SmoothNoOutlines,BottomSurface = Enum.SurfaceType.SmoothNoOutlines,FrontSurface = Enum.SurfaceType.SmoothNoOutlines,LeftSurface = Enum.SurfaceType.SmoothNoOutlines,RightSurface = Enum.SurfaceType.SmoothNoOutlines,TopSurface = Enum.SurfaceType.SmoothNoOutlines,Color = Color3.new(1, 1, 0),})
Mesh = New("BlockMesh",r,"Mesh",{Scale = Vector3.new(0.400000006, 0.699999988, 4.5),})
mot = New("Motor",r,"mot",{Part0 = r,Part1 = ref4,C0 = CFrame.new(0, 0, 0, 0, -0.965925872, -0.258818984, 1, 0, 0, 0, -0.258818984, 0.965925872),C1 = CFrame.new(-3.28414726, -0.200000763, 0.879985809, 0, -1, 0, 1, 0, 1.64202821e-015, 1.64202821e-015, 0, 1),})
r = New("Part",s2,"r",{BrickColor = BrickColor.new("New Yeller"),Material = Enum.Material.Neon,FormFactor = Enum.FormFactor.Custom,Size = Vector3.new(0.200000003, 0.200000003, 0.200000003),CFrame = CFrame.new(21.4004974, 12.2200203, 52.68367, -3.17215512e-015, 1, -8.49976122e-016, 0.258819044, 0, -0.965926111, -0.965926111, 3.28405727e-015, -0.258819044),BackSurface = Enum.SurfaceType.SmoothNoOutlines,BottomSurface = Enum.SurfaceType.SmoothNoOutlines,FrontSurface = Enum.SurfaceType.SmoothNoOutlines,LeftSurface = Enum.SurfaceType.SmoothNoOutlines,RightSurface = Enum.SurfaceType.SmoothNoOutlines,TopSurface = Enum.SurfaceType.SmoothNoOutlines,Color = Color3.new(1, 1, 0),})
Mesh = New("BlockMesh",r,"Mesh",{Scale = Vector3.new(0.400000006, 0.699999988, 4.5),})
mot = New("Motor",r,"mot",{Part0 = r,Part1 = ref4,C0 = CFrame.new(0, 0, 0, 0, 0.258818984, -0.965925872, 1, 0, 0, 0, -0.965925872, -0.258818984),C1 = CFrame.new(0.879985809, -0.200000763, 3.28414917, 0, -1, 0, 1, 0, 1.64202821e-015, 1.64202821e-015, 0, 1),})
r = New("Part",s2,"r",{BrickColor = BrickColor.new("New Yeller"),Material = Enum.Material.Neon,FormFactor = Enum.FormFactor.Custom,Size = Vector3.new(0.200000003, 0.200000003, 0.200000003),CFrame = CFrame.new(21.4004974, 16.0444851, 47.6995316, -1.64202895e-015, 1, -2.84407617e-015, 0.866025567, 0, -0.500000358, -0.500000358, 3.28405727e-015, -0.866025567),BackSurface = Enum.SurfaceType.SmoothNoOutlines,BottomSurface = Enum.SurfaceType.SmoothNoOutlines,FrontSurface = Enum.SurfaceType.SmoothNoOutlines,LeftSurface = Enum.SurfaceType.SmoothNoOutlines,RightSurface = Enum.SurfaceType.SmoothNoOutlines,TopSurface = Enum.SurfaceType.SmoothNoOutlines,Color = Color3.new(1, 1, 0),})
Mesh = New("BlockMesh",r,"Mesh",{Scale = Vector3.new(0.400000006, 0.699999988, 4.5),})
mot = New("Motor",r,"mot",{Part0 = r,Part1 = ref4,C0 = CFrame.new(0, 0, 0, 0, 0.866025388, -0.500000238, 1, 0, 0, 0, -0.500000238, -0.866025388),C1 = CFrame.new(-2.94447899, -0.200000763, -1.69998932, 0, -1, 0, 1, 0, 1.64202821e-015, 1.64202821e-015, 0, 1),})
r = New("Part",s2,"r",{BrickColor = BrickColor.new("New Yeller"),Material = Enum.Material.Neon,FormFactor = Enum.FormFactor.Custom,Size = Vector3.new(0.200000003, 0.200000003, 0.200000003),CFrame = CFrame.new(21.4004974, 11.4000101, 46.45504, -2.84407617e-015, 1, 1.64202895e-015, -0.500000358, 0, -0.866025567, -0.866025567, 3.28405727e-015, 0.500000358),BackSurface = Enum.SurfaceType.SmoothNoOutlines,BottomSurface = Enum.SurfaceType.SmoothNoOutlines,FrontSurface = Enum.SurfaceType.SmoothNoOutlines,LeftSurface = Enum.SurfaceType.SmoothNoOutlines,RightSurface = Enum.SurfaceType.SmoothNoOutlines,TopSurface = Enum.SurfaceType.SmoothNoOutlines,Color = Color3.new(1, 1, 0),})
Mesh = New("BlockMesh",r,"Mesh",{Scale = Vector3.new(0.400000006, 0.699999988, 4.5),})
mot = New("Motor",r,"mot",{Part0 = r,Part1 = ref4,C0 = CFrame.new(0, 0, 0, 0, -0.500000238, -0.866025388, 1, 0, 0, 0, -0.866025388, 0.500000238),C1 = CFrame.new(1.69999599, -0.200000763, -2.9444809, 0, -1, 0, 1, 0, 1.64202821e-015, 1.64202821e-015, 0, 1),})
r = New("Part",s2,"r",{BrickColor = BrickColor.new("New Yeller"),Material = Enum.Material.Neon,FormFactor = Enum.FormFactor.Custom,Size = Vector3.new(0.200000003, 0.200000003, 0.200000003),CFrame = CFrame.new(21.4004974, 14.8000078, 52.3440094, -2.84407617e-015, 1, 1.64202895e-015, -0.500000358, 0, -0.866025567, -0.866025567, 3.28405727e-015, 0.500000358),BackSurface = Enum.SurfaceType.SmoothNoOutlines,BottomSurface = Enum.SurfaceType.SmoothNoOutlines,FrontSurface = Enum.SurfaceType.SmoothNoOutlines,LeftSurface = Enum.SurfaceType.SmoothNoOutlines,RightSurface = Enum.SurfaceType.SmoothNoOutlines,TopSurface = Enum.SurfaceType.SmoothNoOutlines,Color = Color3.new(1, 1, 0),})
Mesh = New("BlockMesh",r,"Mesh",{Scale = Vector3.new(0.400000006, 0.699999988, 4.5),})
mot = New("Motor",r,"mot",{Part0 = r,Part1 = ref4,C0 = CFrame.new(0, 0, 0, 0, -0.500000238, -0.866025388, 1, 0, 0, 0, -0.866025388, 0.500000238),C1 = CFrame.new(-1.70000172, -0.200000763, 2.94448853, 0, -1, 0, 1, 0, 1.64202821e-015, 1.64202821e-015, 0, 1),})
r = New("Part",s2,"r",{BrickColor = BrickColor.new("New Yeller"),Material = Enum.Material.Neon,FormFactor = Enum.FormFactor.Custom,Size = Vector3.new(0.200000003, 0.200000003, 0.200000003),CFrame = CFrame.new(21.4004974, 9.81585693, 48.5195389, -8.49976122e-016, 1, 3.17215512e-015, -0.965926111, 0, -0.258819044, -0.258819044, 3.28405727e-015, 0.965926111),BackSurface = Enum.SurfaceType.SmoothNoOutlines,BottomSurface = Enum.SurfaceType.SmoothNoOutlines,FrontSurface = Enum.SurfaceType.SmoothNoOutlines,LeftSurface = Enum.SurfaceType.SmoothNoOutlines,RightSurface = Enum.SurfaceType.SmoothNoOutlines,TopSurface = Enum.SurfaceType.SmoothNoOutlines,Color = Color3.new(1, 1, 0),})
Mesh = New("BlockMesh",r,"Mesh",{Scale = Vector3.new(0.400000006, 0.699999988, 4.5),})
mot = New("Motor",r,"mot",{Part0 = r,Part1 = ref4,C0 = CFrame.new(0, 0, 0, 0, -0.965925872, -0.258818984, 1, 0, 0, 0, -0.258818984, 0.965925872),C1 = CFrame.new(3.28414822, -0.200000763, -0.879981995, 0, -1, 0, 1, 0, 1.64202821e-015, 1.64202821e-015, 0, 1),})
r = New("Part",s2,"r",{BrickColor = BrickColor.new("New Yeller"),Material = Enum.Material.Neon,FormFactor = Enum.FormFactor.Custom,Size = Vector3.new(0.200000003, 0.200000003, 0.200000003),CFrame = CFrame.new(21.4004974, 13.97999, 46.1153793, -3.17215512e-015, 1, -8.49976122e-016, 0.258819044, 0, -0.965926111, -0.965926111, 3.28405727e-015, -0.258819044),BackSurface = Enum.SurfaceType.SmoothNoOutlines,BottomSurface = Enum.SurfaceType.SmoothNoOutlines,FrontSurface = Enum.SurfaceType.SmoothNoOutlines,LeftSurface = Enum.SurfaceType.SmoothNoOutlines,RightSurface = Enum.SurfaceType.SmoothNoOutlines,TopSurface = Enum.SurfaceType.SmoothNoOutlines,Color = Color3.new(1, 1, 0),})
Mesh = New("BlockMesh",r,"Mesh",{Scale = Vector3.new(0.400000006, 0.699999988, 4.5),})
mot = New("Motor",r,"mot",{Part0 = r,Part1 = ref4,C0 = CFrame.new(0, 0, 0, 0, 0.258818984, -0.965925872, 1, 0, 0, 0, -0.965925872, -0.258818984),C1 = CFrame.new(-0.879983902, -0.200000763, -3.28414154, 0, -1, 0, 1, 0, 1.64202821e-015, 1.64202821e-015, 0, 1),})
r = New("Part",s2,"r",{BrickColor = BrickColor.new("New Yeller"),Material = Enum.Material.Neon,FormFactor = Enum.FormFactor.Custom,Size = Vector3.new(0.200000003, 0.200000003, 0.200000003),CFrame = CFrame.new(21.4004974, 10.1555214, 51.0995255, -1.64202895e-015, 1, -2.84407617e-015, 0.866025567, 0, -0.500000358, -0.500000358, 3.28405727e-015, -0.866025567),BackSurface = Enum.SurfaceType.SmoothNoOutlines,BottomSurface = Enum.SurfaceType.SmoothNoOutlines,FrontSurface = Enum.SurfaceType.SmoothNoOutlines,LeftSurface = Enum.SurfaceType.SmoothNoOutlines,RightSurface = Enum.SurfaceType.SmoothNoOutlines,TopSurface = Enum.SurfaceType.SmoothNoOutlines,Color = Color3.new(1, 1, 0),})
Mesh = New("BlockMesh",r,"Mesh",{Scale = Vector3.new(0.400000006, 0.699999988, 4.5),})
mot = New("Motor",r,"mot",{Part0 = r,Part1 = ref4,C0 = CFrame.new(0, 0, 0, 0, 0.866025388, -0.500000238, 1, 0, 0, 0, -0.500000238, -0.866025388),C1 = CFrame.new(2.94448376, -0.200000763, 1.70000458, 0, -1, 0, 1, 0, 1.64202821e-015, 1.64202821e-015, 0, 1),})
r = New("Part",s2,"r",{BrickColor = BrickColor.new("New Yeller"),Material = Enum.Material.Neon,FormFactor = Enum.FormFactor.Custom,Size = Vector3.new(0.200000003, 0.200000003, 0.200000003),CFrame = CFrame.new(21.4004974, 11.4000101, 52.3440094, -2.84407617e-015, 1, -1.64202895e-015, 0.500000358, 0, -0.866025567, -0.866025567, 3.28405727e-015, -0.500000358),BackSurface = Enum.SurfaceType.SmoothNoOutlines,BottomSurface = Enum.SurfaceType.SmoothNoOutlines,FrontSurface = Enum.SurfaceType.SmoothNoOutlines,LeftSurface = Enum.SurfaceType.SmoothNoOutlines,RightSurface = Enum.SurfaceType.SmoothNoOutlines,TopSurface = Enum.SurfaceType.SmoothNoOutlines,Color = Color3.new(1, 1, 0),})
Mesh = New("BlockMesh",r,"Mesh",{Scale = Vector3.new(0.400000006, 0.699999988, 4.5),})
mot = New("Motor",r,"mot",{Part0 = r,Part1 = ref4,C0 = CFrame.new(0, 0, 0, 0, 0.500000238, -0.866025388, 1, 0, 0, 0, -0.866025388, -0.500000238),C1 = CFrame.new(1.69999599, -0.200000763, 2.94448853, 0, -1, 0, 1, 0, 1.64202821e-015, 1.64202821e-015, 0, 1),})
r = New("Part",s2,"r",{BrickColor = BrickColor.new("New Yeller"),Material = Enum.Material.Neon,FormFactor = Enum.FormFactor.Custom,Size = Vector3.new(0.200000003, 0.200000003, 0.200000003),CFrame = CFrame.new(21.4004974, 12.2200203, 46.1153793, -3.17215512e-015, 1, 8.49976122e-016, -0.258819044, 0, -0.965926111, -0.965926111, 3.28405727e-015, 0.258819044),BackSurface = Enum.SurfaceType.SmoothNoOutlines,BottomSurface = Enum.SurfaceType.SmoothNoOutlines,FrontSurface = Enum.SurfaceType.SmoothNoOutlines,LeftSurface = Enum.SurfaceType.SmoothNoOutlines,RightSurface = Enum.SurfaceType.SmoothNoOutlines,TopSurface = Enum.SurfaceType.SmoothNoOutlines,Color = Color3.new(1, 1, 0),})
Mesh = New("BlockMesh",r,"Mesh",{Scale = Vector3.new(0.400000006, 0.699999988, 4.5),})
mot = New("Motor",r,"mot",{Part0 = r,Part1 = ref4,C0 = CFrame.new(0, 0, 0, 0, -0.258818984, -0.965925872, 1, 0, 0, 0, -0.965925872, 0.258818984),C1 = CFrame.new(0.879985809, -0.200000763, -3.28414154, 0, -1, 0, 1, 0, 1.64202821e-015, 1.64202821e-015, 0, 1),})
r = New("Part",s2,"r",{BrickColor = BrickColor.new("New Yeller"),Material = Enum.Material.Neon,FormFactor = Enum.FormFactor.Custom,Size = Vector3.new(0.200000003, 0.200000003, 0.200000003),CFrame = CFrame.new(21.4004974, 9.81585693, 50.2795067, 8.49976122e-016, 1, 3.17215512e-015, -0.965926111, 0, 0.258819044, 0.258819044, 3.28405727e-015, 0.965926111),BackSurface = Enum.SurfaceType.SmoothNoOutlines,BottomSurface = Enum.SurfaceType.SmoothNoOutlines,FrontSurface = Enum.SurfaceType.SmoothNoOutlines,LeftSurface = Enum.SurfaceType.SmoothNoOutlines,RightSurface = Enum.SurfaceType.SmoothNoOutlines,TopSurface = Enum.SurfaceType.SmoothNoOutlines,Color = Color3.new(1, 1, 0),})
Mesh = New("BlockMesh",r,"Mesh",{Scale = Vector3.new(0.400000006, 0.699999988, 4.5),})
mot = New("Motor",r,"mot",{Part0 = r,Part1 = ref4,C0 = CFrame.new(0, 0, 0, 0, -0.965925872, 0.258818984, 1, 0, 0, 0, 0.258818984, 0.965925872),C1 = CFrame.new(3.28414822, -0.200000763, 0.879985809, 0, -1, 0, 1, 0, 1.64202821e-015, 1.64202821e-015, 0, 1),})
r = New("Part",s2,"r",{BrickColor = BrickColor.new("New Yeller"),Material = Enum.Material.Neon,FormFactor = Enum.FormFactor.Custom,Size = Vector3.new(0.200000003, 0.200000003, 0.200000003),CFrame = CFrame.new(21.4004974, 16.3841534, 48.5195389, 8.49976122e-016, 1, 3.17215512e-015, -0.965926111, 0, 0.258819044, 0.258819044, 3.28405727e-015, 0.965926111),BackSurface = Enum.SurfaceType.SmoothNoOutlines,BottomSurface = Enum.SurfaceType.SmoothNoOutlines,FrontSurface = Enum.SurfaceType.SmoothNoOutlines,LeftSurface = Enum.SurfaceType.SmoothNoOutlines,RightSurface = Enum.SurfaceType.SmoothNoOutlines,TopSurface = Enum.SurfaceType.SmoothNoOutlines,Color = Color3.new(1, 1, 0),})
Mesh = New("BlockMesh",r,"Mesh",{Scale = Vector3.new(0.400000006, 0.699999988, 4.5),})
mot = New("Motor",r,"mot",{Part0 = r,Part1 = ref4,C0 = CFrame.new(0, 0, 0, 0, -0.965925872, 0.258818984, 1, 0, 0, 0, 0.258818984, 0.965925872),C1 = CFrame.new(-3.28414726, -0.200000763, -0.879981995, 0, -1, 0, 1, 0, 1.64202821e-015, 1.64202821e-015, 0, 1),})
r = New("Part",s2,"r",{BrickColor = BrickColor.new("New Yeller"),Material = Enum.Material.Neon,FormFactor = Enum.FormFactor.Custom,Size = Vector3.new(0.200000003, 0.200000003, 0.200000003),CFrame = CFrame.new(21.4004974, 16.0444946, 51.0995255, -1.64202895e-015, 1, 2.84407617e-015, -0.866025567, 0, -0.500000358, -0.500000358, 3.28405727e-015, 0.866025567),BackSurface = Enum.SurfaceType.SmoothNoOutlines,BottomSurface = Enum.SurfaceType.SmoothNoOutlines,FrontSurface = Enum.SurfaceType.SmoothNoOutlines,LeftSurface = Enum.SurfaceType.SmoothNoOutlines,RightSurface = Enum.SurfaceType.SmoothNoOutlines,TopSurface = Enum.SurfaceType.SmoothNoOutlines,Color = Color3.new(1, 1, 0),})
Mesh = New("BlockMesh",r,"Mesh",{Scale = Vector3.new(0.400000006, 0.699999988, 4.5),})
mot = New("Motor",r,"mot",{Part0 = r,Part1 = ref4,C0 = CFrame.new(0, 0, 0, 0, -0.866025388, -0.500000238, 1, 0, 0, 0, -0.500000238, 0.866025388),C1 = CFrame.new(-2.94448853, -0.200000763, 1.70000458, 0, -1, 0, 1, 0, 1.64202821e-015, 1.64202821e-015, 0, 1),})
r = New("Part",s2,"r",{BrickColor = BrickColor.new("New Yeller"),Material = Enum.Material.Neon,FormFactor = Enum.FormFactor.Custom,Size = Vector3.new(0.200000003, 0.200000003, 0.200000003),CFrame = CFrame.new(21.4004974, 13.97999, 52.68367, -3.17215512e-015, 1, 8.49976122e-016, -0.258819044, 0, -0.965926111, -0.965926111, 3.28405727e-015, 0.258819044),BackSurface = Enum.SurfaceType.SmoothNoOutlines,BottomSurface = Enum.SurfaceType.SmoothNoOutlines,FrontSurface = Enum.SurfaceType.SmoothNoOutlines,LeftSurface = Enum.SurfaceType.SmoothNoOutlines,RightSurface = Enum.SurfaceType.SmoothNoOutlines,TopSurface = Enum.SurfaceType.SmoothNoOutlines,Color = Color3.new(1, 1, 0),})
Mesh = New("BlockMesh",r,"Mesh",{Scale = Vector3.new(0.400000006, 0.699999988, 4.5),})
mot = New("Motor",r,"mot",{Part0 = r,Part1 = ref4,C0 = CFrame.new(0, 0, 0, 0, -0.258818984, -0.965925872, 1, 0, 0, 0, -0.965925872, 0.258818984),C1 = CFrame.new(-0.879983902, -0.200000763, 3.28414917, 0, -1, 0, 1, 0, 1.64202821e-015, 1.64202821e-015, 0, 1),})
r = New("Part",s2,"r",{BrickColor = BrickColor.new("New Yeller"),Material = Enum.Material.Neon,FormFactor = Enum.FormFactor.Custom,Size = Vector3.new(0.200000003, 0.200000003, 0.200000003),CFrame = CFrame.new(21.4004974, 14.800004, 46.4550476, -2.84407617e-015, 1, -1.64202895e-015, 0.500000358, 0, -0.866025567, -0.866025567, 3.28405727e-015, -0.500000358),BackSurface = Enum.SurfaceType.SmoothNoOutlines,BottomSurface = Enum.SurfaceType.SmoothNoOutlines,FrontSurface = Enum.SurfaceType.SmoothNoOutlines,LeftSurface = Enum.SurfaceType.SmoothNoOutlines,RightSurface = Enum.SurfaceType.SmoothNoOutlines,TopSurface = Enum.SurfaceType.SmoothNoOutlines,Color = Color3.new(1, 1, 0),})
