
--Converted with ttyyuu12345's model to script plugin v4
function sandbox(var,func)
	local env = getfenv(func)
	local newenv = setmetatable({},{
		__index = function(self,k)
			if k=="script" then
				return var
			else
				return env[k]
			end
		end,
	})
	setfenv(func,newenv)
	return func
end
cors = {}
mas = Instance.new("Model",game:GetService("Lighting"))
Model0 = Instance.new("Model")
Part1 = Instance.new("Part")
Part2 = Instance.new("Part")
Part3 = Instance.new("Part")
Part4 = Instance.new("Part")
Part5 = Instance.new("Part")
Part6 = Instance.new("Part")
Part7 = Instance.new("Part")
Part8 = Instance.new("Part")
Part9 = Instance.new("Part")
Part10 = Instance.new("Part")
Part11 = Instance.new("Part")
Part12 = Instance.new("Part")
Part13 = Instance.new("Part")
Part14 = Instance.new("Part")
Part15 = Instance.new("Part")
Part16 = Instance.new("Part")
Part17 = Instance.new("Part")
Part18 = Instance.new("Part")
Part19 = Instance.new("Part")
Part20 = Instance.new("Part")
Part21 = Instance.new("Part")
Part22 = Instance.new("Part")
Part23 = Instance.new("Part")
Part24 = Instance.new("Part")
Part25 = Instance.new("Part")
Part26 = Instance.new("Part")
Part27 = Instance.new("Part")
Part28 = Instance.new("Part")
Part29 = Instance.new("Part")
Part30 = Instance.new("Part")
Part31 = Instance.new("Part")
Part32 = Instance.new("Part")
Part33 = Instance.new("Part")
Part34 = Instance.new("Part")
Part35 = Instance.new("Part")
Part36 = Instance.new("Part")
Part37 = Instance.new("Part")
Part38 = Instance.new("Part")
Part39 = Instance.new("Part")
Part40 = Instance.new("Part")
Part41 = Instance.new("Part")
Part42 = Instance.new("Part")
Part43 = Instance.new("Part")
Part44 = Instance.new("Part")
Part45 = Instance.new("Part")
Part46 = Instance.new("Part")
Part47 = Instance.new("Part")
Part48 = Instance.new("Part")
Part49 = Instance.new("Part")
Part50 = Instance.new("Part")
Part51 = Instance.new("Part")
Part52 = Instance.new("Part")
Part53 = Instance.new("Part")
Part54 = Instance.new("Part")
Part55 = Instance.new("Part")
Part56 = Instance.new("Part")
Part57 = Instance.new("Part")
Part58 = Instance.new("Part")
Part59 = Instance.new("Part")
Part60 = Instance.new("Part")
Part61 = Instance.new("Part")
Part62 = Instance.new("Part")
Part63 = Instance.new("Part")
Part64 = Instance.new("Part")
Part65 = Instance.new("Part")
Part66 = Instance.new("Part")
Part67 = Instance.new("Part")
Part68 = Instance.new("Part")
Part69 = Instance.new("Part")
Part70 = Instance.new("Part")
Part71 = Instance.new("Part")
Part72 = Instance.new("Part")
Part73 = Instance.new("Part")
Part74 = Instance.new("Part")
Part75 = Instance.new("Part")
Part76 = Instance.new("Part")
Part77 = Instance.new("Part")
Part78 = Instance.new("Part")
Part79 = Instance.new("Part")
Part80 = Instance.new("Part")
Part81 = Instance.new("Part")
Model82 = Instance.new("Model")
Part83 = Instance.new("Part")
Part84 = Instance.new("Part")
Part85 = Instance.new("Part")
Model86 = Instance.new("Model")
Part87 = Instance.new("Part")
Part88 = Instance.new("Part")
CylinderMesh89 = Instance.new("CylinderMesh")
Part90 = Instance.new("Part")
Model91 = Instance.new("Model")
Part92 = Instance.new("Part")
Part93 = Instance.new("Part")
Part94 = Instance.new("Part")
Part95 = Instance.new("Part")
Part96 = Instance.new("Part")
Part97 = Instance.new("Part")
Model98 = Instance.new("Model")
Part99 = Instance.new("Part")
Part100 = Instance.new("Part")
CylinderMesh101 = Instance.new("CylinderMesh")
Part102 = Instance.new("Part")
Model103 = Instance.new("Model")
Part104 = Instance.new("Part")
Part105 = Instance.new("Part")
Part106 = Instance.new("Part")
Part107 = Instance.new("Part")
Part108 = Instance.new("Part")
Part109 = Instance.new("Part")
Part110 = Instance.new("Part")
Part111 = Instance.new("Part")
Part112 = Instance.new("Part")
Part113 = Instance.new("Part")
Part114 = Instance.new("Part")
Part115 = Instance.new("Part")
Part116 = Instance.new("Part")
Part117 = Instance.new("Part")
Part118 = Instance.new("Part")
Part119 = Instance.new("Part")
Part120 = Instance.new("Part")
Part121 = Instance.new("Part")
Part122 = Instance.new("Part")
Part123 = Instance.new("Part")
Part124 = Instance.new("Part")
Part125 = Instance.new("Part")
Part126 = Instance.new("Part")
Part127 = Instance.new("Part")
Part128 = Instance.new("Part")
Part129 = Instance.new("Part")
Part130 = Instance.new("Part")
Part131 = Instance.new("Part")
Part132 = Instance.new("Part")
Part133 = Instance.new("Part")
Part134 = Instance.new("Part")
Part135 = Instance.new("Part")
Part136 = Instance.new("Part")
Part137 = Instance.new("Part")
Part138 = Instance.new("Part")
Part139 = Instance.new("Part")
Part140 = Instance.new("Part")
Part141 = Instance.new("Part")
Part142 = Instance.new("Part")
Part143 = Instance.new("Part")
Part144 = Instance.new("Part")
Part145 = Instance.new("Part")
Part146 = Instance.new("Part")
Part147 = Instance.new("Part")
Part148 = Instance.new("Part")
Part149 = Instance.new("Part")
Part150 = Instance.new("Part")
Part151 = Instance.new("Part")
Part152 = Instance.new("Part")
Part153 = Instance.new("Part")
Part154 = Instance.new("Part")
Part155 = Instance.new("Part")
Part156 = Instance.new("Part")
Part157 = Instance.new("Part")
Part158 = Instance.new("Part")
Part159 = Instance.new("Part")
Part160 = Instance.new("Part")
Part161 = Instance.new("Part")
Part162 = Instance.new("Part")
Part163 = Instance.new("Part")
Part164 = Instance.new("Part")
Part165 = Instance.new("Part")
Part166 = Instance.new("Part")
Part167 = Instance.new("Part")
Part168 = Instance.new("Part")
Part169 = Instance.new("Part")
Part170 = Instance.new("Part")
Part171 = Instance.new("Part")
Part172 = Instance.new("Part")
Part173 = Instance.new("Part")
Part174 = Instance.new("Part")
Part175 = Instance.new("Part")
Part176 = Instance.new("Part")
Part177 = Instance.new("Part")
Part178 = Instance.new("Part")
Part179 = Instance.new("Part")
Part180 = Instance.new("Part")
Part181 = Instance.new("Part")
Part182 = Instance.new("Part")
Part183 = Instance.new("Part")
Part184 = Instance.new("Part")
Part185 = Instance.new("Part")
Part186 = Instance.new("Part")
Part187 = Instance.new("Part")
Part188 = Instance.new("Part")
Part189 = Instance.new("Part")
Part190 = Instance.new("Part")
Part191 = Instance.new("Part")
Part192 = Instance.new("Part")
Part193 = Instance.new("Part")
Part194 = Instance.new("Part")
Part195 = Instance.new("Part")
Part196 = Instance.new("Part")
Part197 = Instance.new("Part")
Part198 = Instance.new("Part")
Part199 = Instance.new("Part")
Part200 = Instance.new("Part")
Part201 = Instance.new("Part")
Part202 = Instance.new("Part")
Part203 = Instance.new("Part")
Part204 = Instance.new("Part")
Part205 = Instance.new("Part")
Part206 = Instance.new("Part")
Part207 = Instance.new("Part")
Part208 = Instance.new("Part")
Part209 = Instance.new("Part")
Part210 = Instance.new("Part")
Part211 = Instance.new("Part")
Part212 = Instance.new("Part")
Part213 = Instance.new("Part")
Part214 = Instance.new("Part")
Part215 = Instance.new("Part")
Part216 = Instance.new("Part")
Part217 = Instance.new("Part")
Part218 = Instance.new("Part")
Part219 = Instance.new("Part")
Part220 = Instance.new("Part")
Part221 = Instance.new("Part")
Part222 = Instance.new("Part")
Part223 = Instance.new("Part")
Part224 = Instance.new("Part")
Part225 = Instance.new("Part")
Part226 = Instance.new("Part")
Part227 = Instance.new("Part")
Part228 = Instance.new("Part")
Part229 = Instance.new("Part")
Part230 = Instance.new("Part")
Part231 = Instance.new("Part")
Part232 = Instance.new("Part")
Part233 = Instance.new("Part")
Part234 = Instance.new("Part")
Part235 = Instance.new("Part")
Part236 = Instance.new("Part")
Part237 = Instance.new("Part")
Part238 = Instance.new("Part")
Part239 = Instance.new("Part")
Part240 = Instance.new("Part")
Part241 = Instance.new("Part")
Part242 = Instance.new("Part")
Part243 = Instance.new("Part")
Part244 = Instance.new("Part")
Part245 = Instance.new("Part")
Part246 = Instance.new("Part")
Part247 = Instance.new("Part")
Part248 = Instance.new("Part")
Part249 = Instance.new("Part")
Part250 = Instance.new("Part")
Part251 = Instance.new("Part")
Part252 = Instance.new("Part")
Part253 = Instance.new("Part")
Part254 = Instance.new("Part")
Part255 = Instance.new("Part")
Part256 = Instance.new("Part")
Part257 = Instance.new("Part")
Part258 = Instance.new("Part")
Part259 = Instance.new("Part")
Part260 = Instance.new("Part")
Part261 = Instance.new("Part")
Part262 = Instance.new("Part")
Part263 = Instance.new("Part")
Part264 = Instance.new("Part")
Part265 = Instance.new("Part")
Part266 = Instance.new("Part")
Part267 = Instance.new("Part")
Part268 = Instance.new("Part")
Part269 = Instance.new("Part")
Part270 = Instance.new("Part")
Part271 = Instance.new("Part")
Part272 = Instance.new("Part")
Part273 = Instance.new("Part")
Part274 = Instance.new("Part")
Part275 = Instance.new("Part")
Part276 = Instance.new("Part")
Part277 = Instance.new("Part")
Part278 = Instance.new("Part")
Part279 = Instance.new("Part")
Part280 = Instance.new("Part")
Part281 = Instance.new("Part")
Part282 = Instance.new("Part")
Part283 = Instance.new("Part")
Part284 = Instance.new("Part")
Part285 = Instance.new("Part")
Part286 = Instance.new("Part")
Part287 = Instance.new("Part")
Part288 = Instance.new("Part")
Part289 = Instance.new("Part")
Part290 = Instance.new("Part")
Part291 = Instance.new("Part")
Part292 = Instance.new("Part")
Part293 = Instance.new("Part")
Part294 = Instance.new("Part")
Part295 = Instance.new("Part")
Part296 = Instance.new("Part")
Part297 = Instance.new("Part")
Part298 = Instance.new("Part")
Part299 = Instance.new("Part")
Part300 = Instance.new("Part")
Part301 = Instance.new("Part")
Part302 = Instance.new("Part")
Part303 = Instance.new("Part")
Part304 = Instance.new("Part")
Part305 = Instance.new("Part")
Part306 = Instance.new("Part")
Part307 = Instance.new("Part")
Part308 = Instance.new("Part")
Part309 = Instance.new("Part")
Part310 = Instance.new("Part")
Part311 = Instance.new("Part")
Part312 = Instance.new("Part")
Part313 = Instance.new("Part")
Part314 = Instance.new("Part")
Part315 = Instance.new("Part")
Part316 = Instance.new("Part")
Part317 = Instance.new("Part")
Model318 = Instance.new("Model")
Part319 = Instance.new("Part")
Part320 = Instance.new("Part")
Part321 = Instance.new("Part")
Part322 = Instance.new("Part")
Part323 = Instance.new("Part")
Part324 = Instance.new("Part")
Part325 = Instance.new("Part")
Part326 = Instance.new("Part")
Part327 = Instance.new("Part")
Part328 = Instance.new("Part")
Part329 = Instance.new("Part")
Part330 = Instance.new("Part")
Part331 = Instance.new("Part")
Part332 = Instance.new("Part")
Part333 = Instance.new("Part")
Part334 = Instance.new("Part")
Part335 = Instance.new("Part")
Part336 = Instance.new("Part")
Part337 = Instance.new("Part")
Part338 = Instance.new("Part")
Part339 = Instance.new("Part")
Part340 = Instance.new("Part")
Part341 = Instance.new("Part")
Part342 = Instance.new("Part")
Part343 = Instance.new("Part")
Part344 = Instance.new("Part")
Part345 = Instance.new("Part")
ParticleEmitter346 = Instance.new("ParticleEmitter")
Part347 = Instance.new("Part")
ParticleEmitter348 = Instance.new("ParticleEmitter")
Part349 = Instance.new("Part")
ParticleEmitter350 = Instance.new("ParticleEmitter")
Part351 = Instance.new("Part")
ParticleEmitter352 = Instance.new("ParticleEmitter")
Part353 = Instance.new("Part")
ParticleEmitter354 = Instance.new("ParticleEmitter")
Part355 = Instance.new("Part")
ParticleEmitter356 = Instance.new("ParticleEmitter")
Part357 = Instance.new("Part")
ParticleEmitter358 = Instance.new("ParticleEmitter")
Part359 = Instance.new("Part")
Part360 = Instance.new("Part")
Part361 = Instance.new("Part")
Part362 = Instance.new("Part")
Part363 = Instance.new("Part")
Part364 = Instance.new("Part")
Part365 = Instance.new("Part")
Part366 = Instance.new("Part")
Part367 = Instance.new("Part")
Part368 = Instance.new("Part")
Part369 = Instance.new("Part")
CylinderMesh370 = Instance.new("CylinderMesh")
StringValue371 = Instance.new("StringValue")
Script372 = Instance.new("Script")
LocalScript373 = Instance.new("LocalScript")
IntValue374 = Instance.new("IntValue")
IntValue375 = Instance.new("IntValue")
IntValue376 = Instance.new("IntValue")
IntValue377 = Instance.new("IntValue")
IntValue378 = Instance.new("IntValue")
IntValue379 = Instance.new("IntValue")
IntValue380 = Instance.new("IntValue")
StringValue381 = Instance.new("StringValue")
StringValue382 = Instance.new("StringValue")
IntValue383 = Instance.new("IntValue")
Script384 = Instance.new("Script")
StringValue385 = Instance.new("StringValue")
Model0.Name = "Eluna"
Model0.Parent = mas
Part1.Parent = Model0
Part1.Material = Enum.Material.Grass
Part1.BrickColor = BrickColor.new("Medium blue")
Part1.Rotation = Vector3.new(168.069992, -89.9799957, 168.069992)
Part1.Anchored = true
Part1.Size = Vector3.new(212.030014, 1.2099942, 92.4400177)
Part1.CFrame = CFrame.new(337.895966, 157.229584, 286.071075, -0.00033784128, -7.14087946e-05, -0.99999994, -1.49011612e-08, 1, -7.14087946e-05, 0.99999994, -1.49011612e-08, -0.00033784128)
Part1.BottomSurface = Enum.SurfaceType.Smooth
Part1.TopSurface = Enum.SurfaceType.Smooth
Part1.Color = Color3.new(0.431373, 0.6, 0.792157)
Part1.Position = Vector3.new(337.895966, 157.229584, 286.071075)
Part1.Orientation = Vector3.new(0, -90.0199966, 0)
Part1.Color = Color3.new(0.431373, 0.6, 0.792157)
Part2.Parent = Model0
Part2.Material = Enum.Material.Grass
Part2.BrickColor = BrickColor.new("Medium blue")
Part2.Anchored = true
Part2.Size = Vector3.new(118.030014, 1.2099942, 60.6800232)
Part2.CFrame = CFrame.new(46.8765869, 44.9495811, 58.5503845, 1, 0, 0, 0, 1, 0, 0, 0, 1)
Part2.BottomSurface = Enum.SurfaceType.Smooth
Part2.TopSurface = Enum.SurfaceType.Smooth
Part2.Color = Color3.new(0.431373, 0.6, 0.792157)
Part2.Position = Vector3.new(46.8765869, 44.9495811, 58.5503845)
Part2.Color = Color3.new(0.431373, 0.6, 0.792157)
Part3.Parent = Model0
Part3.Material = Enum.Material.Grass
Part3.BrickColor = BrickColor.new("Medium blue")
Part3.Rotation = Vector3.new(0, -30, 0)
Part3.Anchored = true
Part3.Size = Vector3.new(118.030014, 1.2099942, 60.6800232)
Part3.CFrame = CFrame.new(-62.9734039, 25.9595833, 59.7203903, 0.866025388, 0, -0.500000238, 0, 1, 0, 0.500000238, 0, 0.866025388)
Part3.BottomSurface = Enum.SurfaceType.Smooth
Part3.TopSurface = Enum.SurfaceType.Smooth
Part3.Color = Color3.new(0.431373, 0.6, 0.792157)
Part3.Position = Vector3.new(-62.9734039, 25.9595833, 59.7203903)
Part3.Orientation = Vector3.new(0, -30, 0)
Part3.Color = Color3.new(0.431373, 0.6, 0.792157)
Part4.Parent = Model0
Part4.Material = Enum.Material.Slate
Part4.BrickColor = BrickColor.new("Linen")
Part4.Rotation = Vector3.new(0, -30, 0)
Part4.Anchored = true
Part4.Size = Vector3.new(117.580017, 51.5699959, 60.0900269)
Part4.CFrame = CFrame.new(-62.9734039, 0.0895850658, 59.7203903, 0.866025388, 0, -0.500000238, 0, 1, 0, 0.500000238, 0, 0.866025388)
Part4.BottomSurface = Enum.SurfaceType.Smooth
Part4.TopSurface = Enum.SurfaceType.Smooth
Part4.Color = Color3.new(0.686275, 0.580392, 0.513726)
Part4.Position = Vector3.new(-62.9734039, 0.0895850658, 59.7203903)
Part4.Orientation = Vector3.new(0, -30, 0)
Part4.Color = Color3.new(0.686275, 0.580392, 0.513726)
Part5.Parent = Model0
Part5.Material = Enum.Material.Grass
Part5.BrickColor = BrickColor.new("Medium blue")
Part5.Rotation = Vector3.new(0, -30, 0)
Part5.Anchored = true
Part5.Size = Vector3.new(118.030014, 1.2099942, 60.6800232)
Part5.CFrame = CFrame.new(-62.9734039, 32.7395897, 41.2003822, 0.866025388, 0, -0.500000238, 0, 1, 0, 0.500000238, 0, 0.866025388)
Part5.BottomSurface = Enum.SurfaceType.Smooth
Part5.TopSurface = Enum.SurfaceType.Smooth
Part5.Color = Color3.new(0.431373, 0.6, 0.792157)
Part5.Position = Vector3.new(-62.9734039, 32.7395897, 41.2003822)
Part5.Orientation = Vector3.new(0, -30, 0)
Part5.Color = Color3.new(0.431373, 0.6, 0.792157)
Part6.Parent = Model0
Part6.Material = Enum.Material.Slate
Part6.BrickColor = BrickColor.new("Linen")
Part6.Rotation = Vector3.new(0, -30, 0)
Part6.Anchored = true
Part6.Size = Vector3.new(117.580017, 51.5699959, 60.0900269)
Part6.CFrame = CFrame.new(-62.9734039, 6.86958504, 41.2003822, 0.866025388, 0, -0.500000238, 0, 1, 0, 0.500000238, 0, 0.866025388)
Part6.BottomSurface = Enum.SurfaceType.Smooth
Part6.TopSurface = Enum.SurfaceType.Smooth
Part6.Color = Color3.new(0.686275, 0.580392, 0.513726)
Part6.Position = Vector3.new(-62.9734039, 6.86958504, 41.2003822)
Part6.Orientation = Vector3.new(0, -30, 0)
Part6.Color = Color3.new(0.686275, 0.580392, 0.513726)
Part7.Parent = Model0
Part7.Material = Enum.Material.Grass
Part7.BrickColor = BrickColor.new("Medium blue")
Part7.Rotation = Vector3.new(0, -30, 0)
Part7.Anchored = true
Part7.Size = Vector3.new(118.030014, 1.2099942, 60.6800232)
Part7.CFrame = CFrame.new(-62.9734039, 40.9095802, 34.0503769, 0.866025388, 0, -0.500000238, 0, 1, 0, 0.500000238, 0, 0.866025388)
Part7.BottomSurface = Enum.SurfaceType.Smooth
Part7.TopSurface = Enum.SurfaceType.Smooth
Part7.Color = Color3.new(0.431373, 0.6, 0.792157)
Part7.Position = Vector3.new(-62.9734039, 40.9095802, 34.0503769)
Part7.Orientation = Vector3.new(0, -30, 0)
Part7.Color = Color3.new(0.431373, 0.6, 0.792157)
Part8.Parent = Model0
Part8.Material = Enum.Material.Slate
Part8.BrickColor = BrickColor.new("Linen")
Part8.Rotation = Vector3.new(0, -30, 0)
Part8.Anchored = true
Part8.Size = Vector3.new(117.580017, 51.5699959, 60.0900269)
Part8.CFrame = CFrame.new(-62.9734039, 15.0395851, 34.0503769, 0.866025388, 0, -0.500000238, 0, 1, 0, 0.500000238, 0, 0.866025388)
Part8.BottomSurface = Enum.SurfaceType.Smooth
Part8.TopSurface = Enum.SurfaceType.Smooth
Part8.Color = Color3.new(0.686275, 0.580392, 0.513726)
Part8.Position = Vector3.new(-62.9734039, 15.0395851, 34.0503769)
Part8.Orientation = Vector3.new(0, -30, 0)
Part8.Color = Color3.new(0.686275, 0.580392, 0.513726)
Part9.Parent = Model0
Part9.Material = Enum.Material.Grass
Part9.BrickColor = BrickColor.new("Medium blue")
Part9.Rotation = Vector3.new(0, -15, 0)
Part9.Anchored = true
Part9.Size = Vector3.new(133.030014, 1.2099942, 114.680023)
Part9.CFrame = CFrame.new(-83.0503769, 44.2295799, 194.835892, 0.965925813, 0, -0.258819014, 1.99637684e-09, 1, 7.4505806e-09, 0.258819014, -7.71340858e-09, 0.965925813)
Part9.BottomSurface = Enum.SurfaceType.Smooth
Part9.TopSurface = Enum.SurfaceType.Smooth
Part9.Color = Color3.new(0.431373, 0.6, 0.792157)
Part9.Position = Vector3.new(-83.0503769, 44.2295799, 194.835892)
Part9.Orientation = Vector3.new(0, -15, 0)
Part9.Color = Color3.new(0.431373, 0.6, 0.792157)
Part10.Parent = Model0
Part10.Material = Enum.Material.Slate
Part10.BrickColor = BrickColor.new("Linen")
Part10.Rotation = Vector3.new(0, -15, 0)
Part10.Anchored = true
Part10.Size = Vector3.new(132.580017, 51.5699959, 114.090027)
Part10.CFrame = CFrame.new(-83.0503693, 18.3595848, 194.835892, 0.965925813, 0, -0.258819014, 1.99637684e-09, 1, 7.4505806e-09, 0.258819014, -7.71340858e-09, 0.965925813)
Part10.BottomSurface = Enum.SurfaceType.Smooth
Part10.TopSurface = Enum.SurfaceType.Smooth
Part10.Color = Color3.new(0.686275, 0.580392, 0.513726)
Part10.Position = Vector3.new(-83.0503693, 18.3595848, 194.835892)
Part10.Orientation = Vector3.new(0, -15, 0)
Part10.Color = Color3.new(0.686275, 0.580392, 0.513726)
Part11.Parent = Model0
Part11.Material = Enum.Material.Grass
Part11.BrickColor = BrickColor.new("Medium blue")
Part11.Rotation = Vector3.new(0, -15, 0)
Part11.Anchored = true
Part11.Size = Vector3.new(149.030014, 1.2099942, 115.680023)
Part11.CFrame = CFrame.new(-10.9634914, 67.2295761, 355.271698, 0.965925753, 1.55431223e-15, -0.258819222, 1.99637729e-09, 1, 7.45058149e-09, 0.258819222, -7.71341035e-09, 0.965925753)
Part11.BottomSurface = Enum.SurfaceType.Smooth
Part11.TopSurface = Enum.SurfaceType.Smooth
Part11.Color = Color3.new(0.431373, 0.6, 0.792157)
Part11.Position = Vector3.new(-10.9634914, 67.2295761, 355.271698)
Part11.Orientation = Vector3.new(0, -15, 0)
Part11.Color = Color3.new(0.431373, 0.6, 0.792157)
Part12.Parent = Model0
Part12.Material = Enum.Material.Slate
Part12.BrickColor = BrickColor.new("Linen")
Part12.Rotation = Vector3.new(0, -15, 0)
Part12.Anchored = true
Part12.Size = Vector3.new(148.580017, 83.5699921, 115.090027)
Part12.CFrame = CFrame.new(-10.9634838, 25.3595848, 355.271698, 0.965925753, 1.55431223e-15, -0.258819222, 1.99637729e-09, 1, 7.45058149e-09, 0.258819222, -7.71341035e-09, 0.965925753)
Part12.BottomSurface = Enum.SurfaceType.Smooth
Part12.TopSurface = Enum.SurfaceType.Smooth
Part12.Color = Color3.new(0.686275, 0.580392, 0.513726)
Part12.Position = Vector3.new(-10.9634838, 25.3595848, 355.271698)
Part12.Orientation = Vector3.new(0, -15, 0)
Part12.Color = Color3.new(0.686275, 0.580392, 0.513726)
Part13.Parent = Model0
Part13.Material = Enum.Material.Slate
Part13.BrickColor = BrickColor.new("Linen")
Part13.Anchored = true
Part13.Size = Vector3.new(117.580017, 83.5699921, 115.090027)
Part13.CFrame = CFrame.new(-75.9353333, 21.3595848, 317.26001, 1, -1.99637573e-09, -1.93715096e-07, 1.99637729e-09, 1, 7.45058149e-09, 1.93715096e-07, -7.45058149e-09, 1)
Part13.BottomSurface = Enum.SurfaceType.Smooth
Part13.TopSurface = Enum.SurfaceType.Smooth
Part13.Color = Color3.new(0.686275, 0.580392, 0.513726)
Part13.Position = Vector3.new(-75.9353333, 21.3595848, 317.26001)
Part13.Color = Color3.new(0.686275, 0.580392, 0.513726)
Part14.Parent = Model0
Part14.Material = Enum.Material.Grass
Part14.BrickColor = BrickColor.new("Medium blue")
Part14.Anchored = true
Part14.Size = Vector3.new(118.030014, 1.2099942, 115.680023)
Part14.CFrame = CFrame.new(-75.9353409, 63.2295761, 317.26001, 1, -1.99637573e-09, -1.93715096e-07, 1.99637729e-09, 1, 7.45058149e-09, 1.93715096e-07, -7.45058149e-09, 1)
Part14.BottomSurface = Enum.SurfaceType.Smooth
Part14.TopSurface = Enum.SurfaceType.Smooth
Part14.Color = Color3.new(0.431373, 0.6, 0.792157)
Part14.Position = Vector3.new(-75.9353409, 63.2295761, 317.26001)
Part14.Color = Color3.new(0.431373, 0.6, 0.792157)
Part15.Parent = Model0
Part15.Material = Enum.Material.Slate
Part15.BrickColor = BrickColor.new("Linen")
Part15.Rotation = Vector3.new(0, -15, 0)
Part15.Anchored = true
Part15.Size = Vector3.new(117.580017, 51.5699959, 115.090027)
Part15.CFrame = CFrame.new(-75.9353333, 26.3595848, 225.259995, 0.965925813, 0, -0.258819014, 1.99637684e-09, 1, 7.4505806e-09, 0.258819014, -7.71340858e-09, 0.965925813)
Part15.BottomSurface = Enum.SurfaceType.Smooth
Part15.TopSurface = Enum.SurfaceType.Smooth
Part15.Color = Color3.new(0.686275, 0.580392, 0.513726)
Part15.Position = Vector3.new(-75.9353333, 26.3595848, 225.259995)
Part15.Orientation = Vector3.new(0, -15, 0)
Part15.Color = Color3.new(0.686275, 0.580392, 0.513726)
Part16.Parent = Model0
Part16.Material = Enum.Material.Grass
Part16.BrickColor = BrickColor.new("Medium blue")
Part16.Rotation = Vector3.new(0, -15, 0)
Part16.Anchored = true
Part16.Size = Vector3.new(118.030014, 1.2099942, 115.680023)
Part16.CFrame = CFrame.new(-75.9353409, 52.2295799, 225.259995, 0.965925813, 0, -0.258819014, 1.99637684e-09, 1, 7.4505806e-09, 0.258819014, -7.71340858e-09, 0.965925813)
Part16.BottomSurface = Enum.SurfaceType.Smooth
Part16.TopSurface = Enum.SurfaceType.Smooth
Part16.Color = Color3.new(0.431373, 0.6, 0.792157)
Part16.Position = Vector3.new(-75.9353409, 52.2295799, 225.259995)
Part16.Orientation = Vector3.new(0, -15, 0)
Part16.Color = Color3.new(0.431373, 0.6, 0.792157)
Part17.Parent = Model0
Part17.Material = Enum.Material.Slate
Part17.BrickColor = BrickColor.new("Linen")
Part17.Rotation = Vector3.new(0, -15, 0)
Part17.Anchored = true
Part17.Size = Vector3.new(117.580017, 51.5699959, 189.150024)
Part17.CFrame = CFrame.new(19.0490322, 9.3595829, 283.174744, 0.965925813, 0, -0.258819044, -1.49011612e-08, 0.99999994, 0, 0.258819044, 0, 0.965925813)
Part17.BottomSurface = Enum.SurfaceType.Smooth
Part17.TopSurface = Enum.SurfaceType.Smooth
Part17.Color = Color3.new(0.686275, 0.580392, 0.513726)
Part17.Position = Vector3.new(19.0490322, 9.3595829, 283.174744)
Part17.Orientation = Vector3.new(0, -15, 0)
Part17.Color = Color3.new(0.686275, 0.580392, 0.513726)
Part18.Parent = Model0
Part18.Material = Enum.Material.Grass
Part18.BrickColor = BrickColor.new("Medium blue")
Part18.Rotation = Vector3.new(0, -15, 0)
Part18.Anchored = true
Part18.Size = Vector3.new(118.030014, 1.2099942, 189.440018)
Part18.CFrame = CFrame.new(19.01021, 35.2295837, 283.319641, 0.965925813, 0, -0.258819044, -1.49011612e-08, 0.99999994, 0, 0.258819044, 0, 0.965925813)
Part18.BottomSurface = Enum.SurfaceType.Smooth
Part18.TopSurface = Enum.SurfaceType.Smooth
Part18.Color = Color3.new(0.431373, 0.6, 0.792157)
Part18.Position = Vector3.new(19.01021, 35.2295837, 283.319641)
Part18.Orientation = Vector3.new(0, -15, 0)
Part18.Color = Color3.new(0.431373, 0.6, 0.792157)
Part19.Parent = Model0
Part19.Material = Enum.Material.Slate
Part19.BrickColor = BrickColor.new("Linen")
Part19.Rotation = Vector3.new(0, 65, 0)
Part19.Anchored = true
Part19.Size = Vector3.new(94.9000244, 35.4299965, 70.8400269)
Part19.CFrame = CFrame.new(186.277634, 9.52500153, 196.167191, 0.422617137, 0, 0.906308293, 0, 1, 0, -0.906308293, 0, 0.422617137)
Part19.BottomSurface = Enum.SurfaceType.Smooth
Part19.TopSurface = Enum.SurfaceType.Smooth
Part19.Color = Color3.new(0.686275, 0.580392, 0.513726)
Part19.Position = Vector3.new(186.277634, 9.52500153, 196.167191)
Part19.Orientation = Vector3.new(0, 65, 0)
Part19.Color = Color3.new(0.686275, 0.580392, 0.513726)
Part20.Parent = Model0
Part20.Material = Enum.Material.Slate
Part20.BrickColor = BrickColor.new("Linen")
Part20.Anchored = true
Part20.Size = Vector3.new(148.580017, 51.5699959, 142.090027)
Part20.CFrame = CFrame.new(219.549988, 17.3949966, 239.76001, 1, 0, 0, 0, 1, 0, 0, 0, 1)
Part20.BottomSurface = Enum.SurfaceType.Smooth
Part20.TopSurface = Enum.SurfaceType.Smooth
Part20.Color = Color3.new(0.686275, 0.580392, 0.513726)
Part20.Position = Vector3.new(219.549988, 17.3949966, 239.76001)
Part20.Color = Color3.new(0.686275, 0.580392, 0.513726)
Part21.Parent = Model0
Part21.Material = Enum.Material.Grass
Part21.BrickColor = BrickColor.new("Medium blue")
Part21.Anchored = true
Part21.Size = Vector3.new(149.030014, 1.2099942, 142.680023)
Part21.CFrame = CFrame.new(219.5, 43.2999992, 239.699997, 1, 0, 0, 0, 1, 0, 0, 0, 1)
Part21.BottomSurface = Enum.SurfaceType.Smooth
Part21.TopSurface = Enum.SurfaceType.Smooth
Part21.Color = Color3.new(0.431373, 0.6, 0.792157)
Part21.Position = Vector3.new(219.5, 43.2999992, 239.699997)
Part21.Color = Color3.new(0.431373, 0.6, 0.792157)
Part22.Parent = Model0
Part22.Material = Enum.Material.Slate
Part22.BrickColor = BrickColor.new("Linen")
Part22.Rotation = Vector3.new(0, 65, 0)
Part22.Anchored = true
Part22.Size = Vector3.new(117.550018, 25.8899975, 78.850029)
Part22.CFrame = CFrame.new(182.582367, 4.75500202, 194.615082, 0.422617137, 0, 0.906308293, 0, 1, 0, -0.906308293, 0, 0.422617137)
Part22.BottomSurface = Enum.SurfaceType.Smooth
Part22.TopSurface = Enum.SurfaceType.Smooth
Part22.Color = Color3.new(0.686275, 0.580392, 0.513726)
Part22.Position = Vector3.new(182.582367, 4.75500202, 194.615082)
Part22.Orientation = Vector3.new(0, 65, 0)
Part22.Color = Color3.new(0.686275, 0.580392, 0.513726)
Part23.Parent = Model0
Part23.Material = Enum.Material.Slate
Part23.BrickColor = BrickColor.new("Linen")
Part23.Anchored = true
Part23.Size = Vector3.new(172.580017, 70.5699921, 192.090027)
Part23.CFrame = CFrame.new(245.549988, 28.1649971, 274.710022, 1, 0, 0, 0, 1, 0, 0, 0, 1)
Part23.BottomSurface = Enum.SurfaceType.Smooth
Part23.TopSurface = Enum.SurfaceType.Smooth
Part23.Color = Color3.new(0.686275, 0.580392, 0.513726)
Part23.Position = Vector3.new(245.549988, 28.1649971, 274.710022)
Part23.Color = Color3.new(0.686275, 0.580392, 0.513726)
Part24.Parent = Model0
Part24.Material = Enum.Material.Grass
Part24.BrickColor = BrickColor.new("Medium blue")
Part24.Anchored = true
Part24.Size = Vector3.new(173.030014, 1.2099942, 205.680023)
Part24.CFrame = CFrame.new(245.549988, 63.534996, 281.210022, 1, 0, 0, 0, 1, 0, 0, 0, 1)
Part24.BottomSurface = Enum.SurfaceType.Smooth
Part24.TopSurface = Enum.SurfaceType.Smooth
Part24.Color = Color3.new(0.431373, 0.6, 0.792157)
Part24.Position = Vector3.new(245.549988, 63.534996, 281.210022)
Part24.Color = Color3.new(0.431373, 0.6, 0.792157)
Part25.Parent = Model0
Part25.Material = Enum.Material.Grass
Part25.BrickColor = BrickColor.new("Medium blue")
Part25.Rotation = Vector3.new(112.5, -88.3199997, 118.299995)
Part25.Anchored = true
Part25.Size = Vector3.new(18.030014, 1.2099942, 26.4400177)
Part25.CFrame = CFrame.new(238.472092, 145.360458, 8.85111809, -0.0139200389, -0.0258537531, -0.99956888, 0.100919053, 0.994524658, -0.027128689, 0.99479723, -0.101253167, -0.0112346662)
Part25.BottomSurface = Enum.SurfaceType.Smooth
Part25.TopSurface = Enum.SurfaceType.Smooth
Part25.Color = Color3.new(0.431373, 0.6, 0.792157)
Part25.Position = Vector3.new(238.472092, 145.360458, 8.85111809)
Part25.Orientation = Vector3.new(1.54999995, -90.6399994, 5.78999996)
Part25.Color = Color3.new(0.431373, 0.6, 0.792157)
Part26.Parent = Model0
Part26.Material = Enum.Material.Neon
Part26.BrickColor = BrickColor.new("Steel blue")
Part26.Transparency = 0.89999997615814
Part26.Anchored = true
Part26.Size = Vector3.new(632.059998, 20, 723.280029)
Part26.CFrame = CFrame.new(64, -2.9000001, 17.3999996, 1, 0, 0, 0, 1, 0, 0, 0, 1)
Part26.BottomSurface = Enum.SurfaceType.Smooth
Part26.TopSurface = Enum.SurfaceType.Smooth
Part26.Color = Color3.new(0.321569, 0.486275, 0.682353)
Part26.Position = Vector3.new(64, -2.9000001, 17.3999996)
Part26.Color = Color3.new(0.321569, 0.486275, 0.682353)
Part27.Parent = Model0
Part27.Material = Enum.Material.Slate
Part27.BrickColor = BrickColor.new("Linen")
Part27.Anchored = true
Part27.Size = Vector3.new(117.580017, 51.5699959, 60.0900269)
Part27.CFrame = CFrame.new(46.8765869, 19.0795803, 58.5503845, 1, 0, 0, 0, 1, 0, 0, 0, 1)
Part27.BottomSurface = Enum.SurfaceType.Smooth
Part27.TopSurface = Enum.SurfaceType.Smooth
Part27.Color = Color3.new(0.686275, 0.580392, 0.513726)
Part27.Position = Vector3.new(46.8765869, 19.0795803, 58.5503845)
Part27.Color = Color3.new(0.686275, 0.580392, 0.513726)
Part28.Parent = Model0
Part28.Material = Enum.Material.Grass
Part28.BrickColor = BrickColor.new("Medium blue")
Part28.Rotation = Vector3.new(0, 45, 0)
Part28.Anchored = true
Part28.Size = Vector3.new(95.030014, 1.2099942, 56.6800232)
Part28.CFrame = CFrame.new(112.167297, 45.2295837, 33.841095, 0.707106829, 0, 0.707106769, 0, 1, 0, -0.707106769, 0, 0.707106829)
Part28.BottomSurface = Enum.SurfaceType.Smooth
Part28.TopSurface = Enum.SurfaceType.Smooth
Part28.Color = Color3.new(0.431373, 0.6, 0.792157)
Part28.Position = Vector3.new(112.167297, 45.2295837, 33.841095)
Part28.Orientation = Vector3.new(0, 45, 0)
Part28.Color = Color3.new(0.431373, 0.6, 0.792157)
Part29.Parent = Model0
Part29.Material = Enum.Material.Slate
Part29.BrickColor = BrickColor.new("Linen")
Part29.Rotation = Vector3.new(0, 45, 0)
Part29.Anchored = true
Part29.Size = Vector3.new(94.5800171, 51.5699959, 56.0900269)
Part29.CFrame = CFrame.new(112.167297, 19.3595829, 33.841095, 0.707106829, 0, 0.707106769, 0, 1, 0, -0.707106769, 0, 0.707106829)
Part29.BottomSurface = Enum.SurfaceType.Smooth
Part29.TopSurface = Enum.SurfaceType.Smooth
Part29.Color = Color3.new(0.686275, 0.580392, 0.513726)
Part29.Position = Vector3.new(112.167297, 19.3595829, 33.841095)
Part29.Orientation = Vector3.new(0, 45, 0)
Part29.Color = Color3.new(0.686275, 0.580392, 0.513726)
Part30.Parent = Model0
Part30.Material = Enum.Material.Grass
Part30.BrickColor = BrickColor.new("Medium blue")
Part30.Rotation = Vector3.new(0, -28, 0)
Part30.Anchored = true
Part30.Size = Vector3.new(73.030014, 1.2099942, 44.6800232)
Part30.CFrame = CFrame.new(-61.1846771, 25.2295837, 70.837532, 0.882947862, 0, -0.469470948, 0, 1, 0, 0.469470948, 0, 0.882947862)
Part30.BottomSurface = Enum.SurfaceType.Smooth
Part30.TopSurface = Enum.SurfaceType.Smooth
Part30.Color = Color3.new(0.431373, 0.6, 0.792157)
Part30.Position = Vector3.new(-61.1846771, 25.2295837, 70.837532)
Part30.Orientation = Vector3.new(0, -28, 0)
Part30.Color = Color3.new(0.431373, 0.6, 0.792157)
Part31.Parent = Model0
Part31.Material = Enum.Material.Slate
Part31.BrickColor = BrickColor.new("Linen")
Part31.Rotation = Vector3.new(0, -28, 0)
Part31.Anchored = true
Part31.Size = Vector3.new(72.5800171, 51.5699959, 44.0900269)
Part31.CFrame = CFrame.new(-61.1846771, -0.64041698, 70.837532, 0.882947862, 0, -0.469470948, 0, 1, 0, 0.469470948, 0, 0.882947862)
Part31.BottomSurface = Enum.SurfaceType.Smooth
Part31.TopSurface = Enum.SurfaceType.Smooth
Part31.Color = Color3.new(0.686275, 0.580392, 0.513726)
Part31.Position = Vector3.new(-61.1846771, -0.64041698, 70.837532)
Part31.Orientation = Vector3.new(0, -28, 0)
Part31.Color = Color3.new(0.686275, 0.580392, 0.513726)
Part32.Parent = Model0
Part32.Material = Enum.Material.Slate
Part32.BrickColor = BrickColor.new("Linen")
Part32.Rotation = Vector3.new(0, -13, 0)
Part32.Anchored = true
Part32.Size = Vector3.new(72.5800171, 51.5699959, 44.0900269)
Part32.CFrame = CFrame.new(-41.4381294, -9.64041615, 89.2514954, 0.974369645, 0, -0.224952936, 0, 1, 0, 0.224952921, 0, 0.974369645)
Part32.BottomSurface = Enum.SurfaceType.Smooth
Part32.TopSurface = Enum.SurfaceType.Smooth
Part32.Color = Color3.new(0.686275, 0.580392, 0.513726)
Part32.Position = Vector3.new(-41.4381294, -9.64041615, 89.2514954)
Part32.Orientation = Vector3.new(0, -13, 0)
Part32.Color = Color3.new(0.686275, 0.580392, 0.513726)
Part33.Parent = Model0
Part33.Material = Enum.Material.Grass
Part33.BrickColor = BrickColor.new("Medium blue")
Part33.Rotation = Vector3.new(0, -13, 0)
Part33.Anchored = true
Part33.Size = Vector3.new(73.030014, 1.2099942, 44.6800232)
Part33.CFrame = CFrame.new(-41.4381294, 16.2295837, 89.2514954, 0.974369645, 0, -0.224952936, 0, 1, 0, 0.224952921, 0, 0.974369645)
Part33.BottomSurface = Enum.SurfaceType.Smooth
Part33.TopSurface = Enum.SurfaceType.Smooth
Part33.Color = Color3.new(0.431373, 0.6, 0.792157)
Part33.Position = Vector3.new(-41.4381294, 16.2295837, 89.2514954)
Part33.Orientation = Vector3.new(0, -13, 0)
Part33.Color = Color3.new(0.431373, 0.6, 0.792157)
Part34.Parent = Model0
Part34.Material = Enum.Material.Concrete
Part34.BrickColor = BrickColor.new("Sand blue")
Part34.Rotation = Vector3.new(0, 33, 0)
Part34.Anchored = true
Part34.Size = Vector3.new(66.1500168, 1.2099942, 23.2700233)
Part34.CFrame = CFrame.new(127.734146, 45.5095749, 61.4174271, 0.838670611, 0, 0.544638932, 0, 1, 0, -0.544638932, 0, 0.838670611)
Part34.BottomSurface = Enum.SurfaceType.Smooth
Part34.TopSurface = Enum.SurfaceType.Smooth
Part34.Color = Color3.new(0.454902, 0.52549, 0.615686)
Part34.Position = Vector3.new(127.734146, 45.5095749, 61.4174271)
Part34.Orientation = Vector3.new(0, 33, 0)
Part34.Color = Color3.new(0.454902, 0.52549, 0.615686)
Part35.Parent = Model0
Part35.Material = Enum.Material.Concrete
Part35.BrickColor = BrickColor.new("Sand blue")
Part35.Rotation = Vector3.new(-16.5599995, 31.8999996, 8.92999935)
Part35.Anchored = true
Part35.Size = Vector3.new(66.1100159, 1.2099942, 30.4500237)
Part35.CFrame = CFrame.new(142.026199, 49.0477982, 83.2882462, 0.838670552, -0.131759912, 0.52846092, -1.49011612e-08, 0.970295787, 0.241921559, -0.544638932, -0.202892512, 0.813758492)
Part35.BottomSurface = Enum.SurfaceType.Smooth
Part35.TopSurface = Enum.SurfaceType.Smooth
Part35.Color = Color3.new(0.454902, 0.52549, 0.615686)
Part35.Position = Vector3.new(142.026199, 49.0477982, 83.2882462)
Part35.Orientation = Vector3.new(-14, 33, 0)
Part35.Color = Color3.new(0.454902, 0.52549, 0.615686)
Part36.Parent = Model0
Part36.Material = Enum.Material.Concrete
Part36.BrickColor = BrickColor.new("Sand blue")
Part36.Rotation = Vector3.new(-11.8699999, 32.4399986, 6.42999983)
Part36.Anchored = true
Part36.Size = Vector3.new(64.8800125, 1.2099942, 68.6800232)
Part36.CFrame = CFrame.new(168.067154, 58.5971298, 124.057968, 0.838670671, -0.0945752785, 0.536364675, -7.4505806e-09, 0.984807849, 0.173647672, -0.544638872, -0.145633206, 0.825929403)
Part36.BottomSurface = Enum.SurfaceType.Smooth
Part36.TopSurface = Enum.SurfaceType.Smooth
Part36.Color = Color3.new(0.454902, 0.52549, 0.615686)
Part36.Position = Vector3.new(168.067154, 58.5971298, 124.057968)
Part36.Orientation = Vector3.new(-10, 33, 0)
Part36.Color = Color3.new(0.454902, 0.52549, 0.615686)
Part37.Parent = Model0
Part37.Material = Enum.Material.Concrete
Part37.BrickColor = BrickColor.new("Sand blue")
Part37.Rotation = Vector3.new(0, 33, 0)
Part37.Anchored = true
Part37.Size = Vector3.new(66.7500076, 1.2099942, 52.6800232)
Part37.CFrame = CFrame.new(200.747482, 64.4295731, 173.619308, 0.838670611, 1.78546557e-07, 0.544638932, 0, 1, -3.27825546e-07, -0.544638932, 2.74937662e-07, 0.838670611)
Part37.BottomSurface = Enum.SurfaceType.Smooth
Part37.TopSurface = Enum.SurfaceType.Smooth
Part37.Color = Color3.new(0.454902, 0.52549, 0.615686)
Part37.Position = Vector3.new(200.747482, 64.4295731, 173.619308)
Part37.Orientation = Vector3.new(0, 33, 0)
Part37.Color = Color3.new(0.454902, 0.52549, 0.615686)
Part38.Parent = Model0
Part38.Material = Enum.Material.Concrete
Part38.BrickColor = BrickColor.new("Sand blue")
Part38.Rotation = Vector3.new(0, 33, 0)
Part38.Anchored = true
Part38.Size = Vector3.new(2.03001404, 5.20999432, 27.6800232)
Part38.CFrame = CFrame.new(156.061523, 48.2295837, 45.2609291, 0.838670611, 0, 0.544638932, 0, 1, 0, -0.544638932, 0, 0.838670611)
Part38.BottomSurface = Enum.SurfaceType.Smooth
Part38.TopSurface = Enum.SurfaceType.Smooth
Part38.Color = Color3.new(0.454902, 0.52549, 0.615686)
Part38.Position = Vector3.new(156.061523, 48.2295837, 45.2609291)
Part38.Orientation = Vector3.new(0, 33, 0)
Part38.Color = Color3.new(0.454902, 0.52549, 0.615686)
Part39.Parent = Model0
Part39.Material = Enum.Material.Concrete
Part39.BrickColor = BrickColor.new("Sand blue")
Part39.Rotation = Vector3.new(0, 33, 0)
Part39.Anchored = true
Part39.Size = Vector3.new(2.03001404, 5.20999432, 53.880024)
Part39.CFrame = CFrame.new(228.314285, 66.4295731, 156.432648, 0.838670611, 1.78546557e-07, 0.544638932, 0, 1, -3.27825546e-07, -0.544638932, 2.74937662e-07, 0.838670611)
Part39.BottomSurface = Enum.SurfaceType.Smooth
Part39.TopSurface = Enum.SurfaceType.Smooth
Part39.Color = Color3.new(0.454902, 0.52549, 0.615686)
Part39.Position = Vector3.new(228.314285, 66.4295731, 156.432648)
Part39.Orientation = Vector3.new(0, 33, 0)
Part39.Color = Color3.new(0.454902, 0.52549, 0.615686)
Part40.Parent = Model0
Part40.Material = Enum.Material.Concrete
Part40.BrickColor = BrickColor.new("Sand blue")
Part40.Rotation = Vector3.new(-11.8699999, 32.4399986, 6.42999983)
Part40.Anchored = true
Part40.Size = Vector3.new(2.03001404, 5.20999432, 68.6800232)
Part40.CFrame = CFrame.new(195.46608, 60.5667458, 105.850807, 0.838670671, -0.0945752785, 0.536364675, -7.4505806e-09, 0.984807849, 0.173647672, -0.544638872, -0.145633206, 0.825929403)
Part40.BottomSurface = Enum.SurfaceType.Smooth
Part40.TopSurface = Enum.SurfaceType.Smooth
Part40.Color = Color3.new(0.454902, 0.52549, 0.615686)
Part40.Position = Vector3.new(195.46608, 60.5667458, 105.850807)
Part40.Orientation = Vector3.new(-10, 33, 0)
Part40.Color = Color3.new(0.454902, 0.52549, 0.615686)
Part41.Parent = Model0
Part41.Material = Enum.Material.Concrete
Part41.BrickColor = BrickColor.new("Sand blue")
Part41.Rotation = Vector3.new(-16.5599995, 31.8999996, 8.92999935)
Part41.Anchored = true
Part41.Size = Vector3.new(2.03001404, 5.20999432, 26.6800232)
Part41.CFrame = CFrame.new(170.040787, 51.4444084, 66.6992874, 0.838670552, -0.131759912, 0.52846092, -1.49011612e-08, 0.970295787, 0.241921559, -0.544638932, -0.202892512, 0.813758492)
Part41.BottomSurface = Enum.SurfaceType.Smooth
Part41.TopSurface = Enum.SurfaceType.Smooth
Part41.Color = Color3.new(0.454902, 0.52549, 0.615686)
Part41.Position = Vector3.new(170.040787, 51.4444084, 66.6992874)
