props = {
{"Part", "Body", BrickColor.new("Medium stone grey"), Enum.Material.SmoothPlastic, 0.4, 0, true, Enum.FormFactor.Plate, Enum.PartType.Block, Vector3.new(3, 0.400000006, 5), Enum.SurfaceType.Smooth, Enum.SurfaceType.Weld, Enum.SurfaceType.Smooth, Enum.SurfaceType.Smooth, Enum.SurfaceType.Smooth, Enum.SurfaceType.Smooth, CFrame.new(-0.5, 4.0999999, -7.0999999, 1, 0, 0, 0, 1, 0, 0, 0, 1)}, 
{"Part", "Body", BrickColor.new("Really black"), Enum.Material.SmoothPlastic, 0, 0, true, Enum.FormFactor.Plate, Enum.PartType.Block, Vector3.new(1, 0.800000012, 1), Enum.SurfaceType.Smooth, Enum.SurfaceType.Weld, Enum.SurfaceType.Smooth, Enum.SurfaceType.Smooth, Enum.SurfaceType.Smooth, Enum.SurfaceType.Smooth, CFrame.new(-0.5, 3.10000014, 0.900000036, 1, 0, 0, 0, 1, 0, 0, 0, 1)}, 
{"Part", "Body", BrickColor.new("Bright yellow"), Enum.Material.SmoothPlastic, 0.5, 0, true, Enum.FormFactor.Plate, Enum.PartType.Block, Vector3.new(1, 0.400000006, 1), Enum.SurfaceType.Smooth, Enum.SurfaceType.Smooth, Enum.SurfaceType.Smooth, Enum.SurfaceType.Smooth, Enum.SurfaceType.Smooth, Enum.SurfaceType.Smooth, CFrame.new(-0.5, 3.30000019, 10.3000002, -0.999999583, 1.74490549e-006, -7.45056852e-008, 1.59342812e-006, 0.988770843, 0.149438709, 2.85562123e-007, 0.149438798, -0.988770902), {"SpecialMesh", "Mesh", "", Enum.MeshType.Brick, Vector3.new(0, 0, 0), Vector3.new(0.400000006, 0.400000006, 0.699999988), "", Vector3.new(1, 1, 1)}, {"Decal", "Decal", 20, 0, "http://www.roblox.com/asset/?id=10870941", 0, Enum.NormalId.Top}}, 
{"Part", "ColorBody", BrickColor.new("Deep orange"), Enum.Material.SmoothPlastic, 0.4, 0, true, Enum.FormFactor.Plate, Enum.PartType.Block, Vector3.new(2, 0.400000006, 4), Enum.SurfaceType.Smooth, Enum.SurfaceType.Smooth, Enum.SurfaceType.Smooth, Enum.SurfaceType.Smooth, Enum.SurfaceType.Smooth, Enum.SurfaceType.Smooth, CFrame.new(0.100000001, 3.35000014, 8.40000057, 0.968912065, -0.0369729511, -0.244626865, 1.07080575e-006, 0.988770783, -0.149439141, 0.247405142, 0.144793153, 0.958032131)}, 
{"Part", "ColorBody", BrickColor.new("Deep orange"), Enum.Material.SmoothPlastic, 0.4, 0, true, Enum.FormFactor.Plate, Enum.PartType.Block, Vector3.new(7, 1.20000005, 3), Enum.SurfaceType.Smooth, Enum.SurfaceType.Weld, Enum.SurfaceType.Smooth, Enum.SurfaceType.Smooth, Enum.SurfaceType.Smooth, Enum.SurfaceType.Smooth, CFrame.new(-0.5, 3.29999995, 2.9000001, 1, 0, 0, 0, 1, 0, 0, 0, 1)}, 
{"Part", "ColorBody", BrickColor.new("Deep orange"), Enum.Material.SmoothPlastic, 0.4, 0, true, Enum.FormFactor.Plate, Enum.PartType.Block, Vector3.new(2, 0.400000006, 4), Enum.SurfaceType.Smooth, Enum.SurfaceType.Smooth, Enum.SurfaceType.Smooth, Enum.SurfaceType.Smooth, Enum.SurfaceType.Smooth, Enum.SurfaceType.Smooth, CFrame.new(-0.5, 3.30000019, 8.90000057, 0.999999881, 4.98870065e-008, -1.01291491e-008, 5.59896023e-008, 0.988770723, -0.14943935, -2.18696914e-013, 0.14943938, 0.988770843)}, 
{"Part", "ColorBody", BrickColor.new("Deep orange"), Enum.Material.SmoothPlastic, 0.4, 0, true, Enum.FormFactor.Plate, Enum.PartType.Block, Vector3.new(2, 0.400000006, 4), Enum.SurfaceType.Smooth, Enum.SurfaceType.Smooth, Enum.SurfaceType.Smooth, Enum.SurfaceType.Smooth, Enum.SurfaceType.Smooth, Enum.SurfaceType.Smooth, CFrame.new(1, 3.80000019, 4.9000001, 0.921060205, -0.0388787873, -0.387474418, 1.69373425e-006, 0.995003998, -0.099833928, 0.389420092, 0.0919524059, 0.916458845), {"SpecialMesh", "Mesh", "", Enum.MeshType.Brick, Vector3.new(0, 0, 0), Vector3.new(1.25, 1, 1), "", Vector3.new(1, 1, 1)}}, 
{"Part", "ColorBody", BrickColor.new("Deep orange"), Enum.Material.SmoothPlastic, 0.4, 0, true, Enum.FormFactor.Plate, Enum.PartType.Block, Vector3.new(2, 0.400000006, 4), Enum.SurfaceType.Smooth, Enum.SurfaceType.Smooth, Enum.SurfaceType.Smooth, Enum.SurfaceType.Smooth, Enum.SurfaceType.Smooth, Enum.SurfaceType.Smooth, CFrame.new(-1.10000002, 3.35000014, 8.40000057, 0.968912125, 0.0369731523, 0.244626656, -9.8861608e-007, 0.988770783, -0.149439529, -0.247404993, 0.144793555, 0.958032131)}, 
{"Part", "ColorBody", BrickColor.new("Deep orange"), Enum.Material.SmoothPlastic, 0.4, 0, true, Enum.FormFactor.Plate, Enum.PartType.Block, Vector3.new(5, 0.400000006, 2), Enum.SurfaceType.Smooth, Enum.SurfaceType.Smooth, Enum.SurfaceType.Smooth, Enum.SurfaceType.Smooth, Enum.SurfaceType.Smooth, Enum.SurfaceType.Smooth, CFrame.new(-1.9000001, 3.10000014, 9.40000057, 0.995004058, -0.0149194542, -0.0987127945, 4.53826146e-007, 0.988770843, -0.149439275, 0.0998338908, 0.148692667, 0.983831108)}, 
{"Part", "Body", BrickColor.new("Really black"), Enum.Material.SmoothPlastic, 0, 0, true, Enum.FormFactor.Plate, Enum.PartType.Block, Vector3.new(2, 2.4000001, 1), Enum.SurfaceType.Smooth, Enum.SurfaceType.Weld, Enum.SurfaceType.Smooth, Enum.SurfaceType.Smooth, Enum.SurfaceType.Smooth, Enum.SurfaceType.Smooth, CFrame.new(-2, 2.70000005, 0.900000036, 1, 0, 0, 0, 1, 0, 0, 0, 1)}, 
{"Part", "ColorBody", BrickColor.new("Deep orange"), Enum.Material.SmoothPlastic, 0.4, 0, true, Enum.FormFactor.Plate, Enum.PartType.Block, Vector3.new(2, 0.400000006, 6), Enum.SurfaceType.Smooth, Enum.SurfaceType.Smooth, Enum.SurfaceType.Smooth, Enum.SurfaceType.Smooth, Enum.SurfaceType.Smooth, Enum.SurfaceType.Smooth, CFrame.new(-1.9000001, 2.60000014, 7.80000019, 0.264496654, -0.958711684, 0.104467005, 0.952737808, 0.24297832, -0.182351485, 0.149439305, 0.147761062, 0.977667868)}, 
{"Part", "Wheel2", BrickColor.new("Medium stone grey"), Enum.Material.SmoothPlastic, 0.5, 0, false, Enum.FormFactor.Plate, Enum.PartType.Block, Vector3.new(1, 0.800000012, 1), Enum.SurfaceType.Smooth, Enum.SurfaceType.Smooth, Enum.SurfaceType.Smooth, Enum.SurfaceType.Smooth, Enum.SurfaceType.Smooth, Enum.SurfaceType.Smooth, CFrame.new(-5.20000029, 2.70000005, 3.9000001, 0.999999881, 1.58800368e-008, 5.82094231e-008, 5.59895739e-008, 0.000792059698, 0.999999642, 1.58231135e-008, -0.999999702, 0.000792059756), {"SpecialMesh", "Mesh", "", Enum.MeshType.Brick, Vector3.new(0, 0, 0), Vector3.new(0.699999988, 0.600000024, 1.29999995), "", Vector3.new(1, 1, 1)}}, 
{"Part", "Wheel2", BrickColor.new("Really black"), Enum.Material.SmoothPlastic, 0, 0, false, Enum.FormFactor.Plate, Enum.PartType.Block, Vector3.new(4, 3.60000014, 1), Enum.SurfaceType.Smooth, Enum.SurfaceType.Smooth, Enum.SurfaceType.Smooth, Enum.SurfaceType.Smooth, Enum.SurfaceType.Smooth, Enum.SurfaceType.Smooth, CFrame.new(-4.70000029, 1.80000007, 3.9000001, 0.000797623419, 9.62493004e-007, 0.999999642, -4.2209399e-006, 0.99999994, -8.32318051e-007, -0.999999702, -4.22026915e-006, 0.000797623536), {"SpecialMesh", "Mesh", "http://www.roblox.com/asset/?id=3270017", Enum.MeshType.FileMesh, Vector3.new(0, 0, 0), Vector3.new(3.5, 3.5, 13), "", Vector3.new(1, 1, 1)}}, 
{"Part", "Wheel2", BrickColor.new("Medium stone grey"), Enum.Material.SmoothPlastic, 0.5, 0, false, Enum.FormFactor.Plate, Enum.PartType.Block, Vector3.new(1, 0.800000012, 1), Enum.SurfaceType.Smooth, Enum.SurfaceType.Smooth, Enum.SurfaceType.Smooth, Enum.SurfaceType.Smooth, Enum.SurfaceType.Smooth, Enum.SurfaceType.Smooth, CFrame.new(-5.19900036, 2.20000005, 2.95000005, 0.999999821, -0.000449574814, 0.000139054915, 0.00044967432, 0.825333834, -0.564644575, 0.000139096184, 0.564644694, 0.825334072), {"SpecialMesh", "Mesh", "", Enum.MeshType.Brick, Vector3.new(0, 0, 0), Vector3.new(0.699999988, 0.600000024, 1.29999995), "", Vector3.new(1, 1, 1)}}, 
{"Part", "Wheel2Main", BrickColor.new("Medium stone grey"), Enum.Material.SmoothPlastic, 0.5, 0, false, Enum.FormFactor.Plate, Enum.PartType.Block, Vector3.new(1, 1.20000005, 1), Enum.SurfaceType.Smooth, Enum.SurfaceType.Smooth, Enum.SurfaceType.Smooth, Enum.SurfaceType.Smooth, Enum.SurfaceType.Smooth, Enum.SurfaceType.Smooth, CFrame.new(-5.10000038, 1.80000007, 3.9000001, 0.000797623419, -0.999999285, 0.000796324341, -4.2209399e-006, 0.000796222186, 0.999999583, -0.999999702, -0.000797626621, -3.58586021e-006), {"SpecialMesh", "Mesh", "", Enum.MeshType.Head, Vector3.new(0, 0, 0), Vector3.new(1.29999995, 1, 1.29999995), "", Vector3.new(1, 1, 1)}}, 
{"Part", "Wheel2", BrickColor.new("Medium stone grey"), Enum.Material.SmoothPlastic, 0.5, 0, false, Enum.FormFactor.Plate, Enum.PartType.Block, Vector3.new(1, 0.800000012, 1), Enum.SurfaceType.Smooth, Enum.SurfaceType.Smooth, Enum.SurfaceType.Smooth, Enum.SurfaceType.Smooth, Enum.SurfaceType.Smooth, Enum.SurfaceType.Smooth, CFrame.new(-5.20100021, 1, 4.5, 0.999998987, 0.000666414911, 0.00123218365, -0.000666323001, -0.547356606, 0.836899042, 0.00123215443, -0.836899161, -0.547355771), {"SpecialMesh", "Mesh", "", Enum.MeshType.Brick, Vector3.new(0, 0, 0), Vector3.new(0.699999988, 0.600000024, 1.29999995), "", Vector3.new(1, 1, 1)}}, 
{"Part", "ColorBody", BrickColor.new("Deep orange"), Enum.Material.SmoothPlastic, 0.4, 0, true, Enum.FormFactor.Plate, Enum.PartType.Block, Vector3.new(1, 0.400000006, 2), Enum.SurfaceType.Smooth, Enum.SurfaceType.Smooth, Enum.SurfaceType.Smooth, Enum.SurfaceType.Smooth, Enum.SurfaceType.Smooth, Enum.SurfaceType.Smooth, CFrame.new(-5.30000019, 2.55000019, 6.45000029, 0.000289454678, 0.999999642, 0.00074209756, -0.362358034, 0.00079666113, -0.932038546, -0.932038903, 8.85106431e-007, 0.362358212), {"SpecialMesh", "Mesh", "", Enum.MeshType.Brick, Vector3.new(0, 0, 0), Vector3.new(1, 1, 1.14999998), "", Vector3.new(1, 1, 1)}}, 
{"Part", "Wheel2", BrickColor.new("Medium stone grey"), Enum.Material.SmoothPlastic, 0.5, 0, false, Enum.FormFactor.Plate, Enum.PartType.Block, Vector3.new(1, 0.800000012, 1), Enum.SurfaceType.Smooth, Enum.SurfaceType.Smooth, Enum.SurfaceType.Smooth, Enum.SurfaceType.Smooth, Enum.SurfaceType.Smooth, Enum.SurfaceType.Smooth, CFrame.new(-5.20100021, 2.20000005, 4.85000038, 0.999999821, 0.000449661602, 0.000139096432, -0.000449529063, 0.825332344, 0.5646469, 0.000139093667, -0.564646959, 0.825332522), {"SpecialMesh", "Mesh", "", Enum.MeshType.Brick, Vector3.new(0, 0, 0), Vector3.new(0.699999988, 0.600000024, 1.29999995), "", Vector3.new(1, 1, 1)}}, 
{"Part", "Wheel2", BrickColor.new("Medium stone grey"), Enum.Material.SmoothPlastic, 0.5, 0, false, Enum.FormFactor.Plate, Enum.PartType.Block, Vector3.new(3, 2.4000001, 1), Enum.SurfaceType.Smooth, Enum.SurfaceType.Smooth, Enum.SurfaceType.Smooth, Enum.SurfaceType.Smooth, Enum.SurfaceType.Smooth, Enum.SurfaceType.Smooth, CFrame.new(-4.70000029, 1.80000007, 3.9000001, 0.000797623419, 9.62493004e-007, 0.999999642, -4.2209399e-006, 0.99999994, -8.32318051e-007, -0.999999702, -4.22026915e-006, 0.000797623536), {"SpecialMesh", "Mesh", "http://www.roblox.com/asset/?id=3270017", Enum.MeshType.FileMesh, Vector3.new(0, 0, 0), Vector3.new(3.20000005, 3.20000005, 13), "", Vector3.new(1, 1, 1)}}, 
{"Part", "Wheel2", BrickColor.new("Medium stone grey"), Enum.Material.SmoothPlastic, 0.5, 0, false, Enum.FormFactor.Plate, Enum.PartType.Block, Vector3.new(1, 0.800000012, 1), Enum.SurfaceType.Smooth, Enum.SurfaceType.Smooth, Enum.SurfaceType.Smooth, Enum.SurfaceType.Smooth, Enum.SurfaceType.Smooth, Enum.SurfaceType.Smooth, CFrame.new(-5.20000029, 1, 3.30000019, 0.999998987, -0.000666448555, 0.00123208365, 0.000666467764, -0.547351599, -0.836902261, 0.00123213837, 0.83690238, -0.547350764), {"SpecialMesh", "Mesh", "", Enum.MeshType.Brick, Vector3.new(0, 0, 0), Vector3.new(0.699999988, 0.600000024, 1.29999995), "", Vector3.new(1, 1, 1)}}, 
{"Part", "ColorBody", BrickColor.new("Deep orange"), Enum.Material.SmoothPlastic, 0.4, 0, true, Enum.FormFactor.Plate, Enum.PartType.Block, Vector3.new(2, 0.400000006, 2), Enum.SurfaceType.Smooth, Enum.SurfaceType.Smooth, Enum.SurfaceType.Smooth, Enum.SurfaceType.Smooth, Enum.SurfaceType.Smooth, Enum.SurfaceType.Smooth, CFrame.new(-4.80000019, 2.10000014, 9.20000076, 0.540299654, 0.841472268, -0.000669968082, 3.55114503e-006, 0.000794037594, 0.999999583, 0.841472626, -0.540299535, 0.000426018843)}, 
{"Part", "ColorBody", BrickColor.new("Deep orange"), Enum.Material.SmoothPlastic, 0.4, 0, true, Enum.FormFactor.Plate, Enum.PartType.Block, Vector3.new(2, 0.400000006, 2), Enum.SurfaceType.Smooth, Enum.SurfaceType.Smooth, Enum.SurfaceType.Smooth, Enum.SurfaceType.Smooth, Enum.SurfaceType.Smooth, Enum.SurfaceType.Smooth, CFrame.new(-5.30000019, 2.10000014, 7.40000057, -1.35344612e-006, 0.999999881, 5.59896591e-008, 4.21128561e-006, 5.59895454e-008, 0.999999881, 1, 1.35344601e-006, -4.2112847e-006)}, 
{"Part", "ColorBody", BrickColor.new("Deep orange"), Enum.Material.SmoothPlastic, 0.4, 0, true, Enum.FormFactor.Plate, Enum.PartType.Block, Vector3.new(1, 0.400000006, 2), Enum.SurfaceType.Smooth, Enum.SurfaceType.Smooth, Enum.SurfaceType.Smooth, Enum.SurfaceType.Smooth, Enum.SurfaceType.Smooth, Enum.SurfaceType.Smooth, CFrame.new(-5.35000038, 2.60000014, 1, 0.000286917581, 1.00000751, -0.000741755357, -0.362354875, 0.000796305132, 0.932043433, 0.932050824, -6.86448232e-009, 0.362362236), {"SpecialMesh", "Mesh", "", Enum.MeshType.Brick, Vector3.new(0, 0, 0), Vector3.new(1, 1, 1.14999998), "", Vector3.new(1, 1, 1)}}, 
{"Part", "ColorBody", BrickColor.new("Deep orange"), Enum.Material.SmoothPlastic, 0.4, 1, true, Enum.FormFactor.Plate, Enum.PartType.Block, Vector3.new(1, 1.20000005, 1), Enum.SurfaceType.Smooth, Enum.SurfaceType.Smooth, Enum.SurfaceType.Smooth, Enum.SurfaceType.Smooth, Enum.SurfaceType.Smooth, Enum.SurfaceType.Smooth, CFrame.new(-4.70000029, 1.80000007, 3.9000001, 1, 0, 0, 0, 1, 0, 0, 0, 1)}, 
{"Part", "ColorBody", BrickColor.new("Deep orange"), Enum.Material.SmoothPlastic, 0.4, 1, true, Enum.FormFactor.Plate, Enum.PartType.Block, Vector3.new(1, 1.20000005, 1), Enum.SurfaceType.Smooth, Enum.SurfaceType.Smooth, Enum.SurfaceType.Smooth, Enum.SurfaceType.Smooth, Enum.SurfaceType.Smooth, Enum.SurfaceType.Smooth, CFrame.new(-4.70000029, 1.80000007, 3.9000001, 1, 0, 0, 0, 1, 0, 0, 0, 1)}, 
{"Part", "ColorBody", BrickColor.new("Deep orange"), Enum.Material.SmoothPlastic, 0.4, 0, true, Enum.FormFactor.Plate, Enum.PartType.Block, Vector3.new(1, 0.400000006, 3), Enum.SurfaceType.Smooth, Enum.SurfaceType.Smooth, Enum.SurfaceType.Smooth, Enum.SurfaceType.Smooth, Enum.SurfaceType.Smooth, Enum.SurfaceType.Smooth, CFrame.new(-4.80000019, 3.10000014, 7.10000038, 0.999999881, 4.98870065e-008, -1.01291491e-008, 5.59896023e-008, 0.988770723, -0.14943935, -2.18696914e-013, 0.14943938, 0.988770843), {"SpecialMesh", "Mesh", "", Enum.MeshType.Brick, Vector3.new(0, 0, 0), Vector3.new(1.39999998, 1.10000002, 0.899999976), "", Vector3.new(1, 1, 1)}}, 
{"Part", "ColorBody", BrickColor.new("Deep orange"), Enum.Material.SmoothPlastic, 0.4, 0, true, Enum.FormFactor.Plate, Enum.PartType.Block, Vector3.new(1, 0.400000006, 4), Enum.SurfaceType.Smooth, Enum.SurfaceType.Smooth, Enum.SurfaceType.Smooth, Enum.SurfaceType.Smooth, Enum.SurfaceType.Smooth, Enum.SurfaceType.Smooth, CFrame.new(-4.80000019, 3.30000019, 8, 0.999999881, 6.40159215e-008, -1.07870761e-008, 5.59896023e-008, 0.980066121, -0.198670879, -2.18696914e-013, 0.198670924, 0.98006624), {"SpecialMesh", "Mesh", "", Enum.MeshType.Brick, Vector3.new(0, 0, 0), Vector3.new(1.5, 1, 1), "", Vector3.new(1, 1, 1)}}, 
{"Part", "ColorBody", BrickColor.new("Deep orange"), Enum.Material.SmoothPlastic, 0.4, 0, true, Enum.FormFactor.Plate, Enum.PartType.Block, Vector3.new(1, 2.4000001, 1), Enum.SurfaceType.Smooth, Enum.SurfaceType.Weld, Enum.SurfaceType.Smooth, Enum.SurfaceType.Smooth, Enum.SurfaceType.Smooth, Enum.SurfaceType.Smooth, CFrame.new(-3.5, 2.70000005, 0.900000036, 1, 0, 0, 0, 1, 0, 0, 0, 1)}, 
{"Part", "Body", BrickColor.new("Dark stone grey"), Enum.Material.SmoothPlastic, 0, 1, true, Enum.FormFactor.Plate, Enum.PartType.Block, Vector3.new(3, 0.400000006, 1), Enum.SurfaceType.Smooth, Enum.SurfaceType.Smooth, Enum.SurfaceType.Smooth, Enum.SurfaceType.Smooth, Enum.SurfaceType.Smooth, Enum.SurfaceType.Smooth, CFrame.new(-3.20000005, 2.80000019, 8.45000076, 0.995004058, 0.0983813107, -0.0169682652, 4.53826146e-007, 0.169961601, 0.985450566, 0.0998338908, -0.98052752, 0.169112474), {"Decal", "Decal", 20, 0, "http://www.roblox.com/asset/?id=4549121", 0, Enum.NormalId.Top}}, 
{"Part", "ColorBody", BrickColor.new("Deep orange"), Enum.Material.SmoothPlastic, 0.4, 0, true, Enum.FormFactor.Plate, Enum.PartType.Block, Vector3.new(1, 0.400000006, 2), Enum.SurfaceType.Smooth, Enum.SurfaceType.Weld, Enum.SurfaceType.Smooth, Enum.SurfaceType.Smooth, Enum.SurfaceType.Smooth, Enum.SurfaceType.Smooth, CFrame.new(-3.5, 2.9000001, 5.4000001, 1, 0, 0, 0, 1, 0, 0, 0, 1)}, 
{"Part", "ColorBody", BrickColor.new("Deep orange"), Enum.Material.SmoothPlastic, 0.4, 0, true, Enum.FormFactor.Plate, Enum.PartType.Block, Vector3.new(1, 0.400000006, 3), Enum.SurfaceType.Smooth, Enum.SurfaceType.Smooth, Enum.SurfaceType.Smooth, Enum.SurfaceType.Smooth, Enum.SurfaceType.Smooth, Enum.SurfaceType.Smooth, CFrame.new(-4.80000019, 2.30000019, 0.900000036, 0.999999881, 6.5971173e-011, 5.82094231e-008, 5.59896023e-008, 0.000792059815, 0.999999642, -2.18696914e-013, -0.999999702, 0.000792059873), {"SpecialMesh", "Mesh", "", Enum.MeshType.Brick, Vector3.new(0, 0, 0), Vector3.new(1.5, 1, 0.800000012), "", Vector3.new(1, 1, 1)}}, 
{"Part", "ColorBody", BrickColor.new("Deep orange"), Enum.Material.SmoothPlastic, 0.4, 0, true, Enum.FormFactor.Plate, Enum.PartType.Block, Vector3.new(2, 0.400000006, 6), Enum.SurfaceType.Smooth, Enum.SurfaceType.Smooth, Enum.SurfaceType.Smooth, Enum.SurfaceType.Smooth, Enum.SurfaceType.Smooth, Enum.SurfaceType.Smooth, CFrame.new(-3.50000024, 3.10000014, 5.9000001, 0.999999881, 6.40159215e-008, -1.07870761e-008, 5.59896023e-008, 0.980066121, -0.198670879, -2.18696914e-013, 0.198670924, 0.98006624), {"SpecialMesh", "Mesh", "", Enum.MeshType.Brick, Vector3.new(0, 0, 0), Vector3.new(1.20000005, 1, 1), "", Vector3.new(1, 1, 1)}}, 
{"Part", "Body", BrickColor.new("Dark stone grey"), Enum.Material.SmoothPlastic, 0, 1, true, Enum.FormFactor.Plate, Enum.PartType.Block, Vector3.new(3, 0.400000006, 2), Enum.SurfaceType.Smooth, Enum.SurfaceType.Smooth, Enum.SurfaceType.Smooth, Enum.SurfaceType.Smooth, Enum.SurfaceType.Smooth, Enum.SurfaceType.Smooth, CFrame.new(-2.9000001, 2.1500001, 9.78000069, 0.995004058, -0.0998338535, -7.9555226e-005, 4.53826146e-007, 0.000800439797, -0.999999583, 0.0998338908, 0.995003819, 0.000796486274), {"Decal", "Decal", 20, 0, "http://www.roblox.com/asset/?id=4549121", 0, Enum.NormalId.Top}}, 
{"Part", "Body", BrickColor.new("White"), Enum.Material.SmoothPlastic, 0.5, 0.5, true, Enum.FormFactor.Plate, Enum.PartType.Block, Vector3.new(1, 0.400000006, 3), Enum.SurfaceType.Smooth, Enum.SurfaceType.Smooth, Enum.SurfaceType.Smooth, Enum.SurfaceType.Smooth, Enum.SurfaceType.Smooth, Enum.SurfaceType.Smooth, CFrame.new(-4.80000019, 3.45000005, 7.60000038, 0.999999881, 6.40159215e-008, -1.07870761e-008, 5.59896023e-008, 0.980066121, -0.198670879, -2.18696914e-013, 0.198670924, 0.98006624), {"SpecialMesh", "Mesh", "", Enum.MeshType.Brick, Vector3.new(0, 0, 0), Vector3.new(1, 1, 0.800000012), "", Vector3.new(1, 1, 1)}}, 
{"Part", "Body", BrickColor.new("White"), Enum.Material.SmoothPlastic, 0.5, 0.5, true, Enum.FormFactor.Plate, Enum.PartType.Block, Vector3.new(4, 0.400000006, 4), Enum.SurfaceType.Smooth, Enum.SurfaceType.Smooth, Enum.SurfaceType.Smooth, Enum.SurfaceType.Smooth, Enum.SurfaceType.Smooth, Enum.SurfaceType.Smooth, CFrame.new(-0.5, 4.80000019, 2.9000001, 1.00000751, 1.7522072e-007, -1.62213962e-006, 1.85731324e-008, 0.877587318, -0.479423463, 2.00358006e-008, 0.479431331, 0.877593279), {"SpecialMesh", "Mesh", "", Enum.MeshType.Brick, Vector3.new(0, 0, 0), Vector3.new(1.29999995, 1, 1.20000005), "", Vector3.new(1, 1, 1)}}, 
{"Part", "ColorBody", BrickColor.new("Deep orange"), Enum.Material.SmoothPlastic, 0.4, 0, true, Enum.FormFactor.Plate, Enum.PartType.Block, Vector3.new(2, 0.400000006, 4), Enum.SurfaceType.Smooth, Enum.SurfaceType.Smooth, Enum.SurfaceType.Smooth, Enum.SurfaceType.Smooth, Enum.SurfaceType.Smooth, Enum.SurfaceType.Smooth, CFrame.new(-2, 3.80000019, 4.9000001, 0.921060324, 0.0388790555, 0.387473941, -1.57472516e-006, 0.995003939, -0.0998344794, -0.389419645, 0.091952987, 0.916458964), {"SpecialMesh", "Mesh", "", Enum.MeshType.Brick, Vector3.new(0, 0, 0), Vector3.new(1.25, 1, 1), "", Vector3.new(1, 1, 1)}}, 
{"Part", "ColorBody", BrickColor.new("Deep orange"), Enum.Material.SmoothPlastic, 0.4, 0, true, Enum.FormFactor.Plate, Enum.PartType.Block, Vector3.new(1, 0.400000006, 4), Enum.SurfaceType.Smooth, Enum.SurfaceType.Smooth, Enum.SurfaceType.Smooth, Enum.SurfaceType.Smooth, Enum.SurfaceType.Smooth, Enum.SurfaceType.Smooth, CFrame.new(-4.80000019, 3.70000029, 3.4000001, 0.999999881, 5.59896023e-008, -2.18696914e-013, 5.59896023e-008, 0.999999881, 9.09494702e-013, -2.18696914e-013, 9.09494702e-013, 1), {"SpecialMesh", "Mesh", "", Enum.MeshType.Brick, Vector3.new(0, 0, 0), Vector3.new(1.5, 1, 1.35000002), "", Vector3.new(1, 1, 1)}}, 
{"Part", "Body", BrickColor.new("White"), Enum.Material.SmoothPlastic, 0.5, 0.5, true, Enum.FormFactor.Plate, Enum.PartType.Block, Vector3.new(2, 0.400000006, 4), Enum.SurfaceType.Smooth, Enum.SurfaceType.Smooth, Enum.SurfaceType.Smooth, Enum.SurfaceType.Smooth, Enum.SurfaceType.Smooth, Enum.SurfaceType.Smooth, CFrame.new(-3.50000024, 4.5, 2.85000014, 0.902708292, -0.429478467, 0.0261098109, 0.381658018, 0.771220505, -0.509472847, 0.198671788, 0.469874829, 0.860100091), {"SpecialMesh", "Mesh", "", Enum.MeshType.Brick, Vector3.new(0, 0, 0), Vector3.new(0.699999988, 1, 1.20000005), "", Vector3.new(1, 1, 1)}}, 
{"Part", "Wheel3", BrickColor.new("Really black"), Enum.Material.SmoothPlastic, 0, 0, false, Enum.FormFactor.Plate, Enum.PartType.Block, Vector3.new(4, 3.60000014, 1), Enum.SurfaceType.Smooth, Enum.SurfaceType.Smooth, Enum.SurfaceType.Smooth, Enum.SurfaceType.Smooth, Enum.SurfaceType.Smooth, Enum.SurfaceType.Smooth, CFrame.new(4.5, 1.80000007, -9.35000038, 0.000797623419, 9.62493004e-007, 0.999999642, -4.2209399e-006, 0.99999994, -8.32318051e-007, -0.999999702, -4.22026915e-006, 0.000797623536), {"SpecialMesh", "Mesh", "http://www.roblox.com/asset/?id=3270017", Enum.MeshType.FileMesh, Vector3.new(0, 0, 0), Vector3.new(3.5, 3.5, 13), "", Vector3.new(1, 1, 1)}}, 
{"Part", "Wheel1", BrickColor.new("Medium stone grey"), Enum.Material.SmoothPlastic, 0.5, 0, false, Enum.FormFactor.Plate, Enum.PartType.Block, Vector3.new(1, 0.800000012, 1), Enum.SurfaceType.Smooth, Enum.SurfaceType.Smooth, Enum.SurfaceType.Smooth, Enum.SurfaceType.Smooth, Enum.SurfaceType.Smooth, Enum.SurfaceType.Smooth, CFrame.new(4.20100021, 1, 3.30000019, 0.999998987, -0.000666448555, 0.00123208365, 0.000666467764, -0.547351599, -0.836902261, 0.00123213837, 0.83690238, -0.547350764), {"SpecialMesh", "Mesh", "", Enum.MeshType.Brick, Vector3.new(0, 0, 0), Vector3.new(0.699999988, 0.600000024, 1.29999995), "", Vector3.new(1, 1, 1)}}, 
{"Part", "Wheel1", BrickColor.new("Medium stone grey"), Enum.Material.SmoothPlastic, 0.5, 0, false, Enum.FormFactor.Plate, Enum.PartType.Block, Vector3.new(1, 0.800000012, 1), Enum.SurfaceType.Smooth, Enum.SurfaceType.Smooth, Enum.SurfaceType.Smooth, Enum.SurfaceType.Smooth, Enum.SurfaceType.Smooth, Enum.SurfaceType.Smooth, CFrame.new(4.20100021, 2.20000005, 2.95000005, 0.999999821, -0.000449574814, 0.000139054915, 0.00044967432, 0.825333834, -0.564644575, 0.000139096184, 0.564644694, 0.825334072), {"SpecialMesh", "Mesh", "", Enum.MeshType.Brick, Vector3.new(0, 0, 0), Vector3.new(0.699999988, 0.600000024, 1.29999995), "", Vector3.new(1, 1, 1)}}, 
{"Part", "Wheel3", BrickColor.new("Medium stone grey"), Enum.Material.SmoothPlastic, 0.5, 0, false, Enum.FormFactor.Plate, Enum.PartType.Block, Vector3.new(1, 0.800000012, 1), Enum.SurfaceType.Smooth, Enum.SurfaceType.Smooth, Enum.SurfaceType.Smooth, Enum.SurfaceType.Smooth, Enum.SurfaceType.Smooth, Enum.SurfaceType.Smooth, CFrame.new(4.99900007, 2.20000005, -8.40000057, 0.999999821, 0.000449661602, 0.000139096432, -0.000449529063, 0.825332344, 0.5646469, 0.000139093667, -0.564646959, 0.825332522), {"SpecialMesh", "Mesh", "", Enum.MeshType.Brick, Vector3.new(0, 0, 0), Vector3.new(0.699999988, 0.600000024, 1.29999995), "", Vector3.new(1, 1, 1)}}, 
{"Part", "ColorBody", BrickColor.new("Deep orange"), Enum.Material.SmoothPlastic, 0.4, 0, false, Enum.FormFactor.Plate, Enum.PartType.Block, Vector3.new(1, 0.400000006, 5), Enum.SurfaceType.Smooth, Enum.SurfaceType.Smooth, Enum.SurfaceType.Smooth, Enum.SurfaceType.Smooth, Enum.SurfaceType.Smooth, Enum.SurfaceType.Smooth, CFrame.new(-2.5, 6, -1.5, 1, 0, 0, 0, 1, 0, 0, 0, 1)}, 
{"Part", "Wheel3", BrickColor.new("Medium stone grey"), Enum.Material.SmoothPlastic, 0.5, 0, false, Enum.FormFactor.Plate, Enum.PartType.Block, Vector3.new(1, 0.800000012, 1), Enum.SurfaceType.Smooth, Enum.SurfaceType.Smooth, Enum.SurfaceType.Smooth, Enum.SurfaceType.Smooth, Enum.SurfaceType.Smooth, Enum.SurfaceType.Smooth, CFrame.new(5.0010004, 1, -9.95000076, 0.999998987, -0.000666448555, 0.00123208365, 0.000666467764, -0.547351599, -0.836902261, 0.00123213837, 0.83690238, -0.547350764), {"SpecialMesh", "Mesh", "", Enum.MeshType.Brick, Vector3.new(0, 0, 0), Vector3.new(0.699999988, 0.600000024, 1.29999995), "", Vector3.new(1, 1, 1)}}, 
{"Part", "Wheel3", BrickColor.new("Medium stone grey"), Enum.Material.SmoothPlastic, 0.5, 0, false, Enum.FormFactor.Plate, Enum.PartType.Block, Vector3.new(1, 0.800000012, 1), Enum.SurfaceType.Smooth, Enum.SurfaceType.Smooth, Enum.SurfaceType.Smooth, Enum.SurfaceType.Smooth, Enum.SurfaceType.Smooth, Enum.SurfaceType.Smooth, CFrame.new(5, 1, -8.75, 0.999998987, 0.000666414911, 0.00123218365, -0.000666323001, -0.547356606, 0.836899042, 0.00123215443, -0.836899161, -0.547355771), {"SpecialMesh", "Mesh", "", Enum.MeshType.Brick, Vector3.new(0, 0, 0), Vector3.new(0.699999988, 0.600000024, 1.29999995), "", Vector3.new(1, 1, 1)}}, 
{"Part", "BodyMain", BrickColor.new("Deep orange"), Enum.Material.SmoothPlastic, 0.4, 0, true, Enum.FormFactor.Plate, Enum.PartType.Block, Vector3.new(9, 0.400000006, 19), Enum.SurfaceType.Smooth, Enum.SurfaceType.Smooth, Enum.SurfaceType.Smooth, Enum.SurfaceType.Smooth, Enum.SurfaceType.Smooth, Enum.SurfaceType.Smooth, CFrame.new(-0.5, 1.30000007, -0.100000001, 1, 0, 0, 0, 1, 0, 0, 0, 1)}, 
{"Part", "Wheel1", BrickColor.new("Medium stone grey"), Enum.Material.SmoothPlastic, 0.5, 0, false, Enum.FormFactor.Plate, Enum.PartType.Block, Vector3.new(3, 2.4000001, 1), Enum.SurfaceType.Smooth, Enum.SurfaceType.Smooth, Enum.SurfaceType.Smooth, Enum.SurfaceType.Smooth, Enum.SurfaceType.Smooth, Enum.SurfaceType.Smooth, CFrame.new(3.70000029, 1.80000007, 3.9000001, 0.000797623419, 9.62493004e-007, 0.999999642, -4.2209399e-006, 0.99999994, -8.32318051e-007, -0.999999702, -4.22026915e-006, 0.000797623536), {"SpecialMesh", "Mesh", "http://www.roblox.com/asset/?id=3270017", Enum.MeshType.FileMesh, Vector3.new(0, 0, 0), Vector3.new(3.20000005, 3.20000005, 13), "", Vector3.new(1, 1, 1)}}, 
{"Part", "Wheel1Main", BrickColor.new("Medium stone grey"), Enum.Material.SmoothPlastic, 0.5, 0, false, Enum.FormFactor.Plate, Enum.PartType.Block, Vector3.new(1, 1.20000005, 1), Enum.SurfaceType.Smooth, Enum.SurfaceType.Smooth, Enum.SurfaceType.Smooth, Enum.SurfaceType.Smooth, Enum.SurfaceType.Smooth, Enum.SurfaceType.Smooth, CFrame.new(4.10000038, 1.80000007, 3.9000001, 0.000797623419, -0.999999285, 0.000796324341, -4.2209399e-006, 0.000796222186, 0.999999583, -0.999999702, -0.000797626621, -3.58586021e-006), {"SpecialMesh", "Mesh", "", Enum.MeshType.Head, Vector3.new(0, 0, 0), Vector3.new(1.29999995, 1, 1.29999995), "", Vector3.new(1, 1, 1)}}, 
{"Part", "Wheel1", BrickColor.new("Medium stone grey"), Enum.Material.SmoothPlastic, 0.5, 0, false, Enum.FormFactor.Plate, Enum.PartType.Block, Vector3.new(1, 0.800000012, 1), Enum.SurfaceType.Smooth, Enum.SurfaceType.Smooth, Enum.SurfaceType.Smooth, Enum.SurfaceType.Smooth, Enum.SurfaceType.Smooth, Enum.SurfaceType.Smooth, CFrame.new(4.19900036, 2.20000005, 4.85000038, 0.999999821, 0.000449661602, 0.000139096432, -0.000449529063, 0.825332344, 0.5646469, 0.000139093667, -0.564646959, 0.825332522), {"SpecialMesh", "Mesh", "", Enum.MeshType.Brick, Vector3.new(0, 0, 0), Vector3.new(0.699999988, 0.600000024, 1.29999995), "", Vector3.new(1, 1, 1)}}, 
{"Part", "Wheel1", BrickColor.new("Medium stone grey"), Enum.Material.SmoothPlastic, 0.5, 0, false, Enum.FormFactor.Plate, Enum.PartType.Block, Vector3.new(1, 0.800000012, 1), Enum.SurfaceType.Smooth, Enum.SurfaceType.Smooth, Enum.SurfaceType.Smooth, Enum.SurfaceType.Smooth, Enum.SurfaceType.Smooth, Enum.SurfaceType.Smooth, CFrame.new(4.20000029, 1, 4.5, 0.999998987, 0.000666414911, 0.00123218365, -0.000666323001, -0.547356606, 0.836899042, 0.00123215443, -0.836899161, -0.547355771), {"SpecialMesh", "Mesh", "", Enum.MeshType.Brick, Vector3.new(0, 0, 0), Vector3.new(0.699999988, 0.600000024, 1.29999995), "", Vector3.new(1, 1, 1)}}, 
{"Part", "Wheel1", BrickColor.new("Really black"), Enum.Material.SmoothPlastic, 0, 0, false, Enum.FormFactor.Plate, Enum.PartType.Block, Vector3.new(4, 3.60000014, 1), Enum.SurfaceType.Smooth, Enum.SurfaceType.Smooth, Enum.SurfaceType.Smooth, Enum.SurfaceType.Smooth, Enum.SurfaceType.Smooth, Enum.SurfaceType.Smooth, CFrame.new(3.70000029, 1.80000007, 3.9000001, 0.000797623419, 9.62493004e-007, 0.999999642, -4.2209399e-006, 0.99999994, -8.32318051e-007, -0.999999702, -4.22026915e-006, 0.000797623536), {"SpecialMesh", "Mesh", "http://www.roblox.com/asset/?id=3270017", Enum.MeshType.FileMesh, Vector3.new(0, 0, 0), Vector3.new(3.5, 3.5, 13), "", Vector3.new(1, 1, 1)}}, 
{"Part", "Wheel3", BrickColor.new("Medium stone grey"), Enum.Material.SmoothPlastic, 0.5, 0, false, Enum.FormFactor.Plate, Enum.PartType.Block, Vector3.new(1, 0.800000012, 1), Enum.SurfaceType.Smooth, Enum.SurfaceType.Smooth, Enum.SurfaceType.Smooth, Enum.SurfaceType.Smooth, Enum.SurfaceType.Smooth, Enum.SurfaceType.Smooth, CFrame.new(5.0010004, 2.20000005, -10.3000002, 0.999999821, -0.000449574814, 0.000139054915, 0.00044967432, 0.825333834, -0.564644575, 0.000139096184, 0.564644694, 0.825334072), {"SpecialMesh", "Mesh", "", Enum.MeshType.Brick, Vector3.new(0, 0, 0), Vector3.new(0.699999988, 0.600000024, 1.29999995), "", Vector3.new(1, 1, 1)}}, 
{"Part", "ColorBody", BrickColor.new("Deep orange"), Enum.Material.SmoothPlastic, 0.4, 0, true, Enum.FormFactor.Plate, Enum.PartType.Block, Vector3.new(12, 0.400000006, 4), Enum.SurfaceType.Smooth, Enum.SurfaceType.Smooth, Enum.SurfaceType.Smooth, Enum.SurfaceType.Smooth, Enum.SurfaceType.Smooth, Enum.SurfaceType.Smooth, CFrame.new(-0.5, 4, -10.1000004, 0.999999881, 5.59896023e-008, -2.18696914e-013, 5.59896023e-008, 0.999999881, 9.09494702e-013, -2.18696914e-013, 9.09494702e-013, 1), {"SpecialMesh", "Mesh", "", Enum.MeshType.Brick, Vector3.new(0, 0, 0), Vector3.new(0.970000029, 1, 1.10000002), "", Vector3.new(1, 1, 1)}}, 
{"Part", "ColorBody", BrickColor.new("Deep orange"), Enum.Material.SmoothPlastic, 0.4, 1, true, Enum.FormFactor.Plate, Enum.PartType.Block, Vector3.new(1, 1.20000005, 1), Enum.SurfaceType.Smooth, Enum.SurfaceType.Smooth, Enum.SurfaceType.Smooth, Enum.SurfaceType.Smooth, Enum.SurfaceType.Smooth, Enum.SurfaceType.Smooth, CFrame.new(4.5, 1.80000007, -9.35000038, 0.999999881, 5.59896023e-008, -2.18696914e-013, 5.59896023e-008, 0.999999881, 9.09494702e-013, -2.18696914e-013, 9.09494702e-013, 1)}, 
{"Part", "ColorBody", BrickColor.new("Deep orange"), Enum.Material.SmoothPlastic, 0.4, 0, true, Enum.FormFactor.Plate, Enum.PartType.Block, Vector3.new(2, 0.400000006, 1), Enum.SurfaceType.Smooth, Enum.SurfaceType.Smooth, Enum.SurfaceType.Smooth, Enum.SurfaceType.Smooth, Enum.SurfaceType.Smooth, Enum.SurfaceType.Smooth, CFrame.new(-0.5, 1.30000007, 10.1000004, 0.999999881, 5.59896023e-008, -2.18696914e-013, 5.59896023e-008, 0.999999881, 9.09494702e-013, -2.18696914e-013, 9.09494702e-013, 1), {"SpecialMesh", "Mesh", "", Enum.MeshType.Brick, Vector3.new(0, 0, 0), Vector3.new(1.29999995, 1, 1), "", Vector3.new(1, 1, 1)}}, 
{"Seat", "Seat", BrickColor.new("Really black"), Enum.Material.SmoothPlastic, 0, 0, true, false, Enum.FormFactor.Custom, Enum.PartType.Block, Vector3.new(2, 1, 2), Enum.SurfaceType.Smooth, Enum.SurfaceType.Weld, Enum.SurfaceType.Smooth, Enum.SurfaceType.Smooth, Enum.SurfaceType.Smooth, Enum.SurfaceType.Smooth, CFrame.new(-2, 1.20000005, -1.60000002, -1, 0, -0, -0, 1, -0, -0, 0, -1), {"BlockMesh", "Mesh", Vector3.new(0, 0.600000024, 0), Vector3.new(1, 0.400000006, 1), Vector3.new(1, 1, 1)}}, 
{"Part", "ColorBody", BrickColor.new("Deep orange"), Enum.Material.SmoothPlastic, 0.4, 0, true, Enum.FormFactor.Plate, Enum.PartType.Block, Vector3.new(1, 11.6000004, 1), Enum.SurfaceType.Smooth, Enum.SurfaceType.Smooth, Enum.SurfaceType.Smooth, Enum.SurfaceType.Smooth, Enum.SurfaceType.Smooth, Enum.SurfaceType.Smooth, CFrame.new(-0.5, 1.4000001, -12.0500002, 0.000136511822, 0.999999642, 0.000784602016, -0.169969633, 0.00079650071, -0.985448837, -0.985449314, 1.16634953e-006, 0.169969708), {"SpecialMesh", "Mesh", "", Enum.MeshType.Brick, Vector3.new(0, 0, 0), Vector3.new(1, 1, 1), "", Vector3.new(1, 1, 1)}}, 
{"Part", "BodyBottom", BrickColor.new("Deep orange"), Enum.Material.SmoothPlastic, 0, 1, true, Enum.FormFactor.Custom, Enum.PartType.Block, Vector3.new(9, 19, 1), Enum.SurfaceType.Smooth, Enum.SurfaceType.Smooth, Enum.SurfaceType.Hinge, Enum.SurfaceType.Smooth, Enum.SurfaceType.Smooth, Enum.SurfaceType.Smooth, CFrame.new(-0.5, 0.600000024, -0.100000001, 1, 0, -0, 0, 0, -1, 0, 1, -0)}, 
{"Part", "ColorBody", BrickColor.new("Deep orange"), Enum.Material.SmoothPlastic, 0.4, 0, true, Enum.FormFactor.Plate, Enum.PartType.Block, Vector3.new(1, 0.800000012, 2), Enum.SurfaceType.Smooth, Enum.SurfaceType.Smooth, Enum.SurfaceType.Smooth, Enum.SurfaceType.Smooth, Enum.SurfaceType.Smooth, Enum.SurfaceType.Smooth, CFrame.new(4.8300004, 1.50000012, -4.75, 0.995004058, -3.48828394e-007, -0.0998338833, 4.53826146e-007, 0.999999881, 8.4799467e-008, 0.0998338908, -1.28791498e-007, 0.995004117), {"SpecialMesh", "Mesh", "", Enum.MeshType.Brick, Vector3.new(0, 0, 0), Vector3.new(0.600000024, 1, 1.10000002), "", Vector3.new(1, 1, 1)}}, 
{"Part", "ColorBody", BrickColor.new("Deep orange"), Enum.Material.SmoothPlastic, 0.4, 1, true, Enum.FormFactor.Plate, Enum.PartType.Block, Vector3.new(1, 1.20000005, 1), Enum.SurfaceType.Smooth, Enum.SurfaceType.Smooth, Enum.SurfaceType.Smooth, Enum.SurfaceType.Smooth, Enum.SurfaceType.Smooth, Enum.SurfaceType.Smooth, CFrame.new(3.70000005, 1.80000007, 3.9000001, 1, 0, 0, 0, 1, 0, 0, 0, 1)}, 
{"Part", "Wheel3", BrickColor.new("Medium stone grey"), Enum.Material.SmoothPlastic, 0.5, 0, false, Enum.FormFactor.Plate, Enum.PartType.Block, Vector3.new(3, 2.4000001, 1), Enum.SurfaceType.Smooth, Enum.SurfaceType.Smooth, Enum.SurfaceType.Smooth, Enum.SurfaceType.Smooth, Enum.SurfaceType.Smooth, Enum.SurfaceType.Smooth, CFrame.new(4.5, 1.80000007, -9.35000038, 0.000797623419, 9.62493004e-007, 0.999999642, -4.2209399e-006, 0.99999994, -8.32318051e-007, -0.999999702, -4.22026915e-006, 0.000797623536), {"SpecialMesh", "Mesh", "http://www.roblox.com/asset/?id=3270017", Enum.MeshType.FileMesh, Vector3.new(0, 0, 0), Vector3.new(3.20000005, 3.20000005, 13), "", Vector3.new(1, 1, 1)}}, 
{"Part", "ColorBody", BrickColor.new("Deep orange"), Enum.Material.SmoothPlastic, 0.4, 0, true, Enum.FormFactor.Plate, Enum.PartType.Block, Vector3.new(2, 0.400000006, 2), Enum.SurfaceType.Smooth, Enum.SurfaceType.Smooth, Enum.SurfaceType.Smooth, Enum.SurfaceType.Smooth, Enum.SurfaceType.Smooth, Enum.SurfaceType.Smooth, CFrame.new(3.80000019, 2.10000014, 9.20000076, 0.540301204, -0.841471314, 0.000670092122, -3.56110741e-006, 0.000793909829, 0.999999583, -0.841471672, -0.540301025, 0.000425968145)}, 
{"VehicleSeat", "DriverSeat", BrickColor.new("Really black"), Enum.Material.SmoothPlastic, 0, 0, true, false, false, 0, 0, 0, Vector3.new(2, 1, 2), Enum.SurfaceType.Smooth, Enum.SurfaceType.Weld, Enum.SurfaceType.Smooth, Enum.SurfaceType.Smooth, Enum.SurfaceType.Smooth, Enum.SurfaceType.Smooth, CFrame.new(1, 1.20000005, -1.60000002, -1, 0, -0, -0, 1, -0, -0, 0, -1), {"BlockMesh", "Mesh", Vector3.new(0, 0.600000024, 0), Vector3.new(1, 0.400000006, 1), Vector3.new(1, 1, 1)}}, 
{"Part", "Wheel3Main", BrickColor.new("Medium stone grey"), Enum.Material.SmoothPlastic, 0.5, 0, false, Enum.FormFactor.Plate, Enum.PartType.Block, Vector3.new(1, 1.20000005, 1), Enum.SurfaceType.Smooth, Enum.SurfaceType.Smooth, Enum.SurfaceType.Smooth, Enum.SurfaceType.Smooth, Enum.SurfaceType.Smooth, Enum.SurfaceType.Smooth, CFrame.new(4.9000001, 1.80000007, -9.35000038, 0.000797623419, -0.999999285, 0.000796324341, -4.2209399e-006, 0.000796222186, 0.999999583, -0.999999702, -0.000797626621, -3.58586021e-006), {"SpecialMesh", "Mesh", "", Enum.MeshType.Head, Vector3.new(0, 0, 0), Vector3.new(1.29999995, 1, 1.29999995), "", Vector3.new(1, 1, 1)}}, 
{"Part", "Body", BrickColor.new("Dark stone grey"), Enum.Material.SmoothPlastic, 0.10000000149012, 1, true, Enum.FormFactor.Plate, Enum.PartType.Block, Vector3.new(9, 0.800000012, 1), Enum.SurfaceType.Smooth, Enum.SurfaceType.Smooth, Enum.SurfaceType.Weld, Enum.SurfaceType.Smooth, Enum.SurfaceType.Smooth, Enum.SurfaceType.Smooth, CFrame.new(-0.5, 1.10000002, -11.1000004, -1, 0, -0, -0, 1, -0, -0, 0, -1)}, 
{"Part", "ColorBody", BrickColor.new("Deep orange"), Enum.Material.SmoothPlastic, 0.4, 0, true, Enum.FormFactor.Plate, Enum.PartType.Block, Vector3.new(5, 0.400000006, 2), Enum.SurfaceType.Smooth, Enum.SurfaceType.Smooth, Enum.SurfaceType.Smooth, Enum.SurfaceType.Smooth, Enum.SurfaceType.Smooth, Enum.SurfaceType.Smooth, CFrame.new(0.900000036, 1.30000007, 9.40000057, 0.995004058, 4.8124582e-007, 0.099833861, -3.7401071e-007, 0.99999994, -8.26012183e-008, -0.0998338684, 4.56518592e-008, 0.995004117)}, 
{"Part", "ColorBody", BrickColor.new("Deep orange"), Enum.Material.SmoothPlastic, 0.4, 0, true, Enum.FormFactor.Plate, Enum.PartType.Block, Vector3.new(2, 0.400000006, 2), Enum.SurfaceType.Smooth, Enum.SurfaceType.Smooth, Enum.SurfaceType.Smooth, Enum.SurfaceType.Smooth, Enum.SurfaceType.Smooth, Enum.SurfaceType.Smooth, CFrame.new(4.30000019, 2.10000014, 7.40000057, -1.35344612e-006, 0.999999881, 5.59896591e-008, 4.21128561e-006, 5.59895454e-008, 0.999999881, 1, 1.35344601e-006, -4.2112847e-006)}, 
{"Part", "ColorBody", BrickColor.new("Deep orange"), Enum.Material.SmoothPlastic, 0.4, 1, true, Enum.FormFactor.Plate, Enum.PartType.Block, Vector3.new(1, 1.20000005, 1), Enum.SurfaceType.Smooth, Enum.SurfaceType.Smooth, Enum.SurfaceType.Smooth, Enum.SurfaceType.Smooth, Enum.SurfaceType.Smooth, Enum.SurfaceType.Smooth, CFrame.new(3.70000005, 1.80000007, 3.9000001, 1, 0, 0, 0, 1, 0, 0, 0, 1)}, 
{"Part", "ColorBody", BrickColor.new("Deep orange"), Enum.Material.SmoothPlastic, 0.4, 0, true, Enum.FormFactor.Plate, Enum.PartType.Block, Vector3.new(5, 0.400000006, 2), Enum.SurfaceType.Smooth, Enum.SurfaceType.Smooth, Enum.SurfaceType.Smooth, Enum.SurfaceType.Smooth, Enum.SurfaceType.Smooth, Enum.SurfaceType.Smooth, CFrame.new(-1.9000001, 1.30000007, 9.40000057, 0.995004058, -3.48828394e-007, -0.0998338833, 4.53826146e-007, 0.999999881, 8.4799467e-008, 0.0998338908, -1.28791498e-007, 0.995004117)}, 
{"Part", "ColorBody", BrickColor.new("Deep orange"), Enum.Material.SmoothPlastic, 0.4, 1, true, Enum.FormFactor.Plate, Enum.PartType.Block, Vector3.new(1, 1.20000005, 1), Enum.SurfaceType.Smooth, Enum.SurfaceType.Smooth, Enum.SurfaceType.Smooth, Enum.SurfaceType.Smooth, Enum.SurfaceType.Smooth, Enum.SurfaceType.Smooth, CFrame.new(4.5, 1.80000007, -9.35000038, 0.999999881, 5.59896023e-008, -2.18696914e-013, 5.59896023e-008, 0.999999881, 9.09494702e-013, -2.18696914e-013, 9.09494702e-013, 1)}, 
