-----------
--Flandre--
-----------
--By	 --
--CKbackup-
-----------

--Player Stuff--

player = game.Players.LocalPlayer
chara = player.Character
mouse = nil
bladeactive = false
spellactive = false
debby = game:GetService("Debris")
combo = 1

local tool = Instance.new("Tool",player.Backpack)
tool.Name = "Scarlet Drive"
tool.CanBeDropped = false
tool.RequiresHandle = false

chara.Humanoid.MaxHealth = 666666666
chara.Humanoid.Health = 666666666

--Outfit--

New = function(Object, Parent, Name, Data)
	local Object = Instance.new(Object)
	for Index, Value in pairs(Data or {}) do
		Object[Index] = Value
	end
	Object.Parent = Parent
	Object.Name = Name
	return Object
end

Hat = New("Model",chara,"Hat",{})
AAPlaceHolder3 = New("Part",Hat,"AAPlaceHolder3",{BrickColor = BrickColor.new("Brick yellow"),FormFactor = Enum.FormFactor.Symmetric,Size = Vector3.new(2, 1, 1),CFrame = CFrame.new(-12.4959135, 4.50012112, -5.79261875, 2.5535282e-014, 2.08617266e-007, 1, -4.06509848e-014, 1, -2.08617266e-007, -1, -4.06509814e-014, 2.55352922e-014),CanCollide = false,TopSurface = Enum.SurfaceType.Smooth,Color = Color3.new(0.843137, 0.772549, 0.603922),})
Mesh = New("SpecialMesh",AAPlaceHolder3,"Mesh",{Scale = Vector3.new(1.20000005, 1.20000005, 1.20000005),})
Decal = New("Decal",AAPlaceHolder3,"Decal",{Texture = "http://www.roblox.com/asset/?id=120491259",})
Weld = New("ManualWeld",AAPlaceHolder3,"Weld",{Part0 = AAPlaceHolder3,Part1 = chara.Head,C0 = CFrame.new(0, 0, 0, 1.96509475e-014, -1.59051002e-014, -0.999997854, 1.49011839e-007, 0.999997556, -3.53218541e-015, 0.999999702, -1.19209844e-007, 1.67088565e-014),C1 = CFrame.new(-0.0074095726, 0.000156879425, 0.00408172607, 9.32036973e-014, -3.25225361e-013, -0.999991417, 8.94066375e-007, 0.999990225, -2.75733646e-013, 0.999998808, -7.74864873e-007, 8.14361328e-014),})
Handle = New("Part",Hat,"Handle",{BrickColor = BrickColor.new("Pastel orange"),FormFactor = Enum.FormFactor.Custom,Size = Vector3.new(2, 0.800000012, 1.39999986),CFrame = CFrame.new(-12.4959135, 5.20011616, -5.99257183, 2.84772917e-014, 2.38418494e-007, 0.999999404, -5.30236933e-014, 0.999995112, -1.78814886e-007, -0.999995708, -2.82779019e-014, 2.25931521e-014),CanCollide = false,BottomSurface = Enum.SurfaceType.Smooth,TopSurface = Enum.SurfaceType.Smooth,Color = Color3.new(1, 0.788235, 0.788235),})
Mesh = New("SpecialMesh",Handle,"Mesh",{Scale = Vector3.new(1, 1.14999998, 1),VertexColor = Vector3.new(2, 0.899999976, 0.899999976),MeshId = "http://www.roblox.com/asset/?id=17223263",MeshType = Enum.MeshType.FileMesh,})
Weld = New("ManualWeld",Handle,"Weld",{Part0 = Handle,Part1 = AAPlaceHolder3,C0 = CFrame.new(0, 0, 0, 1.96509475e-014, -1.59051002e-014, -0.999997854, 1.49011839e-007, 0.999997556, -3.53218541e-015, 0.999999702, -1.19209844e-007, 1.67088565e-014),C1 = CFrame.new(0.199953079, 0.699995041, 0, 1.96509475e-014, -1.59051002e-014, -0.999997854, 1.49011839e-007, 0.999997556, -3.53218541e-015, 0.999999702, -1.19209844e-007, 1.67088565e-014),})
Handle = New("Part",Hat,"Handle",{BrickColor = BrickColor.new("Bright red"),FormFactor = Enum.FormFactor.Custom,Size = Vector3.new(1, 0.600000024, 0.200000003),CFrame = CFrame.new(-12.4959135, 5.10010862, -5.09261179, 0.999999404, 2.38418494e-007, -2.84772917e-014, -1.78814886e-007, 0.999995112, 5.30236933e-014, 2.25931521e-014, -2.82779019e-014, 0.999995708),CanCollide = false,BottomSurface = Enum.SurfaceType.Smooth,TopSurface = Enum.SurfaceType.Smooth,Color = Color3.new(0.768628, 0.156863, 0.109804),})
Mesh = New("SpecialMesh",Handle,"Mesh",{Scale = Vector3.new(0.899999976, 0.899999976, 4),MeshId = "http://www.roblox.com/asset/?id=56855681",MeshType = Enum.MeshType.FileMesh,})
Weld = New("ManualWeld",Handle,"Weld",{Part0 = Handle,Part1 = AAPlaceHolder3,C0 = CFrame.new(0, 0, 0, 0.999999702, -1.19209844e-007, 1.67088565e-014, 1.49011839e-007, 0.999997556, -3.53218541e-015, -1.96509475e-014, 1.59051002e-014, 0.999997854),C1 = CFrame.new(-0.700006962, 0.599987507, 0, 1.96509475e-014, -1.59051002e-014, -0.999997854, 1.49011839e-007, 0.999997556, -3.53218541e-015, 0.999999702, -1.19209844e-007, 1.67088565e-014),})
Handle = New("Part",Hat,"Handle",{BrickColor = BrickColor.new("Bright red"),FormFactor = Enum.FormFactor.Custom,Size = Vector3.new(1, 0.200000003, 1.20000005),CFrame = CFrame.new(-12.4959135, 5.10010862, -5.79261875, 0.999999404, 2.38418494e-007, -2.84772917e-014, -1.78814886e-007, 0.999995112, 5.30236933e-014, 2.25931521e-014, -2.82779019e-014, 0.999995708),CanCollide = false,BottomSurface = Enum.SurfaceType.Smooth,TopSurface = Enum.SurfaceType.Smooth,Color = Color3.new(0.768628, 0.156863, 0.109804),})
Mesh = New("CylinderMesh",Handle,"Mesh",{Scale = Vector3.new(1.29999995, 1, 1.29999995),})
Weld = New("ManualWeld",Handle,"Weld",{Part0 = Handle,Part1 = AAPlaceHolder3,C0 = CFrame.new(0, 0, 0, 0.999999702, -1.19209844e-007, 1.67088565e-014, 1.49011839e-007, 0.999997556, -3.53218541e-015, -1.96509475e-014, 1.59051002e-014, 0.999997854),C1 = CFrame.new(0, 0.599987507, 0, 1.96509475e-014, -1.59051002e-014, -0.999997854, 1.49011839e-007, 0.999997556, -3.53218541e-015, 0.999999702, -1.19209844e-007, 1.67088565e-014),})
Handle = New("Part",Hat,"Handle",{BrickColor = BrickColor.new("Bright red"),FormFactor = Enum.FormFactor.Custom,Size = Vector3.new(1, 0.200000003, 1.20000005),CFrame = CFrame.new(-12.3953495, 5.10010862, -5.79261875, 0.999999404, 2.38418494e-007, -2.84772917e-014, -1.78814886e-007, 0.999995112, 5.30236933e-014, 2.25931521e-014, -2.82779019e-014, 0.999995708),CanCollide = false,BottomSurface = Enum.SurfaceType.Smooth,TopSurface = Enum.SurfaceType.Smooth,Color = Color3.new(0.768628, 0.156863, 0.109804),})
Mesh = New("CylinderMesh",Handle,"Mesh",{Scale = Vector3.new(1.29999995, 1, 1.29999995),})
Weld = New("ManualWeld",Handle,"Weld",{Part0 = Handle,Part1 = AAPlaceHolder3,C0 = CFrame.new(0, 0, 0, 0.999999702, -1.19209844e-007, 1.67088565e-014, 1.49011839e-007, 0.999997556, -3.53218541e-015, -1.96509475e-014, 1.59051002e-014, 0.999997854),C1 = CFrame.new(0, 0.599987507, 0.100564003, 1.96509475e-014, -1.59051002e-014, -0.999997854, 1.49011839e-007, 0.999997556, -3.53218541e-015, 0.999999702, -1.19209844e-007, 1.67088565e-014),})
Handle = New("Part",Hat,"Handle",{BrickColor = BrickColor.new("Bright yellow"),FormFactor = Enum.FormFactor.Custom,Size = Vector3.new(1.20000005, 2.40000033, 1),CFrame = CFrame.new(-12.2957315, 4.800107, -5.79261875, 2.84772917e-014, 2.38418494e-007, 0.999999404, -5.30236933e-014, 0.999995112, -1.78814886e-007, -0.999995708, -2.82779019e-014, 2.25931521e-014),CanCollide = false,BottomSurface = Enum.SurfaceType.Smooth,TopSurface = Enum.SurfaceType.Smooth,Color = Color3.new(0.960784, 0.803922, 0.188235),})
Mesh = New("SpecialMesh",Handle,"Mesh",{Scale = Vector3.new(1, 0.300000012, 1),MeshId = "http://www.roblox.com/asset/?id=62246019",MeshType = Enum.MeshType.FileMesh,})
Weld = New("ManualWeld",Handle,"Weld",{Part0 = Handle,Part1 = AAPlaceHolder3,C0 = CFrame.new(0, 0, 0, 1.96509475e-014, -1.59051002e-014, -0.999997854, 1.49011839e-007, 0.999997556, -3.53218541e-015, 0.999999702, -1.19209844e-007, 1.67088565e-014),C1 = CFrame.new(0, 0.299985886, 0.200181961, 1.96509475e-014, -1.59051002e-014, -0.999997854, 1.49011839e-007, 0.999997556, -3.53218541e-015, 0.999999702, -1.19209844e-007, 1.67088565e-014),})
Handle = New("Part",Hat,"Handle",{BrickColor = BrickColor.new("Bright yellow"),FormFactor = Enum.FormFactor.Custom,Size = Vector3.new(1, 2.20000029, 1),CFrame = CFrame.new(-12.0955343, 4.10011625, -5.69258547, 2.84772917e-014, 2.38418494e-007, 0.999999404, -5.30236933e-014, 0.999995112, -1.78814886e-007, -0.999995708, -2.82779019e-014, 2.25931521e-014),CanCollide = false,BottomSurface = Enum.SurfaceType.Smooth,TopSurface = Enum.SurfaceType.Smooth,Color = Color3.new(0.960784, 0.803922, 0.188235),})
Mesh = New("SpecialMesh",Handle,"Mesh",{Scale = Vector3.new(1, 1.29999995, 0.699999988),MeshId = "http://www.roblox.com/asset/?id=62246019",MeshType = Enum.MeshType.FileMesh,})
Weld = New("ManualWeld",Handle,"Weld",{Part0 = Handle,Part1 = AAPlaceHolder3,C0 = CFrame.new(0, 0, 0, 1.96509475e-014, -1.59051002e-014, -0.999997854, 1.49011839e-007, 0.999997556, -3.53218541e-015, 0.999999702, -1.19209844e-007, 1.67088565e-014),C1 = CFrame.new(-0.100033283, -0.400004864, 0.400379181, 1.96509475e-014, -1.59051002e-014, -0.999997854, 1.49011839e-007, 0.999997556, -3.53218541e-015, 0.999999702, -1.19209844e-007, 1.67088565e-014),})
Handle = New("Part",Hat,"Handle",{BrickColor = BrickColor.new("Bright yellow"),FormFactor = Enum.FormFactor.Custom,Size = Vector3.new(0.200000003, 0.200000003, 0.200000033),CFrame = CFrame.new(-12.4959135, 4.81969833, -4.99263573, 0.999997079, 8.29022753e-008, -2.00805985e-007, -1.55751508e-007, 0.499995232, -0.866017103, 7.23185636e-008, 0.866019487, 0.499996632),CanCollide = false,BottomSurface = Enum.SurfaceType.Smooth,TopSurface = Enum.SurfaceType.Smooth,Color = Color3.new(0.960784, 0.803922, 0.188235),})
Mesh = New("SpecialMesh",Handle,"Mesh",{Scale = Vector3.new(0.200000003, 0.400000006, 0.200000003),MeshId = "http://www.roblox.com/asset/?id=62246019",MeshType = Enum.MeshType.FileMesh,})
Weld = New("ManualWeld",Handle,"Weld",{Part0 = Handle,Part1 = AAPlaceHolder3,C0 = CFrame.new(0, 0, 0, 0.999997377, -9.61465219e-008, 7.23187128e-008, 3.81991576e-008, 0.499996454, 0.866021335, -1.2337793e-007, -0.866019249, 0.499997705),C1 = CFrame.new(-0.799983025, 0.319577217, 0, 1.96509475e-014, -1.59051002e-014, -0.999997854, 1.49011839e-007, 0.999997556, -3.53218541e-015, 0.999999702, -1.19209844e-007, 1.67088565e-014),})
Handle = New("Part",Hat,"Handle",{BrickColor = BrickColor.new("Bright yellow"),FormFactor = Enum.FormFactor.Custom,Size = Vector3.new(0.200000003, 0.200000003, 0.200000033),CFrame = CFrame.new(-12.4959135, 4.61970377, -4.79262447, 0.965922832, 0.258818537, 2.52412946e-007, -0.249997854, 0.933003724, 0.258816749, 0.066986762, -0.249998495, 0.965919256),CanCollide = false,BottomSurface = Enum.SurfaceType.Smooth,TopSurface = Enum.SurfaceType.Smooth,Color = Color3.new(0.960784, 0.803922, 0.188235),})
Mesh = New("SpecialMesh",Handle,"Mesh",{Scale = Vector3.new(0.300000012, 0.800000012, 0.300000012),MeshId = "http://www.roblox.com/asset/?id=62246019",MeshType = Enum.MeshType.FileMesh,})
Weld = New("ManualWeld",Handle,"Weld",{Part0 = Handle,Part1 = AAPlaceHolder3,C0 = CFrame.new(0, 0, 0, 0.96592319, -0.249998406, 0.0669869035, 0.258818537, 0.933005989, -0.249999031, 2.29272956e-007, 0.258817375, 0.965921342),C1 = CFrame.new(-0.999994278, 0.119582653, 0, 1.96509475e-014, -1.59051002e-014, -0.999997854, 1.49011839e-007, 0.999997556, -3.53218541e-015, 0.999999702, -1.19209844e-007, 1.67088565e-014),})
LeftLeg = New("Model",chara,"LeftLeg",{})
AAPlaceHolder6 = New("Part",LeftLeg,"AAPlaceHolder6",{BrickColor = BrickColor.new("Brick yellow"),FormFactor = Enum.FormFactor.Symmetric,Size = Vector3.new(1, 2, 1),CFrame = CFrame.new(-12.4959135, 1.000054, -5.29262209, 2.19269047e-014, 1.49011839e-007, 0.999999702, 1.49011097e-008, 0.999997497, -1.19209844e-007, -0.999997795, 1.49011292e-008, 1.67088565e-014),CanCollide = false,BottomSurface = Enum.SurfaceType.Smooth,Color = Color3.new(0.843137, 0.772549, 0.603922),})
Weld = New("ManualWeld",AAPlaceHolder6,"Weld",{Part0 = AAPlaceHolder6,Part1 = chara["Left Leg"],C0 = CFrame.new(0, 0, 0, 2.19269047e-014, 1.49011097e-008, -0.999997795, 1.49011839e-007, 0.999997497, 1.49011292e-008, 0.999999702, -1.19209844e-007, 1.67088565e-014),C1 = CFrame.new(-0.0074005127, 5.13195992e-005, 0.0040845871, 7.99365795e-014, -1.49013442e-008, -0.999991357, 8.94066318e-007, 0.999990165, -1.49013104e-008, 0.999998808, -7.74864873e-007, 8.14361328e-014),})
OutfitPart = New("Part",LeftLeg,"OutfitPart",{BrickColor = BrickColor.new("Pastel orange"),FormFactor = Enum.FormFactor.Custom,Size = Vector3.new(1, 0.200000003, 1),CFrame = CFrame.new(-12.4959135, 0.900063872, -5.29262209, 6.88827106e-010, 2.38419176e-007, 0.999999702, -1.8850967e-008, 0.999997497, -2.08616996e-007, -0.999997795, -1.88509581e-008, 6.8882744e-010),CanCollide = false,Color = Color3.new(1, 0.788235, 0.788235),})
Mesh = New("BlockMesh",OutfitPart,"Mesh",{Scale = Vector3.new(1.10000002, 1, 1.10000002),})
Weld = New("ManualWeld",OutfitPart,"Weld",{Part0 = OutfitPart,Part1 = AAPlaceHolder6,C0 = CFrame.new(0, 0, 0, 6.88819168e-010, -1.88508817e-008, -0.999993563, 2.08615333e-007, 0.999991775, -1.88508444e-008, 0.999998212, -2.98032248e-008, 6.88802126e-010),C1 = CFrame.new(0, -0.0999903679, 0, 2.19269047e-014, 1.49011097e-008, -0.999997795, 1.49011839e-007, 0.999997497, 1.49011292e-008, 0.999999702, -1.19209844e-007, 1.67088565e-014),})
OutfitPart = New("Part",LeftLeg,"OutfitPart",{BrickColor = BrickColor.new("Bright red"),FormFactor = Enum.FormFactor.Custom,Size = Vector3.new(1.00000012, 1, 1),CFrame = CFrame.new(-12.4959135, 1.50013804, -5.292624, 6.88824997e-010, 5.96053766e-008, 0.999999702, -1.88509635e-008, 0.999997556, -2.98035872e-008, -0.999997854, -1.88509581e-008, 6.88821999e-010),CanCollide = false,Color = Color3.new(0.768628, 0.156863, 0.109804),})
Mesh = New("BlockMesh",OutfitPart,"Mesh",{Scale = Vector3.new(1.10000002, 1, 1.10000002),})
Weld = New("ManualWeld",OutfitPart,"Weld",{Part0 = OutfitPart,Part1 = AAPlaceHolder6,C0 = CFrame.new(0, 0, 0, 6.88815172e-010, -1.88509617e-008, -0.999997854, 1.49011797e-007, 0.999997258, -1.88509492e-008, 0.999999404, -8.9407564e-008, 6.88811008e-010),C1 = CFrame.new(0, 0.500082731, 0, 2.19269047e-014, 1.49011097e-008, -0.999997795, 1.49011839e-007, 0.999997497, 1.49011292e-008, 0.999999702, -1.19209844e-007, 1.67088565e-014),})
OutfitPart = New("Part",LeftLeg,"OutfitPart",{BrickColor = BrickColor.new("Bright red"),FormFactor = Enum.FormFactor.Custom,Size = Vector3.new(1, 0.200000003, 1),CFrame = CFrame.new(-12.4959135, 0.100042, -5.29262209, 6.88817114e-010, 1.78813281e-007, 0.999998808, -1.885088e-008, 0.999992251, -5.96054619e-008, -0.999993443, -1.88508515e-008, 6.88805013e-010),CanCollide = false,Color = Color3.new(0.768628, 0.156863, 0.109804),})
Mesh = New("BlockMesh",OutfitPart,"Mesh",{Scale = Vector3.new(1.10000002, 1, 1.10000002),})
Weld = New("ManualWeld",OutfitPart,"Weld",{Part0 = OutfitPart,Part1 = AAPlaceHolder6,C0 = CFrame.new(0, 0, 0, 6.88815172e-010, -1.88509617e-008, -0.999997854, 1.49011797e-007, 0.999997258, -1.88509492e-008, 0.999999404, -8.9407564e-008, 6.88811008e-010),C1 = CFrame.new(0, -0.900014699, 0, 2.19269047e-014, 1.49011097e-008, -0.999997795, 1.49011839e-007, 0.999997497, 1.49011292e-008, 0.999999702, -1.19209844e-007, 1.67088565e-014),})
OutfitPart = New("Part",LeftLeg,"OutfitPart",{BrickColor = BrickColor.new("Pastel orange"),FormFactor = Enum.FormFactor.Custom,Size = Vector3.new(1, 0.400000006, 1),CFrame = CFrame.new(-12.4959135, 0.400039852, -5.29262209, 6.88827106e-010, 2.38419176e-007, 0.999999702, -1.8850967e-008, 0.999997497, -2.08616996e-007, -0.999997795, -1.88509581e-008, 6.8882744e-010),CanCollide = false,Color = Color3.new(1, 0.788235, 0.788235),})
Mesh = New("BlockMesh",OutfitPart,"Mesh",{Scale = Vector3.new(1.10000002, 1, 1.10000002),})
Weld = New("ManualWeld",OutfitPart,"Weld",{Part0 = OutfitPart,Part1 = AAPlaceHolder6,C0 = CFrame.new(0, 0, 0, 6.88819168e-010, -1.88508817e-008, -0.999993563, 2.08615333e-007, 0.999991775, -1.88508444e-008, 0.999998212, -2.98032248e-008, 6.88802126e-010),C1 = CFrame.new(0, -0.60001564, 0, 2.19269047e-014, 1.49011097e-008, -0.999997795, 1.49011839e-007, 0.999997497, 1.49011292e-008, 0.999999702, -1.19209844e-007, 1.67088565e-014),})
RightArm = New("Model",chara,"RightArm",{})
AAPlaceHolder5 = New("Part",RightArm,"AAPlaceHolder5",{BrickColor = BrickColor.new("Brick yellow"),FormFactor = Enum.FormFactor.Symmetric,Size = Vector3.new(1, 2, 1),CFrame = CFrame.new(-12.4959135, 3.00057197, -7.29235411, 6.88815172e-010, 1.49011797e-007, 0.999999404, -1.88509617e-008, 0.999997258, -8.9407564e-008, -0.999997854, -1.88509492e-008, 6.88811008e-010),CanCollide = false,Color = Color3.new(0.843137, 0.772549, 0.603922),})
Weld = New("ManualWeld",AAPlaceHolder5,"Weld",{Part0 = AAPlaceHolder5,Part1 = chara["Right Arm"],C0 = CFrame.new(0, 0, 0, 6.88815172e-010, -1.88509617e-008, -0.999997854, 1.49011797e-007, 0.999997258, -1.88509492e-008, 0.999999404, -8.9407564e-008, 6.88811008e-010),C1 = CFrame.new(-0.00766372681, 0.000580072403, 0.00408267975, 6.88880009e-010, -1.88512939e-008, -1, 8.94075129e-007, 1, -1.88512956e-008, 1, -8.94075185e-007, 6.88896939e-010),})
OutfitPart = New("Part",RightArm,"OutfitPart",{BrickColor = BrickColor.new("Pastel orange"),FormFactor = Enum.FormFactor.Custom,Size = Vector3.new(1, 0.600000024, 1),CFrame = CFrame.new(-12.4959135, 3.70057392, -7.2923522, 6.88801294e-010, 2.98031964e-008, 0.999999702, -1.88509599e-008, 0.999997556, -1.45661261e-012, -0.999997854, -1.88509528e-008, 6.88797686e-010),CanCollide = false,Color = Color3.new(1, 0.788235, 0.788235),})
Mesh = New("BlockMesh",OutfitPart,"Mesh",{Scale = Vector3.new(1.04999995, 1.04999995, 1.04999995),})
Weld = New("ManualWeld",OutfitPart,"Weld",{Part0 = OutfitPart,Part1 = AAPlaceHolder5,C0 = CFrame.new(0, 0, 0, 6.88815172e-010, -1.88509617e-008, -0.999997854, 1.49011797e-007, 0.999997258, -1.88509492e-008, 0.999999404, -8.9407564e-008, 6.88811008e-010),C1 = CFrame.new(0, 0.700009108, 0, 6.88815172e-010, -1.88509617e-008, -0.999997854, 1.49011797e-007, 0.999997258, -1.88509492e-008, 0.999999404, -8.9407564e-008, 6.88811008e-010),})
LavateinPart = New("Part",RightArm,"LavateinPart",{BrickColor = BrickColor.new("Black"),FormFactor = Enum.FormFactor.Custom,Size = Vector3.new(0.200000003, 0.200000003, 0.200000003),CFrame = CFrame.new(-14.637536, 2.76374221, -7.26729441, 0.00910931826, 0.999920189, -0.00851878803, 0.0669089854, -0.00910920184, -0.997709394, -0.997710705, 0.00851855241, -0.0669867843),CanCollide = false,BottomSurface = Enum.SurfaceType.Smooth,TopSurface = Enum.SurfaceType.Smooth,Color = Color3.new(0.105882, 0.164706, 0.207843),})
Mesh = New("SpecialMesh",LavateinPart,"Mesh",{MeshType = Enum.MeshType.Wedge,})
Weld = New("ManualWeld",LavateinPart,"Weld",{Part0 = LavateinPart,Part1 = AAPlaceHolder5,C0 = CFrame.new(0, 0, 0, 0.00910932571, 0.0669093579, -0.997714996, 0.999921381, -0.00910931174, 0.00851858966, -0.00851873774, -0.997714877, -0.0669870675),C1 = CFrame.new(-0.0250597, -0.236830711, -2.1416235, 6.88815172e-010, -1.88509617e-008, -0.999997854, 1.49011797e-007, 0.999997258, -1.88509492e-008, 0.999999404, -8.9407564e-008, 6.88811008e-010),})
LavateinPart = New("Part",RightArm,"LavateinPart",{BrickColor = BrickColor.new("Black"),FormFactor = Enum.FormFactor.Custom,Size = Vector3.new(0.200000003, 0.200000003, 0.200000003),CFrame = CFrame.new(-15.0388832, 2.56786203, -7.28413916, -0.00910931826, 0.999920189, 0.00851878803, -0.0669089854, -0.00910920184, 0.997709394, 0.997710705, 0.00851855241, 0.0669867843),CanCollide = false,BottomSurface = Enum.SurfaceType.Smooth,TopSurface = Enum.SurfaceType.Smooth,Color = Color3.new(0.105882, 0.164706, 0.207843),})
Mesh = New("SpecialMesh",LavateinPart,"Mesh",{MeshType = Enum.MeshType.Wedge,})
Weld = New("ManualWeld",LavateinPart,"Weld",{Part0 = LavateinPart,Part1 = AAPlaceHolder5,C0 = CFrame.new(0, 0, 0, -0.00910932571, -0.0669093579, 0.997714996, 0.999921381, -0.00910931174, 0.00851858966, 0.00851873774, 0.997714877, 0.0669870675),C1 = CFrame.new(-0.00821495056, -0.432711363, -2.54297161, 6.88815172e-010, -1.88509617e-008, -0.999997854, 1.49011797e-007, 0.999997258, -1.88509492e-008, 0.999999404, -8.9407564e-008, 6.88811008e-010),})
LavateinPart = New("Part",RightArm,"LavateinPart",{BrickColor = BrickColor.new("Black"),FormFactor = Enum.FormFactor.Custom,Size = Vector3.new(0.200000003, 0.400000006, 0.200000003),CFrame = CFrame.new(-15.4451408, 1.87315285, -7.33443213, -0.00910931826, -0.00851878803, 0.999920189, -0.0669089854, -0.997709394, -0.00910920184, 0.997710705, -0.0669867843, 0.00851855241),CanCollide = false,BottomSurface = Enum.SurfaceType.Smooth,TopSurface = Enum.SurfaceType.Smooth,Color = Color3.new(0.105882, 0.164706, 0.207843),})
Mesh = New("SpecialMesh",LavateinPart,"Mesh",{MeshType = Enum.MeshType.Wedge,})
Weld = New("ManualWeld",LavateinPart,"Weld",{Part0 = LavateinPart,Part1 = AAPlaceHolder5,C0 = CFrame.new(0, 0, 0, -0.00910932571, -0.0669093579, 0.997714996, -0.00851873774, -0.997714877, -0.0669870675, 0.999921381, -0.00910931174, 0.00851858966),C1 = CFrame.new(0.0420780182, -1.12742245, -2.94922924, 6.88815172e-010, -1.88509617e-008, -0.999997854, 1.49011797e-007, 0.999997258, -1.88509492e-008, 0.999999404, -8.9407564e-008, 6.88811008e-010),})
LavateinPart = New("Part",RightArm,"LavateinPart",{BrickColor = BrickColor.new("Black"),FormFactor = Enum.FormFactor.Custom,Size = Vector3.new(0.200000003, 0.400000006, 0.200000003),CFrame = CFrame.new(-15.4402561, 2.47172093, -7.29420996, 0.00910931826, 0.00851878803, 0.999920189, 0.0669089854, 0.997709394, -0.00910920184, -0.997710705, 0.0669867843, 0.00851855241),CanCollide = false,BottomSurface = Enum.SurfaceType.Smooth,TopSurface = Enum.SurfaceType.Smooth,Color = Color3.new(0.105882, 0.164706, 0.207843),})
Mesh = New("SpecialMesh",LavateinPart,"Mesh",{MeshType = Enum.MeshType.Wedge,})
Weld = New("ManualWeld",LavateinPart,"Weld",{Part0 = LavateinPart,Part1 = AAPlaceHolder5,C0 = CFrame.new(0, 0, 0, 0.00910932571, 0.0669093579, -0.997714996, 0.00851873774, 0.997714877, 0.0669870675, 0.999921381, -0.00910931174, 0.00851858966),C1 = CFrame.new(0.00185585022, -0.528852701, -2.94434452, 6.88815172e-010, -1.88509617e-008, -0.999997854, 1.49011797e-007, 0.999997258, -1.88509492e-008, 0.999999404, -8.9407564e-008, 6.88811008e-010),})
LavateinPart = New("Part",RightArm,"LavateinPart",{BrickColor = BrickColor.new("Black"),FormFactor = Enum.FormFactor.Custom,Size = Vector3.new(0.200000003, 0.200000003, 0.200000003),CFrame = CFrame.new(-14.647294, 1.5665766, -7.34773588, -0.00910931826, 0.999920189, 0.00851878803, -0.0669089854, -0.00910920184, 0.997709394, 0.997710705, 0.00851855241, 0.0669867843),CanCollide = false,BottomSurface = Enum.SurfaceType.Smooth,TopSurface = Enum.SurfaceType.Smooth,Color = Color3.new(0.105882, 0.164706, 0.207843),})
Mesh = New("SpecialMesh",LavateinPart,"Mesh",{MeshType = Enum.MeshType.Wedge,})
Weld = New("ManualWeld",LavateinPart,"Weld",{Part0 = LavateinPart,Part1 = AAPlaceHolder5,C0 = CFrame.new(0, 0, 0, -0.00910932571, -0.0669093579, 0.997714996, 0.999921381, -0.00910931174, 0.00851858966, 0.00851873774, 0.997714877, 0.0669870675),C1 = CFrame.new(0.0553817749, -1.43399954, -2.15138149, 6.88815172e-010, -1.88509617e-008, -0.999997854, 1.49011797e-007, 0.999997258, -1.88509492e-008, 0.999999404, -8.9407564e-008, 6.88811008e-010),})
LavateinPart = New("Part",RightArm,"LavateinPart",{BrickColor = BrickColor.new("Black"),FormFactor = Enum.FormFactor.Custom,Size = Vector3.new(0.200000003, 0.200000003, 0.600000024),CFrame = CFrame.new(-9.64240837, 2.21939516, -7.25826025, -0.00910931826, 0.00851878803, -0.999920189, -0.0669089854, 0.997709394, 0.00910920184, 0.997710705, 0.0669867843, -0.00851855241),CanCollide = false,BottomSurface = Enum.SurfaceType.Smooth,TopSurface = Enum.SurfaceType.Smooth,Color = Color3.new(0.105882, 0.164706, 0.207843),})
Mesh = New("SpecialMesh",LavateinPart,"Mesh",{MeshType = Enum.MeshType.Wedge,})
Weld = New("ManualWeld",LavateinPart,"Weld",{Part0 = LavateinPart,Part1 = AAPlaceHolder5,C0 = CFrame.new(0, 0, 0, -0.00910932571, -0.0669093579, 0.997714996, 0.00851873774, 0.997714877, 0.0669870675, -0.999921381, 0.00910931174, -0.00851858966),C1 = CFrame.new(-0.0340938568, -0.781178713, 2.85350704, 6.88815172e-010, -1.88509617e-008, -0.999997854, 1.49011797e-007, 0.999997258, -1.88509492e-008, 0.999999404, -8.9407564e-008, 6.88811008e-010),})
LavateinPart = New("Part",RightArm,"LavateinPart",{BrickColor = BrickColor.new("Black"),FormFactor = Enum.FormFactor.Custom,Size = Vector3.new(0.200000003, 0.200000003, 0.600000024),CFrame = CFrame.new(-9.64339638, 2.01987743, -7.27162504, 0.00910931826, -0.00851878803, -0.999920189, 0.0669089854, -0.997709394, 0.00910920184, -0.997710705, -0.0669867843, -0.00851855241),CanCollide = false,BottomSurface = Enum.SurfaceType.Smooth,TopSurface = Enum.SurfaceType.Smooth,Color = Color3.new(0.105882, 0.164706, 0.207843),})
Mesh = New("SpecialMesh",LavateinPart,"Mesh",{MeshType = Enum.MeshType.Wedge,})
Weld = New("ManualWeld",LavateinPart,"Weld",{Part0 = LavateinPart,Part1 = AAPlaceHolder5,C0 = CFrame.new(0, 0, 0, 0.00910932571, 0.0669093579, -0.997714996, -0.00851873774, -0.997714877, -0.0669870675, -0.999921381, 0.00910931174, -0.00851858966),C1 = CFrame.new(-0.0207290649, -0.980696917, 2.85251904, 6.88815172e-010, -1.88509617e-008, -0.999997854, 1.49011797e-007, 0.999997258, -1.88509492e-008, 0.999999404, -8.9407564e-008, 6.88811008e-010),})
LavateinPart = New("Part",RightArm,"LavateinPart",{BrickColor = BrickColor.new("Black"),FormFactor = Enum.FormFactor.Custom,Size = Vector3.new(0.200000003, 0.200000003, 0.600000024),CFrame = CFrame.new(-15.8387585, 2.57515478, -7.29091406, -0.00910931826, -0.999920189, -0.00851878803, -0.0669089854, 0.00910920184, -0.997709394, 0.997710705, -0.00851855241, -0.0669867843),CanCollide = false,BottomSurface = Enum.SurfaceType.Smooth,TopSurface = Enum.SurfaceType.Smooth,Color = Color3.new(0.105882, 0.164706, 0.207843),})
Mesh = New("SpecialMesh",LavateinPart,"Mesh",{MeshType = Enum.MeshType.Wedge,})
Weld = New("ManualWeld",LavateinPart,"Weld",{Part0 = LavateinPart,Part1 = AAPlaceHolder5,C0 = CFrame.new(0, 0, 0, -0.00910932571, -0.0669093579, 0.997714996, -0.999921381, 0.00910931174, -0.00851858966, -0.00851873774, -0.997714877, -0.0669870675),C1 = CFrame.new(-0.00144004822, -0.425418615, -3.34284687, 6.88815172e-010, -1.88509617e-008, -0.999997854, 1.49011797e-007, 0.999997258, -1.88509492e-008, 0.999999404, -8.9407564e-008, 6.88811008e-010),})
LavateinPart = New("Part",RightArm,"LavateinPart",{BrickColor = BrickColor.new("Black"),FormFactor = Enum.FormFactor.Custom,Size = Vector3.new(0.200000003, 0.200000003, 0.200000003),CFrame = CFrame.new(-14.8387108, 2.56603003, -7.28243017, 0.00910931826, -0.999920189, 0.00851878803, 0.0669089854, 0.00910920184, 0.997709394, -0.997710705, -0.00851855241, 0.0669867843),CanCollide = false,BottomSurface = Enum.SurfaceType.Smooth,TopSurface = Enum.SurfaceType.Smooth,Color = Color3.new(0.105882, 0.164706, 0.207843),})
Mesh = New("SpecialMesh",LavateinPart,"Mesh",{MeshType = Enum.MeshType.Wedge,})
Weld = New("ManualWeld",LavateinPart,"Weld",{Part0 = LavateinPart,Part1 = AAPlaceHolder5,C0 = CFrame.new(0, 0, 0, 0.00910932571, 0.0669093579, -0.997714996, -0.999921381, 0.00910931174, -0.00851858966, 0.00851873774, 0.997714877, 0.0669870675),C1 = CFrame.new(-0.00992393494, -0.434543371, -2.34279919, 6.88815172e-010, -1.88509617e-008, -0.999997854, 1.49011797e-007, 0.999997258, -1.88509492e-008, 0.999999404, -8.9407564e-008, 6.88811008e-010),})
LavateinPart = New("Part",RightArm,"LavateinPart",{BrickColor = BrickColor.new("Black"),FormFactor = Enum.FormFactor.Custom,Size = Vector3.new(0.200000003, 0.200000003, 0.200000003),CFrame = CFrame.new(-15.2371368, 2.76920509, -7.27242041, -0.00910931826, -0.999920189, -0.00851878803, -0.0669089854, 0.00910920184, -0.997709394, 0.997710705, -0.00851855241, -0.0669867843),CanCollide = false,BottomSurface = Enum.SurfaceType.Smooth,TopSurface = Enum.SurfaceType.Smooth,Color = Color3.new(0.105882, 0.164706, 0.207843),})
Mesh = New("SpecialMesh",LavateinPart,"Mesh",{MeshType = Enum.MeshType.Wedge,})
Weld = New("ManualWeld",LavateinPart,"Weld",{Part0 = LavateinPart,Part1 = AAPlaceHolder5,C0 = CFrame.new(0, 0, 0, -0.00910932571, -0.0669093579, 0.997714996, -0.999921381, 0.00910931174, -0.00851858966, -0.00851873774, -0.997714877, -0.0669870675),C1 = CFrame.new(-0.0199337006, -0.231367826, -2.74122524, 6.88815172e-010, -1.88509617e-008, -0.999997854, 1.49011797e-007, 0.999997258, -1.88509492e-008, 0.999999404, -8.9407564e-008, 6.88811008e-010),})
LavateinPart = New("Part",RightArm,"LavateinPart",{BrickColor = BrickColor.new("Black"),FormFactor = Enum.FormFactor.Custom,Size = Vector3.new(0.400000036, 0.200000003, 0.200000003),CFrame = CFrame.new(-15.2449341, 1.87133789, -7.33272314, -0.00851878803, -0.00910931826, -0.999920189, -0.997709394, -0.0669089854, 0.00910920184, -0.0669867843, 0.997710705, -0.00851855241),CanCollide = false,BottomSurface = Enum.SurfaceType.Smooth,TopSurface = Enum.SurfaceType.Smooth,Color = Color3.new(0.105882, 0.164706, 0.207843),})
Weld = New("ManualWeld",LavateinPart,"Weld",{Part0 = LavateinPart,Part1 = AAPlaceHolder5,C0 = CFrame.new(0, 0, 0, -0.00851873774, -0.997714877, -0.0669870675, -0.00910932571, -0.0669093579, 0.997714996, -0.999921381, 0.00910931174, -0.00851858966),C1 = CFrame.new(0.0403690338, -1.12923741, -2.74902248, 6.88815172e-010, -1.88509617e-008, -0.999997854, 1.49011797e-007, 0.999997258, -1.88509492e-008, 0.999999404, -8.9407564e-008, 6.88811008e-010),})
LavateinPart = New("Part",RightArm,"LavateinPart",{BrickColor = BrickColor.new("Black"),FormFactor = Enum.FormFactor.Custom,Size = Vector3.new(0.400000006, 0.200000003, 0.200000003),CFrame = CFrame.new(-15.240057, 2.46992183, -7.29249907, 0.00851878803, 0.00910931826, -0.999920189, 0.997709394, 0.0669089854, 0.00910920184, 0.0669867843, -0.997710705, -0.00851855241),CanCollide = false,BottomSurface = Enum.SurfaceType.Smooth,TopSurface = Enum.SurfaceType.Smooth,Color = Color3.new(0.105882, 0.164706, 0.207843),})
Weld = New("ManualWeld",LavateinPart,"Weld",{Part0 = LavateinPart,Part1 = AAPlaceHolder5,C0 = CFrame.new(0, 0, 0, 0.00851873774, 0.997714877, 0.0669870675, 0.00910932571, 0.0669093579, -0.997714996, -0.999921381, 0.00910931174, -0.00851858966),C1 = CFrame.new(0.000144958496, -0.530651808, -2.74414539, 6.88815172e-010, -1.88509617e-008, -0.999997854, 1.49011797e-007, 0.999997258, -1.88509492e-008, 0.999999404, -8.9407564e-008, 6.88811008e-010),})
LavateinPart = New("Part",RightArm,"LavateinPart",{BrickColor = BrickColor.new("Black"),FormFactor = Enum.FormFactor.Custom,Size = Vector3.new(0.200000003, 0.200000003, 0.200000003),CFrame = CFrame.new(-14.8445597, 1.96749949, -7.32259035, 0.00910931826, -0.999920189, 0.00851878803, 0.0669089854, 0.00910920184, 0.997709394, -0.997710705, -0.00851855241, 0.0669867843),CanCollide = false,BottomSurface = Enum.SurfaceType.Smooth,TopSurface = Enum.SurfaceType.Smooth,Color = Color3.new(0.105882, 0.164706, 0.207843),})
Mesh = New("SpecialMesh",LavateinPart,"Mesh",{MeshType = Enum.MeshType.Wedge,})
Weld = New("ManualWeld",LavateinPart,"Weld",{Part0 = LavateinPart,Part1 = AAPlaceHolder5,C0 = CFrame.new(0, 0, 0, 0.00910932571, 0.0669093579, -0.997714996, -0.999921381, 0.00910931174, -0.00851858966, 0.00851873774, 0.997714877, 0.0669870675),C1 = CFrame.new(0.0302362442, -1.03307557, -2.34864712, 6.88815172e-010, -1.88509617e-008, -0.999997854, 1.49011797e-007, 0.999997258, -1.88509492e-008, 0.999999404, -8.9407564e-008, 6.88811008e-010),})
LavateinPart = New("Part",RightArm,"LavateinPart",{BrickColor = BrickColor.new("Black"),FormFactor = Enum.FormFactor.Custom,Size = Vector3.new(0.400000036, 0.200000003, 0.200000003),CFrame = CFrame.new(-14.6394739, 2.4644587, -7.28743505, 0.00851878803, 0.00910931826, -0.999920189, 0.997709394, 0.0669089854, 0.00910920184, 0.0669867843, -0.997710705, -0.00851855241),CanCollide = false,BottomSurface = Enum.SurfaceType.Smooth,TopSurface = Enum.SurfaceType.Smooth,Color = Color3.new(0.105882, 0.164706, 0.207843),})
Weld = New("ManualWeld",LavateinPart,"Weld",{Part0 = LavateinPart,Part1 = AAPlaceHolder5,C0 = CFrame.new(0, 0, 0, 0.00851873774, 0.997714877, 0.0669870675, 0.00910932571, 0.0669093579, -0.997714996, -0.999921381, 0.00910931174, -0.00851858966),C1 = CFrame.new(-0.00491905212, -0.536114931, -2.14356136, 6.88815172e-010, -1.88509617e-008, -0.999997854, 1.49011797e-007, 0.999997258, -1.88509492e-008, 0.999999404, -8.9407564e-008, 6.88811008e-010),})
LavateinPart = New("Part",RightArm,"LavateinPart",{BrickColor = BrickColor.new("Black"),FormFactor = Enum.FormFactor.Custom,Size = Vector3.new(0.400000036, 0.200000003, 0.200000003),CFrame = CFrame.new(-14.6453466, 1.86587393, -7.32759619, -0.00851878803, -0.00910931826, -0.999920189, -0.997709394, -0.0669089854, 0.00910920184, -0.0669867843, 0.997710705, -0.00851855241),CanCollide = false,BottomSurface = Enum.SurfaceType.Smooth,TopSurface = Enum.SurfaceType.Smooth,Color = Color3.new(0.105882, 0.164706, 0.207843),})
Weld = New("ManualWeld",LavateinPart,"Weld",{Part0 = LavateinPart,Part1 = AAPlaceHolder5,C0 = CFrame.new(0, 0, 0, -0.00851873774, -0.997714877, -0.0669870675, -0.00910932571, -0.0669093579, 0.997714996, -0.999921381, 0.00910931174, -0.00851858966),C1 = CFrame.new(0.0352420807, -1.13470137, -2.14943409, 6.88815172e-010, -1.88509617e-008, -0.999997854, 1.49011797e-007, 0.999997258, -1.88509492e-008, 0.999999404, -8.9407564e-008, 6.88811008e-010),})
LavateinPart = New("Part",RightArm,"LavateinPart",{BrickColor = BrickColor.new("Black"),FormFactor = Enum.FormFactor.Custom,Size = Vector3.new(0.200000003, 0.200000003, 0.200000003),CFrame = CFrame.new(-15.0437822, 1.96929646, -7.32430029, -0.00910931826, 0.999920189, 0.00851878803, -0.0669089854, -0.00910920184, 0.997709394, 0.997710705, 0.00851855241, 0.0669867843),CanCollide = false,BottomSurface = Enum.SurfaceType.Smooth,TopSurface = Enum.SurfaceType.Smooth,Color = Color3.new(0.105882, 0.164706, 0.207843),})
Mesh = New("SpecialMesh",LavateinPart,"Mesh",{MeshType = Enum.MeshType.Wedge,})
Weld = New("ManualWeld",LavateinPart,"Weld",{Part0 = LavateinPart,Part1 = AAPlaceHolder5,C0 = CFrame.new(0, 0, 0, -0.00910932571, -0.0669093579, 0.997714996, 0.999921381, -0.00910931174, 0.00851858966, 0.00851873774, 0.997714877, 0.0669870675),C1 = CFrame.new(0.0319461823, -1.03127861, -2.54786968, 6.88815172e-010, -1.88509617e-008, -0.999997854, 1.49011797e-007, 0.999997258, -1.88509492e-008, 0.999999404, -8.9407564e-008, 6.88811008e-010),})
LavateinPart = New("Part",RightArm,"LavateinPart",{BrickColor = BrickColor.new("Black"),FormFactor = Enum.FormFactor.Custom,Size = Vector3.new(0.200000003, 0.200000003, 0.400000006),CFrame = CFrame.new(-14.9373417, 2.76647305, -7.26985502, 0.00851878803, 0.00910931826, -0.999920189, 0.997709394, 0.0669089854, 0.00910920184, 0.0669867843, -0.997710705, -0.00851855241),CanCollide = false,BottomSurface = Enum.SurfaceType.Smooth,TopSurface = Enum.SurfaceType.Smooth,Color = Color3.new(0.105882, 0.164706, 0.207843),})
Weld = New("ManualWeld",LavateinPart,"Weld",{Part0 = LavateinPart,Part1 = AAPlaceHolder5,C0 = CFrame.new(0, 0, 0, 0.00851873774, 0.997714877, 0.0669870675, 0.00910932571, 0.0669093579, -0.997714996, -0.999921381, 0.00910931174, -0.00851858966),C1 = CFrame.new(-0.0224990845, -0.234099865, -2.44143009, 6.88815172e-010, -1.88509617e-008, -0.999997854, 1.49011797e-007, 0.999997258, -1.88509492e-008, 0.999999404, -8.9407564e-008, 6.88811008e-010),})
LavateinPart = New("Part",RightArm,"LavateinPart",{BrickColor = BrickColor.new("Black"),FormFactor = Enum.FormFactor.Custom,Size = Vector3.new(0.200000003, 0.200000003, 0.200000003),CFrame = CFrame.new(-14.8455477, 1.76793444, -7.33601904, -0.00910931826, -0.999920189, -0.00851878803, -0.0669089854, 0.00910920184, -0.997709394, 0.997710705, -0.00851855241, -0.0669867843),CanCollide = false,BottomSurface = Enum.SurfaceType.Smooth,TopSurface = Enum.SurfaceType.Smooth,Color = Color3.new(0.105882, 0.164706, 0.207843),})
Mesh = New("SpecialMesh",LavateinPart,"Mesh",{MeshType = Enum.MeshType.Wedge,})
Weld = New("ManualWeld",LavateinPart,"Weld",{Part0 = LavateinPart,Part1 = AAPlaceHolder5,C0 = CFrame.new(0, 0, 0, -0.00910932571, -0.0669093579, 0.997714996, -0.999921381, 0.00910931174, -0.00851858966, -0.00851873774, -0.997714877, -0.0669870675),C1 = CFrame.new(0.0436649323, -1.2326411, -2.34963512, 6.88815172e-010, -1.88509617e-008, -0.999997854, 1.49011797e-007, 0.999997258, -1.88509492e-008, 0.999999404, -8.9407564e-008, 6.88811008e-010),})
LavateinPart = New("Part",RightArm,"LavateinPart",{BrickColor = BrickColor.new("Black"),FormFactor = Enum.FormFactor.Custom,Size = Vector3.new(0.200000003, 0.200000003, 0.200000003),CFrame = CFrame.new(-15.0457182, 1.7697494, -7.33772802, 0.00910931826, 0.999920189, -0.00851878803, 0.0669089854, -0.00910920184, -0.997709394, -0.997710705, 0.00851855241, -0.0669867843),CanCollide = false,BottomSurface = Enum.SurfaceType.Smooth,TopSurface = Enum.SurfaceType.Smooth,Color = Color3.new(0.105882, 0.164706, 0.207843),})
Mesh = New("SpecialMesh",LavateinPart,"Mesh",{MeshType = Enum.MeshType.Wedge,})
Weld = New("ManualWeld",LavateinPart,"Weld",{Part0 = LavateinPart,Part1 = AAPlaceHolder5,C0 = CFrame.new(0, 0, 0, 0.00910932571, 0.0669093579, -0.997714996, 0.999921381, -0.00910931174, 0.00851858966, -0.00851873774, -0.997714877, -0.0669870675),C1 = CFrame.new(0.0453739166, -1.23082614, -2.54980564, 6.88815172e-010, -1.88509617e-008, -0.999997854, 1.49011797e-007, 0.999997258, -1.88509492e-008, 0.999999404, -8.9407564e-008, 6.88811008e-010),})
LavateinPart = New("Part",RightArm,"LavateinPart",{BrickColor = BrickColor.new("Black"),FormFactor = Enum.FormFactor.Custom,Size = Vector3.new(0.200000003, 0.200000003, 0.400000006),CFrame = CFrame.new(-14.9471216, 1.56930757, -7.35024023, -0.00851878803, -0.00910931826, -0.999920189, -0.997709394, -0.0669089854, 0.00910920184, -0.0669867843, 0.997710705, -0.00851855241),CanCollide = false,BottomSurface = Enum.SurfaceType.Smooth,TopSurface = Enum.SurfaceType.Smooth,Color = Color3.new(0.105882, 0.164706, 0.207843),})
Weld = New("ManualWeld",LavateinPart,"Weld",{Part0 = LavateinPart,Part1 = AAPlaceHolder5,C0 = CFrame.new(0, 0, 0, -0.00851873774, -0.997714877, -0.0669870675, -0.00910932571, -0.0669093579, 0.997714996, -0.999921381, 0.00910931174, -0.00851858966),C1 = CFrame.new(0.0578861237, -1.43126857, -2.45120907, 6.88815172e-010, -1.88509617e-008, -0.999997854, 1.49011797e-007, 0.999997258, -1.88509492e-008, 0.999999404, -8.9407564e-008, 6.88811008e-010),})
LavateinPart = New("Part",RightArm,"LavateinPart",{BrickColor = BrickColor.new("Black"),FormFactor = Enum.FormFactor.Custom,Size = Vector3.new(0.200000003, 0.200000003, 0.200000003),CFrame = CFrame.new(-15.0408592, 2.36834621, -7.29750395, 0.00910931826, 0.999920189, -0.00851878803, 0.0669089854, -0.00910920184, -0.997709394, -0.997710705, 0.00851855241, -0.0669867843),CanCollide = false,BottomSurface = Enum.SurfaceType.Smooth,TopSurface = Enum.SurfaceType.Smooth,Color = Color3.new(0.105882, 0.164706, 0.207843),})
Mesh = New("SpecialMesh",LavateinPart,"Mesh",{MeshType = Enum.MeshType.Wedge,})
Weld = New("ManualWeld",LavateinPart,"Weld",{Part0 = LavateinPart,Part1 = AAPlaceHolder5,C0 = CFrame.new(0, 0, 0, 0.00910932571, 0.0669093579, -0.997714996, 0.999921381, -0.00910931174, 0.00851858966, -0.00851873774, -0.997714877, -0.0669870675),C1 = CFrame.new(0.00514984131, -0.632227659, -2.54494762, 6.88815172e-010, -1.88509617e-008, -0.999997854, 1.49011797e-007, 0.999997258, -1.88509492e-008, 0.999999404, -8.9407564e-008, 6.88811008e-010),})
LavateinPart = New("Part",RightArm,"LavateinPart",{BrickColor = BrickColor.new("Black"),FormFactor = Enum.FormFactor.Custom,Size = Vector3.new(0.200000003, 0.200000003, 0.200000003),CFrame = CFrame.new(-15.2478828, 1.57204056, -7.35280275, 0.00910931826, -0.999920189, 0.00851878803, 0.0669089854, 0.00910920184, 0.997709394, -0.997710705, -0.00851855241, 0.0669867843),CanCollide = false,BottomSurface = Enum.SurfaceType.Smooth,TopSurface = Enum.SurfaceType.Smooth,Color = Color3.new(0.105882, 0.164706, 0.207843),})
Mesh = New("SpecialMesh",LavateinPart,"Mesh",{MeshType = Enum.MeshType.Wedge,})
