wait(0.016666666666667)
local Player = game.Players.LocalPlayer
repeat
	wait()
until Player
local Character = Player.Character
repeat
	wait()
until Character
	local Effects = {}
	local Humanoid = Character.Humanoid
	local mouse = Player:GetMouse()
	local m = Instance.new("Model", Character)
	m.Name = "WeaponModel"
	local LeftArm = Character["Left Arm"]
	local RightArm = Character["Right Arm"]
	local LeftLeg = Character["Left Leg"]
	local RightLeg = Character["Right Leg"]
	local Head = Character.Head
	local Torso = Character.Torso
	local cam = game.Workspace.CurrentCamera
	local RootPart = Character.HumanoidRootPart
	local RootJoint = RootPart.RootJoint
	local equipped = false
	local attack = false
	local Anim = "Idle"
	local idle = 0
	local attacktype = 1
	local Torsovelocity = RootPart.Velocity * Vector3.new(1, 0, 1).magnitude
	local velocity = RootPart.Velocity.y
	local sine = 0
	local change = 1
	local grabbed = false
	local cn = CFrame.new
	local mr = math.rad
	local angles = CFrame.Angles
	local ud = UDim2.new
	local c3 = Color3.new
	Humanoid.Animator.Parent = nil
	Character.Animate.Parent = nil
	local newMotor = function(part0, part1, c0, c1)
	
	local w = Instance.new("Motor", part0)
	w.Part0 = part0
	w.Part1 = part1
	w.C0 = c0
	w.C1 = c1
	return w
end

	clerp = function(a, b, t)
	
	return a:lerp(b, t)
end

	RootCF = CFrame.fromEulerAnglesXYZ(-1.57, 0, 3.14)
	NeckCF = CFrame.new(0, 1, 0, -1, 0, 0, 0, 0, 1, 0, 1, 0)
	local RW = newMotor(Torso, RightArm, CFrame.new(1.5, 0, 0), CFrame.new(0, 0, 0))
	local LW = newMotor(Torso, LeftArm, CFrame.new(-1.5, 0, 0), CFrame.new(0, 0, 0))
	local RH = newMotor(Torso, RightLeg, CFrame.new(0.5, -2, 0), CFrame.new(0, 0, 0))
	local LH = newMotor(Torso, LeftLeg, CFrame.new(-0.5, -2, 0), CFrame.new(0, 0, 0))
	RootJoint.C1 = CFrame.new(0, 0, 0)
	RootJoint.C0 = CFrame.new(0, 0, 0)
	Torso.Neck.C1 = CFrame.new(0, 0, 0)
	Torso.Neck.C0 = CFrame.new(0, 1.5, 0)
	local rarmc1 = RW.C1
	local larmc1 = LW.C1
	local rlegc1 = RH.C1
	local llegc1 = LH.C1
	local resetc1 = false
	PlayAnimationFromTable = function(table, speed, bool)
	
	RootJoint.C0 = clerp(RootJoint.C0, table[1], speed)
	Torso.Neck.C0 = clerp(Torso.Neck.C0, table[2], speed)
	RW.C0 = clerp(RW.C0, table[3], speed)
	LW.C0 = clerp(LW.C0, table[4], speed)
	RH.C0 = clerp(RH.C0, table[5], speed)
	LH.C0 = clerp(LH.C0, table[6], speed)
	if bool == true and resetc1 == false then
		resetc1 = true
		RootJoint.C1 = RootJoint.C1
		Torso.Neck.C1 = Torso.Neck.C1
		RW.C1 = rarmc1
		LW.C1 = larmc1
		RH.C1 = rlegc1
		LH.C1 = llegc1
	end
end

	ArtificialHB = Instance.new("BindableEvent", Player.PlayerGui)
	ArtificialHB.Name = "Heartbeat"
	Player.PlayerGui:WaitForChild("Heartbeat")
	frame = 0.033333333333333
	tf = 0
	allowframeloss = false
	tossremainder = false
	lastframe = tick()
	Player.PlayerGui.Heartbeat:Fire()
	local gg = false
	game:GetService("RunService").Heartbeat:connect(function(s, p)
	
	if Player.PlayerGui:FindFirstChild("Heartbeat") == nil then
		gg = true
	end
	if gg == true then
		return 
	end
	tf = tf + s
	if frame <= tf then
		if allowframeloss then
			Player.PlayerGui.Heartbeat:Fire()
			lastframe = tick()
		else
			for i = 1, math.floor(tf / frame) do
				Player.PlayerGui.Heartbeat:Fire()
			end
			lastframe = tick()
		end
		if tossremainder then
			tf = 0
		else
			tf = tf - frame * math.floor(tf / frame)
		end
	end
end
)
	swait = function(num)
	
	if num == 0 or num == nil then
		ArtificialHB.Event:wait()
	else
		for i = 0, num do
			ArtificialHB.Event:wait()
		end
	end
end

	local RbxUtility = LoadLibrary("RbxUtility")
	local Create = RbxUtility.Create
	local co1 = 9
	local co2 = 20
	local co3 = 12
	local co4 = 45
	local cooldown1 = 0
	local cooldown2 = 0
	local cooldown3 = 0
	local cooldown4 = 0
	local skillcolorscheme = BrickColor.new("Pastel Blue").Color
	local scrn = Instance.new("ScreenGui", Player.PlayerGui)
	makeframe = function(par, trans, pos, size, color)
	
	local frame = Instance.new("Frame", par)
	frame.BackgroundTransparency = trans
	frame.BorderSizePixel = 0
	frame.Position = pos
	frame.Size = size
	frame.BackgroundColor3 = color
	return frame
end

	makelabel = function(par, text)
	
	local label = Instance.new("TextLabel", par)
	label.BackgroundTransparency = 1
	label.Size = UDim2.new(1, 0, 1, 0)
	label.Position = UDim2.new(0, 0, 0, 0)
	label.TextColor3 = Color3.new(255, 255, 255)
	label.TextStrokeTransparency = 0
	label.FontSize = Enum.FontSize.Size32
	label.Font = Enum.Font.SourceSansLight
	label.BorderSizePixel = 0
	label.TextScaled = true
	label.Text = text
end

	framesk1 = makeframe(scrn, 0.5, UDim2.new(0.8, 0, 0.85, 0), UDim2.new(0.16, 0, 0.1, 0), skillcolorscheme)
	framesk2 = makeframe(scrn, 0.5, UDim2.new(0.8, 0, 0.74, 0), UDim2.new(0.16, 0, 0.1, 0), skillcolorscheme)
	framesk3 = makeframe(scrn, 0.5, UDim2.new(0.8, 0, 0.63, 0), UDim2.new(0.16, 0, 0.1, 0), skillcolorscheme)
	framesk4 = makeframe(scrn, 0.5, UDim2.new(0.8, 0, 0.52, 0), UDim2.new(0.16, 0, 0.1, 0), skillcolorscheme)
	bar1 = makeframe(framesk1, 0, UDim2.new(0, 0, 0, 0), UDim2.new(1, 0, 1, 0), skillcolorscheme)
	bar2 = makeframe(framesk2, 0, UDim2.new(0, 0, 0, 0), UDim2.new(1, 0, 1, 0), skillcolorscheme)
	bar3 = makeframe(framesk3, 0, UDim2.new(0, 0, 0, 0), UDim2.new(1, 0, 1, 0), skillcolorscheme)
	bar4 = makeframe(framesk4, 0, UDim2.new(0, 0, 0, 0), UDim2.new(1, 0, 1, 0), skillcolorscheme)
	text1 = Instance.new("TextLabel", framesk1)
	text1.BackgroundTransparency = 1
	text1.Size = UDim2.new(1, 0, 1, 0)
	text1.Position = UDim2.new(0, 0, 0, 0)
	text1.TextColor3 = Color3.new(255, 255, 255)
	text1.TextStrokeTransparency = 0
	text1.FontSize = Enum.FontSize.Size18
	text1.Font = Enum.Font.SourceSansLight
	text1.BorderSizePixel = 0
	text1.TextScaled = true
	text1.Text = "[Z]\n Azure\'s Fist"
	text2 = Instance.new("TextLabel", framesk2)
	text2.BackgroundTransparency = 1
	text2.Size = UDim2.new(1, 0, 1, 0)
	text2.Position = UDim2.new(0, 0, 0, 0)
	text2.TextColor3 = Color3.new(255, 255, 255)
	text2.TextStrokeTransparency = 0
	text2.FontSize = Enum.FontSize.Size18
	text2.Font = Enum.Font.SourceSansLight
	text2.BorderSizePixel = 0
	text2.TextScaled = true
	text2.Text = "[X]\n Ice Fortress"
	text3 = Instance.new("TextLabel", framesk3)
	text3.BackgroundTransparency = 1
	text3.Size = UDim2.new(1, 0, 1, 0)
	text3.Position = UDim2.new(0, 0, 0, 0)
	text3.TextColor3 = Color3.new(255, 255, 255)
	text3.TextStrokeTransparency = 0
	text3.FontSize = Enum.FontSize.Size18
	text3.Font = Enum.Font.SourceSansLight
	text3.BorderSizePixel = 0
	text3.TextScaled = false
	text3.Text = "[C]\n Spirice"
	text4 = Instance.new("TextLabel", framesk4)
	text4.BackgroundTransparency = 1
	text4.Size = UDim2.new(1, 0, 1, 0)
	text4.Position = UDim2.new(0, 0, 0, 0)
	text4.TextColor3 = Color3.new(255, 255, 255)
	text4.TextStrokeTransparency = 0
	text4.FontSize = Enum.FontSize.Size18
	text4.Font = Enum.Font.SourceSansLight
	text4.BorderSizePixel = 0
	text4.TextScaled = true
	text4.Text = "[V]\n Frozen Kingdom"
	RemoveOutlines = function(part)
	
	part.TopSurface = 10
end

	CreatePart = function(Parent, Material, Reflectance, Transparency, PartType, BColor, Name, Size, MeshId)
	
	if PartType == "Part" then
		local Part = Create("Part")({Parent = Parent, Reflectance = Reflectance, Transparency = Transparency, CanCollide = false, Locked = true, BrickColor = BrickColor.new(tostring(BColor)), Name = Name, Size = Size, Material = Material})
		Part.CustomPhysicalProperties = PhysicalProperties.new(0.001, 0.001, 0.001, 0.001, 0.001)
		RemoveOutlines(Part)
		return Part
	else
		do
			if PartType == "WedgePart" then
				local Part = Create("WedgePart")({Parent = Parent, Reflectance = Reflectance, Transparency = Transparency, CanCollide = false, Locked = true, BrickColor = BrickColor.new(tostring(BColor)), Name = Name, Size = Size, Material = Material})
				Part.CustomPhysicalProperties = PhysicalProperties.new(0.001, 0.001, 0.001, 0.001, 0.001)
				RemoveOutlines(Part)
				return Part
			end
		end
	end
end

	CreateMesh = function(Mesh, Part, MeshType, MeshId, OffSet, Scale)
	
	local Msh = Create(Mesh)({Parent = Part, Offset = OffSet, Scale = Scale})
	if Mesh == "SpecialMesh" then
		Msh.MeshType = MeshType
		Msh.MeshId = MeshId
	end
	return Msh
end

	CreateWeld = function(Parent, Part0, Part1, C0, C1)
	
	local Weld = Create("Weld")({Parent = Parent, Part0 = Part0, Part1 = Part1, C0 = C0, C1 = C1})
	return Weld
end

	Handle = CreatePart(m, Enum.Material.SmoothPlastic, 0, 1, "Part", "Bright blue", "Handle", Vector3.new(3.55606198, 0.227308542, 0.271095097))
	HandleWeld = CreateWeld(m, Character["Right Arm"], Handle, CFrame.new(0, 0, 0, 1, 0, 0, 0, 1, 0, 0, 0, 1), CFrame.new(-0.194036484, -1.06744099, 0.0406494141, 0, 0, -1, 0, -0.999999881, 0, -1, 0, 0))
	CreateMesh("SpecialMesh", Handle, Enum.MeshType.Cylinder, "", Vector3.new(0, 0, 0), Vector3.new(1, 1, 1))
	FakeHandle = CreatePart(m, Enum.Material.SmoothPlastic, 0, 1, "Part", "Bright blue", "FakeHandle", Vector3.new(3.55606198, 0.227308542, 0.271095097))
	FakeHandleWeld = CreateWeld(m, Handle, FakeHandle, CFrame.new(0, 0, 0, 1, 0, 0, 0, 1, 0, 0, 0, 1), CFrame.new(0, 0, 0, 1, 0, 0, 0, 1, 0, 0, 0, 1))
	CreateMesh("SpecialMesh", FakeHandle, Enum.MeshType.Cylinder, "", Vector3.new(0, 0, 0), Vector3.new(1, 1, 1))
	Hitbox = CreatePart(m, Enum.Material.SmoothPlastic, 0, 0, "Part", "Storm blue", "Hitbox", Vector3.new(9.09395504, 1.78107154, 1.88537669))
	HitboxWeld = CreateWeld(m, FakeHandle, Hitbox, CFrame.new(0, 0, 0, 1, 0, 0, 0, 1, 0, 0, 0, 1), CFrame.new(7.11891365, -0.0224838257, -0.0009765625, 1, 0, 0, 0, 1, 0, 0, 0, 1))
	CreateMesh("SpecialMesh", Hitbox, Enum.MeshType.Cylinder, "", Vector3.new(0, 0, 0), Vector3.new(1, 1, 1))
	Part = CreatePart(m, Enum.Material.Metal, 0, 0, "Part", "Institutional white", "Part", Vector3.new(0.0124348598, 0.191385105, 0.068055287))
	PartWeld = CreateWeld(m, FakeHandle, Part, CFrame.new(0, 0, 0, 1, 0, 0, 0, 1, 0, 0, 0, 1), CFrame.new(-2.39756775, -0.403594971, 0.0450401306, -0.930392146, 0, 0.366566032, -0.366566032, 0, -0.930392146, 0, -1, 0))
	Part = CreatePart(m, Enum.Material.SmoothPlastic, 0, 0, "Part", "Navy blue", "Part", Vector3.new(0.163764864, 0.148877189, 0.284163624))
	PartWeld = CreateWeld(m, FakeHandle, Part, CFrame.new(0, 0, 0, 1, 0, 0, 0, 1, 0, 0, 0, 1), CFrame.new(-0.0336227417, -0.0348205566, 2.89076233, 0, 0.707106829, -0.707106829, 0.194113031, 0.693657041, 0.693657041, 0.980979145, -0.137258619, -0.137258619))
	Part = CreatePart(m, Enum.Material.Metal, 0, 0, "Part", "Institutional white", "Part", Vector3.new(0.0680560172, 0.220658869, 0.323948592))
	PartWeld = CreateWeld(m, FakeHandle, Part, CFrame.new(0, 0, 0, 1, 0, 0, 0, 1, 0, 0, 0, 1), CFrame.new(-0.0336227417, 0.0898132324, 2.58876038, 0, 0.707106829, -0.707106829, 0.242578879, 0.685986698, 0.685986698, 0.970131695, -0.171529159, -0.171529159))
	Part = CreatePart(m, Enum.Material.Metal, 0, 0, "Part", "Institutional white", "Part", Vector3.new(0.0680560023, 0.220658824, 0.34156397))
	PartWeld = CreateWeld(m, FakeHandle, Part, CFrame.new(0, 0, 0, 1, 0, 0, 0, 1, 0, 0, 0, 1), CFrame.new(-0.0336227417, 0.714149475, 2.16702271, 0, 0.707106829, -0.707106829, 0.48434183, 0.618632734, 0.618632734, 0.874878883, -0.342481434, -0.342481434))
	Part = CreatePart(m, Enum.Material.Metal, 0, 0, "Part", "Institutional white", "Part", Vector3.new(0.0680560023, 0.220658824, 0.34156397))
	PartWeld = CreateWeld(m, FakeHandle, Part, CFrame.new(0, 0, 0, 1, 0, 0, 0, 1, 0, 0, 0, 1), CFrame.new(0.000717163086, 0.729354858, 2.15858841, 0, -0.906307876, -0.422617942, 0.484340996, 0.369739741, -0.792910099, 0.874879301, -0.204691187, 0.438962042))
	Part = CreatePart(m, Enum.Material.Metal, 0, 0, "Part", "Institutional white", "Part", Vector3.new(0.0124348607, 0.19138512, 0.0680552945))
	PartWeld = CreateWeld(m, FakeHandle, Part, CFrame.new(0, 0, 0, 1, 0, 0, 0, 1, 0, 0, 0, 1), CFrame.new(-2.40331078, -0.389001369, 0.0157318115, -0.930392146, 0.366566032, 0, -0.366566032, -0.930392146, 0, 0, 0, 1))
	Part = CreatePart(m, Enum.Material.Metal, 0, 0, "Part", "Institutional white", "Part", Vector3.new(0.0680560172, 0.220658869, 0.323948592))
	PartWeld = CreateWeld(m, FakeHandle, Part, CFrame.new(0, 0, 0, 1, 0, 0, 0, 1, 0, 0, 0, 1), CFrame.new(0.00072479248, 0.106704712, 2.58452988, 0, -0.906307876, -0.422617942, 0.242579028, 0.409995139, -0.879238069, 0.970131636, -0.102518253, 0.21985127))
	Part = CreatePart(m, Enum.Material.Neon, 0, 0, "Part", "Institutional white", "Part", Vector3.new(0.0680560097, 0.220658854, 0.284163624))
	PartWeld = CreateWeld(m, FakeHandle, Part, CFrame.new(0, 0, 0, 1, 0, 0, 0, 1, 0, 0, 0, 1), CFrame.new(-0.0336227417, -0.0467758179, 2.89076996, 0, 0.707106829, -0.707106829, 0.194113031, 0.693657041, 0.693657041, 0.980979145, -0.137258619, -0.137258619))
	Part = CreatePart(m, Enum.Material.SmoothPlastic, 0, 0, "Part", "Navy blue", "Part", Vector3.new(0.163764864, 0.148877189, 0.284163624))
	PartWeld = CreateWeld(m, FakeHandle, Part, CFrame.new(0, 0, 0, 1, 0, 0, 0, 1, 0, 0, 0, 1), CFrame.new(0.000701904297, -0.0177459717, 2.88739014, 0, -0.906307876, -0.422617942, 0.194112033, 0.41457954, -0.889069378, 0.980979443, -0.0820352361, 0.175925285))
	Part = CreatePart(m, Enum.Material.Neon, 0, 0, "Part", "Institutional white", "Part", Vector3.new(0.0680560097, 0.220658854, 0.284163624))
	PartWeld = CreateWeld(m, FakeHandle, Part, CFrame.new(0, 0, 0, 1, 0, 0, 0, 1, 0, 0, 0, 1), CFrame.new(-0.045042038, -0.0331573486, 2.88807297, 0, 1, 0, 0.194113046, 0, 0.980979264, 0.980979264, 0, -0.194113031))
	Part = CreatePart(m, Enum.Material.Metal, 0, 0, "Part", "Institutional white", "Part", Vector3.new(0.0680560172, 0.220658869, 0.323948592))
	PartWeld = CreateWeld(m, FakeHandle, Part, CFrame.new(0, 0, 0, 1, 0, 0, 0, 1, 0, 0, 0, 1), CFrame.new(-0.0157318115, 0.0880947113, 2.58918381, 0, 0, -1, 0.242578909, 0.970131636, 0, 0.970131636, -0.242578909, 0))
	Part = CreatePart(m, Enum.Material.Metal, 0, 0, "Part", "Institutional white", "Part", Vector3.new(0.0680560097, 0.220658854, 0.341564029))
	PartWeld = CreateWeld(m, FakeHandle, Part, CFrame.new(0, 0, 0, 1, 0, 0, 0, 1, 0, 0, 0, 1), CFrame.new(-0.0293731689, 0.751953125, 2.14609528, 0, 0, 1, 0.484341174, -0.874879301, 0, 0.874879301, 0.484341174, 0))
	Part = CreatePart(m, Enum.Material.Metal, 0, 0, "Part", "Steel blue", "Part", Vector3.new(2.18404269, 0.970281005, 0.890232503))
	PartWeld = CreateWeld(m, FakeHandle, Part, CFrame.new(0, 0, 0, 1, 0, 0, 0, 1, 0, 0, 0, 1), CFrame.new(0.0151062012, 4.13348389, -0.00489807129, 0, -0.707105815, 0.707107842, 1, 0, 0, 0, 0.707107842, 0.707105815))
	Part = CreatePart(m, Enum.Material.Metal, 0, 0, "Part", "Steel blue", "Part", Vector3.new(2.18404269, 0.970281005, 0.890232503))
	PartWeld = CreateWeld(m, FakeHandle, Part, CFrame.new(0, 0, 0, 1, 0, 0, 0, 1, 0, 0, 0, 1), CFrame.new(-0.00489807129, 10.1371002, -0.0150909424, 0, 0.707106829, 0.707106829, 1, 0, 0, 0, 0.707106829, -0.707106829))
	Part = CreatePart(m, Enum.Material.Metal, 0, 0, "Part", "Institutional white", "Part", Vector3.new(0.0124348607, 0.19138512, 0.0680552945))
	PartWeld = CreateWeld(m, FakeHandle, Part, CFrame.new(0, 0, 0, 1, 0, 0, 0, 1, 0, 0, 0, 1), CFrame.new(-2.3962822, -0.406845093, -0.00072479248, -0.930392265, 0.15491803, -0.332221091, -0.366565704, -0.393200845, 0.843221664, 6.24316328e-07, 0.906307638, 0.422618598))
	Part = CreatePart(m, Enum.Material.SmoothPlastic, 0, 0, "Part", "Navy blue", "Part", Vector3.new(0.075609535, 0.3325423, 0.396600127))
	PartWeld = CreateWeld(m, FakeHandle, Part, CFrame.new(0, 0, 0, 1, 0, 0, 0, 1, 0, 0, 0, 1), CFrame.new(1.61819458, 0.0229701996, 0, 1, 0, 0, 0, 1, 0, 0, 0, 1))
	CreateMesh("SpecialMesh", Part, Enum.MeshType.Cylinder, "", Vector3.new(0, 0, 0), Vector3.new(1, 1, 1))
	Part = CreatePart(m, Enum.Material.Metal, 0, 0, "Part", "Steel blue", "Part", Vector3.new(2.18404269, 0.970280886, 0.890232503))
	PartWeld = CreateWeld(m, FakeHandle, Part, CFrame.new(0, 0, 0, 1, 0, 0, 0, 1, 0, 0, 0, 1), CFrame.new(-0.00490570068, 8.13589478, -0.015083313, 0, 0.707106829, 0.707106829, 1, 0, 0, 0, 0.707106829, -0.707106829))
	Part = CreatePart(m, Enum.Material.Metal, 0, 0, "Part", "Institutional white", "Part", Vector3.new(0.0680560023, 0.220658824, 0.50938499))
	PartWeld = CreateWeld(m, FakeHandle, Part, CFrame.new(0, 0, 0, 1, 0, 0, 0, 1, 0, 0, 0, 1), CFrame.new(0.000701904297, 1.11251831, 1.58405304, 0, -0.906307876, -0.422617942, 0.64913106, 0.321475595, -0.689407229, 0.760676563, -0.27433446, 0.588312626))
	Part = CreatePart(m, Enum.Material.Metal, 0, 0, "Part", "Institutional white", "Part", Vector3.new(0.0124348607, 0.19138512, 0.0680552945))
	PartWeld = CreateWeld(m, FakeHandle, Part, CFrame.new(0, 0, 0, 1, 0, 0, 0, 1, 0, 0, 0, 1), CFrame.new(-2.40266418, -0.390640259, 0.0336380005, -0.930392265, 0.25920105, 0.25920105, -0.366565615, -0.657886624, -0.657886624, 0, -0.707106829, 0.707106829))
	Part = CreatePart(m, Enum.Material.Metal, 0, 0, "Part", "Steel blue", "Part", Vector3.new(2.18404269, 0.970281005, 0.890232503))
	PartWeld = CreateWeld(m, FakeHandle, Part, CFrame.new(0, 0, 0, 1, 0, 0, 0, 1, 0, 0, 0, 1), CFrame.new(-0.0123729706, 7.13529968, -0.00744628906, 0, 1, 0, 1, 0, 0, 0, 0, -1))
	Part = CreatePart(m, Enum.Material.Metal, 0, 0, "Part", "Institutional white", "Part", Vector3.new(0.0680560023, 0.220658824, 0.34156397))
	PartWeld = CreateWeld(m, FakeHandle, Part, CFrame.new(0, 0, 0, 1, 0, 0, 0, 1, 0, 0, 0, 1), CFrame.new(-0.0450439453, 0.726333618, 2.16029358, 0, 1, 0, 0.484341174, 0, 0.874879301, 0.874879301, 0, -0.484341174))
	Part = CreatePart(m, Enum.Material.Neon, 0, 0, "Part", "Institutional white", "Part", Vector3.new(0.0680560023, 0.220658809, 0.284163564))
	PartWeld = CreateWeld(m, FakeHandle, Part, CFrame.new(0, 0, 0, 1, 0, 0, 0, 1, 0, 0, 0, 1), CFrame.new(0.000709533691, -0.0297241211, 2.88739777, 0, -0.906307876, -0.422617942, 0.194112033, 0.41457954, -0.889069378, 0.980979443, -0.0820352361, 0.175925285))
	Part = CreatePart(m, Enum.Material.Metal, 0, 0, "Part", "Institutional white", "Part", Vector3.new(0.0680560023, 0.220658824, 0.50938499))
	PartWeld = CreateWeld(m, FakeHandle, Part, CFrame.new(0, 0, 0, 1, 0, 0, 0, 1, 0, 0, 0, 1), CFrame.new(-0.0336227417, 1.09928131, 1.59535217, 0, 0.707106829, -0.707106829, 0.649130166, 0.537880123, 0.537880123, 0.760677338, -0.459004343, -0.459004343))
	Part = CreatePart(m, Enum.Material.Metal, 0, 0, "Part", "Institutional white", "Part", Vector3.new(0.0680560023, 0.220658824, 0.50938499))
	PartWeld = CreateWeld(m, FakeHandle, Part, CFrame.new(0, 0, 0, 1, 0, 0, 0, 1, 0, 0, 0, 1), CFrame.new(-0.0157318115, 1.09793949, 1.59649658, 0, 0, -1, 0.649130285, 0.760677338, 0, 0.760677338, -0.649130285, 0))
	Part = CreatePart(m, Enum.Material.Metal, 0, 0, "Part", "Institutional white", "Part", Vector3.new(0.0680560023, 0.220658824, 0.50938499))
	PartWeld = CreateWeld(m, FakeHandle, Part, CFrame.new(0, 0, 0, 1, 0, 0, 0, 1, 0, 0, 0, 1), CFrame.new(-0.0450286865, 1.10984802, 1.58633423, 0, 1, 0, 0.649130821, 0, 0.760676801, 0.760676801, 0, -0.649130821))
	Part = CreatePart(m, Enum.Material.Neon, 0, 0, "Part", "Institutional white", "Part", Vector3.new(0.0680560023, 0.220658809, 0.284163564))
	PartWeld = CreateWeld(m, FakeHandle, Part, CFrame.new(0, 0, 0, 1, 0, 0, 0, 1, 0, 0, 0, 1), CFrame.new(-0.0157318115, -0.0485196114, 2.89111519, 0, 0, -1, 0.194112077, 0.980979383, 0, 0.980979383, -0.194112092, 0))
	Part = CreatePart(m, Enum.Material.Metal, 0, 0, "Part", "Institutional white", "Part", Vector3.new(0.0680560023, 0.220658824, 0.50938499))
	PartWeld = CreateWeld(m, FakeHandle, Part, CFrame.new(0, 0, 0, 1, 0, 0, 0, 1, 0, 0, 0, 1), CFrame.new(-0.0441589355, 1.12203979, 1.5759201, 0, 0.76604414, 0.642788053, 0.64913094, -0.488953888, 0.582711995, 0.760676742, 0.417253613, -0.497262925))
	Part = CreatePart(m, Enum.Material.SmoothPlastic, 0, 0, "Part", "Navy blue", "Part", Vector3.new(0.163764834, 0.148877174, 0.284163564))
	PartWeld = CreateWeld(m, FakeHandle, Part, CFrame.new(0, 0, 0, 1, 0, 0, 0, 1, 0, 0, 0, 1), CFrame.new(-0.0157318115, -0.0365557671, 2.89112854, 0, 0, -1, 0.194112077, 0.980979383, 0, 0.980979383, -0.194112092, 0))
	Part = CreatePart(m, Enum.Material.SmoothPlastic, 0, 0, "Part", "Bright blue", "Part", Vector3.new(3.55606198, 0.227308542, 0.271095097))
	PartWeld = CreateWeld(m, FakeHandle, Part, CFrame.new(0, 0, 0, 1, 0, 0, 0, 1, 0, 0, 0, 1), CFrame.new(0, 0, 0, 1, 0, 0, 0, 1, 0, 0, 0, 1))
	CreateMesh("SpecialMesh", Part, Enum.MeshType.Cylinder, "", Vector3.new(0, 0, 0), Vector3.new(1, 1, 1))
	Part = CreatePart(m, Enum.Material.Metal, 0, 0, "Part", "Steel blue", "Part", Vector3.new(2.18404269, 0.970281005, 0.890232503))
	PartWeld = CreateWeld(m, FakeHandle, Part, CFrame.new(0, 0, 0, 1, 0, 0, 0, 1, 0, 0, 0, 1), CFrame.new(-0.0150909424, 6.13469124, 0.00489807129, 0, 0.707106829, -0.707106829, 1, 0, 0, 0, -0.707106829, -0.707106829))
	Part = CreatePart(m, Enum.Material.SmoothPlastic, 0, 0, "Part", "Navy blue", "Part", Vector3.new(0.163764834, 0.148877174, 0.284163564))
	PartWeld = CreateWeld(m, FakeHandle, Part, CFrame.new(0, 0, 0, 1, 0, 0, 0, 1, 0, 0, 0, 1), CFrame.new(-0.0441589355, -0.00542449951, 2.88497162, 0, 0.76604414, 0.642788053, 0.194112048, -0.630561829, 0.751473486, 0.980979383, 0.124772891, -0.14869839))
	Part = CreatePart(m, Enum.Material.Neon, 0, 0, "Part", "Institutional white", "Part", Vector3.new(0.0680560023, 0.220658809, 0.284163564))
	PartWeld = CreateWeld(m, FakeHandle, Part, CFrame.new(0, 0, 0, 1, 0, 0, 0, 1, 0, 0, 0, 1), CFrame.new(-0.0441665649, -0.0174026489, 2.88495636, 0, 0.76604414, 0.642788053, 0.194112048, -0.630561829, 0.751473486, 0.980979383, 0.124772891, -0.14869839))
	Part = CreatePart(m, Enum.Material.Metal, 0, 0, "Part", "Steel blue", "Part", Vector3.new(2.18404269, 0.970281005, 0.890232503))
	PartWeld = CreateWeld(m, FakeHandle, Part, CFrame.new(0, 0, 0, 1, 0, 0, 0, 1, 0, 0, 0, 1), CFrame.new(0.0141429901, 5.13409233, 0.00720214844, 0, -1, 0, 1, 0, 0, 0, 0, 1))
	Part = CreatePart(m, Enum.Material.Metal, 0, 0, "Part", "Steel blue", "Part", Vector3.new(2.18404269, 0.970280886, 0.890232503))
	PartWeld = CreateWeld(m, FakeHandle, Part, CFrame.new(0, 0, 0, 1, 0, 0, 0, 1, 0, 0, 0, 1), CFrame.new(0.0141429901, 3.13287163, 0.00721740723, 0, -1, 0, 1, 0, 0, 0, 0, 1))
	Part = CreatePart(m, Enum.Material.Metal, 0, 0, "Part", "Steel blue", "Part", Vector3.new(2.18404269, 0.970281005, 0.890232503))
	PartWeld = CreateWeld(m, FakeHandle, Part, CFrame.new(0, 0, 0, 1, 0, 0, 0, 1, 0, 0, 0, 1), CFrame.new(-0.00744628906, 7.13529968, 0.0123729706, 0, 0, -1, 1, 0, 0, 0, -1, 0))
	Part = CreatePart(m, Enum.Material.Metal, 0, 0, "Part", "Institutional white", "Part", Vector3.new(0.0680560023, 0.220658824, 0.34156397))
	PartWeld = CreateWeld(m, FakeHandle, Part, CFrame.new(0, 0, 0, 1, 0, 0, 0, 1, 0, 0, 0, 1), CFrame.new(-0.0157318115, 0.712605476, 2.1678772, 0, 0, -1, 0.48434189, 0.874878824, 0, 0.874878824, -0.48434186, 0))
	Part = CreatePart(m, Enum.Material.Plastic, 0, 0, "Part", "Institutional white", "Part", Vector3.new(0.200000003, 0.349999994, 0.200000003))
	PartWeld = CreateWeld(m, FakeHandle, Part, CFrame.new(0, 0, 0, 1, 0, 0, 0, 1, 0, 0, 0, 1), CFrame.new(0.0292510986, 0.90250349, -5.09399033, 0, 0, 1, 0, 1, 0, -1, 0, 0))
	CreateMesh("SpecialMesh", Part, Enum.MeshType.FileMesh, "rbxassetid://568326489", Vector3.new(0, 0, 0), Vector3.new(0.00999999978, 0.00999999978, 0.00999999978))
	Part = CreatePart(m, Enum.Material.Neon, 0, 0, "Part", "Institutional white", "Part", Vector3.new(0.0862425864, 0.279625356, 0.406691492))
	PartWeld = CreateWeld(m, FakeHandle, Part, CFrame.new(0, 0, 0, 1, 0, 0, 0, 1, 0, 0, 0, 1), CFrame.new(-0.0276031494, -1.2758739, 2.98108482, 0, 0, -1, -0.145146027, 0.989410222, 0, 0.989410222, 0.145146027, 0))
	Part = CreatePart(m, Enum.Material.Neon, 0, 0, "Part", "Institutional white", "Part", Vector3.new(0.0680560097, 0.220658854, 0.284163624))
	PartWeld = CreateWeld(m, FakeHandle, Part, CFrame.new(0, 0, 0, 1, 0, 0, 0, 1, 0, 0, 0, 1), CFrame.new(-0.0293731689, -0.00439929962, 2.88238525, 0, 0, 1, 0.194113046, -0.980979264, 0, 0.980979264, 0.194113031, 0))
	Part = CreatePart(m, Enum.Material.Plastic, 0, 0, "Part", "Institutional white", "Part", Vector3.new(0.200000003, 0.479999989, 0.200000003))
	PartWeld = CreateWeld(m, FakeHandle, Part, CFrame.new(0, 0, 0, 1, 0, 0, 0, 1, 0, 0, 0, 1), CFrame.new(-1.00749207, 0.0593109131, -7.10399151, 0, -1, 0, 0, 0, 1, -1, 0, 0))
	CreateMesh("SpecialMesh", Part, Enum.MeshType.FileMesh, "rbxassetid://568364281", Vector3.new(0, 0, 0), Vector3.new(0.00999999978, 0.00999999978, 0.00999999978))
	Part = CreatePart(m, Enum.Material.Metal, 0, 0, "Part", "Institutional white", "Part", Vector3.new(0.0124348598, 0.191385105, 0.068055287))
	PartWeld = CreateWeld(m, FakeHandle, Part, CFrame.new(0, 0, 0, 1, 0, 0, 0, 1, 0, 0, 0, 1), CFrame.new(-2.38682175, -0.430853844, 0.0293731689, -0.930392444, -0.366565168, 0, -0.366565198, 0.930392444, 0, 0, 0, -1))
	Part = CreatePart(m, Enum.Material.Metal, 0, 0, "Part", "Institutional white", "Part", Vector3.new(0.0680560097, 0.220658854, 0.323948562))
	PartWeld = CreateWeld(m, FakeHandle, Part, CFrame.new(0, 0, 0, 1, 0, 0, 0, 1, 0, 0, 0, 1), CFrame.new(-0.0450363159, 0.10333252, 2.58538818, 0, 1, 0, 0.242580116, 0, 0.970131457, 0.970131457, 0, -0.242580116))
	Part = CreatePart(m, Enum.Material.Neon, 0, 0, "Part", "Institutional white", "Part", Vector3.new(0.0680560097, 0.220658854, 0.284163624))
	PartWeld = CreateWeld(m, FakeHandle, Part, CFrame.new(0, 0, 0, 1, 0, 0, 0, 1, 0, 0, 0, 1), CFrame.new(-0.00804901123, -0.00831604004, 2.88316154, 0, -0.819152296, 0.573576152, 0.194113091, -0.562666297, -0.803571343, 0.980979264, 0.111338645, 0.15900819))
	Part = CreatePart(m, Enum.Material.Metal, 0, 0, "Part", "Steel blue", "Part", Vector3.new(2.18404269, 0.970280886, 0.890232503))
	PartWeld = CreateWeld(m, FakeHandle, Part, CFrame.new(0, 0, 0, 1, 0, 0, 0, 1, 0, 0, 0, 1), CFrame.new(0.00721740723, 11.1376972, -0.0141429901, 0, 0, 1, 1, 0, 0, 0, 1, 0))
	Part = CreatePart(m, Enum.Material.Metal, 0, 0, "Part", "Steel blue", "Part", Vector3.new(2.18404269, 0.970281005, 0.890232503))
	PartWeld = CreateWeld(m, FakeHandle, Part, CFrame.new(0, 0, 0, 1, 0, 0, 0, 1, 0, 0, 0, 1), CFrame.new(-0.0151062012, 10.1371002, 0.00489807129, 0, 0.707105815, -0.707107842, 1, 0, 0, 0, -0.707107842, -0.707105815))
	Part = CreatePart(m, Enum.Material.Plastic, 0, 0, "Part", "Institutional white", "Part", Vector3.new(0.200000003, 0.479999989, 0.200000003))
	PartWeld = CreateWeld(m, FakeHandle, Part, CFrame.new(0, 0, 0, 1, 0, 0, 0, 1, 0, 0, 0, 1), CFrame.new(-1.00749207, 0.0593109131, -3.09398842, 0, -1, 0, 0, 0, 1, -1, 0, 0))
	CreateMesh("SpecialMesh", Part, Enum.MeshType.FileMesh, "rbxassetid://568364281", Vector3.new(0, 0, 0), Vector3.new(0.00999999978, 0.00999999978, 0.00999999978))
	Part = CreatePart(m, Enum.Material.Plastic, 0, 0, "Part", "Institutional white", "Part", Vector3.new(0.200000003, 0.479999989, 0.200000003))
	PartWeld = CreateWeld(m, FakeHandle, Part, CFrame.new(0, 0, 0, 1, 0, 0, 0, 1, 0, 0, 0, 1), CFrame.new(-1.06249118, 0.0206451416, -11.1339998, 0, 1, 0, 0, 0, -1, -1, 0, 0))
	CreateMesh("SpecialMesh", Part, Enum.MeshType.FileMesh, "rbxassetid://568364990", Vector3.new(0, 0, 0), Vector3.new(0.00999999978, 0.0199999996, 0.00999999978))
	Part = CreatePart(m, Enum.Material.Metal, 0, 0, "Part", "Steel blue", "Part", Vector3.new(2.18404269, 0.970280886, 0.890232503))
	PartWeld = CreateWeld(m, FakeHandle, Part, CFrame.new(0, 0, 0, 1, 0, 0, 0, 1, 0, 0, 0, 1), CFrame.new(0.00721740723, 3.13287163, -0.0141429901, 0, 0, 1, 1, 0, 0, 0, 1, 0))
	Part = CreatePart(m, Enum.Material.SmoothPlastic, 0, 0, "Part", "Navy blue", "Part", Vector3.new(0.163764864, 0.148877189, 0.284163624))
	PartWeld = CreateWeld(m, FakeHandle, Part, CFrame.new(0, 0, 0, 1, 0, 0, 0, 1, 0, 0, 0, 1), CFrame.new(-0.00804138184, 0.00366210938, 2.88315773, 0, -0.819152296, 0.573576152, 0.194113091, -0.562666297, -0.803571343, 0.980979264, 0.111338645, 0.15900819))
	Part = CreatePart(m, Enum.Material.Metal, 0, 0, "Part", "Steel blue", "Part", Vector3.new(2.18404269, 0.970280886, 0.890232503))
	PartWeld = CreateWeld(m, FakeHandle, Part, CFrame.new(0, 0, 0, 1, 0, 0, 0, 1, 0, 0, 0, 1), CFrame.new(-0.0141429901, 11.1376972, -0.00721740723, 0, 1, 0, 1, 0, 0, 0, 0, -1))
	Part = CreatePart(m, Enum.Material.SmoothPlastic, 0, 0, "Part", "Navy blue", "Part", Vector3.new(0.163764864, 0.148877189, 0.284163624))
	PartWeld = CreateWeld(m, FakeHandle, Part, CFrame.new(0, 0, 0, 1, 0, 0, 0, 1, 0, 0, 0, 1), CFrame.new(-0.0293731689, 0.007563591, 2.88237953, 0, 0, 1, 0.194113046, -0.980979264, 0, 0.980979264, 0.194113031, 0))
	Part = CreatePart(m, Enum.Material.Metal, 0, 0, "Part", "Steel blue", "Part", Vector3.new(2.18404269, 0.970281005, 0.890232503))
	PartWeld = CreateWeld(m, FakeHandle, Part, CFrame.new(0, 0, 0, 1, 0, 0, 0, 1, 0, 0, 0, 1), CFrame.new(-0.00720214844, 5.13409233, 0.0141429901, 0, 0, -1, 1, 0, 0, 0, -1, 0))
	Part = CreatePart(m, Enum.Material.Metal, 0, 0, "Part", "Institutional white", "Part", Vector3.new(0.0124348598, 0.191385105, 0.068055287))
	PartWeld = CreateWeld(m, FakeHandle, Part, CFrame.new(0, 0, 0, 1, 0, 0, 0, 1, 0, 0, 0, 1), CFrame.new(-2.39168549, -0.418525696, 0.0441513062, -0.930392385, -0.23562409, 0.280805081, -0.366565406, 0.598044813, -0.712721825, 3.94508675e-07, -0.766044259, -0.642787874))
	Part = CreatePart(m, Enum.Material.Metal, 0, 0, "Part", "Steel blue", "Part", Vector3.new(2.18404269, 0.970281005, 0.890232503))
	PartWeld = CreateWeld(m, FakeHandle, Part, CFrame.new(0, 0, 0, 1, 0, 0, 0, 1, 0, 0, 0, 1), CFrame.new(-0.00489807129, 4.13348389, -0.0150909424, 0, 0.707106829, 0.707106829, 1, 0, 0, 0, 0.707106829, -0.707106829))
	Part = CreatePart(m, Enum.Material.SmoothPlastic, 0, 0, "Part", "Navy blue", "Part", Vector3.new(0.207527667, 0.188661531, 0.406691492))
	PartWeld = CreateWeld(m, FakeHandle, Part, CFrame.new(0, 0, 0, 1, 0, 0, 0, 1, 0, 0, 0, 1), CFrame.new(-0.0276031494, -1.26071024, 2.98107529, 0, 0, -1, -0.145146027, 0.989410222, 0, 0.989410222, 0.145146027, 0))
	Part = CreatePart(m, Enum.Material.Metal, 0, 0, "Part", "Steel blue", "Part", Vector3.new(2.18404269, 0.970280886, 0.890232503))
	PartWeld = CreateWeld(m, FakeHandle, Part, CFrame.new(0, 0, 0, 1, 0, 0, 0, 1, 0, 0, 0, 1), CFrame.new(-0.0141429901, 9.13652039, -0.00721740723, 0, 1, 0, 1, 0, 0, 0, 0, -1))
	Part = CreatePart(m, Enum.Material.Metal, 0, 0, "Part", "Institutional white", "Part", Vector3.new(0.0680560097, 0.220658854, 0.341564029))
	PartWeld = CreateWeld(m, FakeHandle, Part, CFrame.new(0, 0, 0, 1, 0, 0, 0, 1, 0, 0, 0, 1), CFrame.new(-0.0441589355, 0.740348816, 2.15251923, 0, 0.76604414, 0.642788053, 0.484341055, -0.562361956, 0.670196176, 0.874879301, 0.31132862, -0.371026605))
	Part = CreatePart(m, Enum.Material.Metal, 0, 0, "Part", "Steel blue", "Part", Vector3.new(2.18404269, 0.970280886, 0.890232503))
	PartWeld = CreateWeld(m, FakeHandle, Part, CFrame.new(0, 0, 0, 1, 0, 0, 0, 1, 0, 0, 0, 1), CFrame.new(0.00721740723, 9.13652039, -0.0141429901, 0, 0, 1, 1, 0, 0, 0, 1, 0))
	Part = CreatePart(m, Enum.Material.Metal, 0, 0, "Part", "Institutional white", "Part", Vector3.new(0.0680560097, 0.220658854, 0.323948562))
	PartWeld = CreateWeld(m, FakeHandle, Part, CFrame.new(0, 0, 0, 1, 0, 0, 0, 1, 0, 0, 0, 1), CFrame.new(-0.0293731689, 0.13173914, 2.57828331, 0, 0, 1, 0.242578909, -0.970131636, 0, 0.970131636, 0.242578909, 0))
	Part = CreatePart(m, Enum.Material.Plastic, 0, 0, "Part", "Institutional white", "Part", Vector3.new(0.200000003, 0.479999989, 0.200000003))
	PartWeld = CreateWeld(m, FakeHandle, Part, CFrame.new(0, 0, 0, 1, 0, 0, 0, 1, 0, 0, 0, 1), CFrame.new(-1.02749205, 0.0593109131, -11.1339998, 0, -1, 0, 0, 0, 1, -1, 0, 0))
	CreateMesh("SpecialMesh", Part, Enum.MeshType.FileMesh, "rbxassetid://568364990", Vector3.new(0, 0, 0), Vector3.new(0.00999999978, 0.0199999996, 0.00999999978))
	Part = CreatePart(m, Enum.Material.Metal, 0, 0, "Part", "Steel blue", "Part", Vector3.new(2.18404269, 0.970280886, 0.890232503))
	PartWeld = CreateWeld(m, FakeHandle, Part, CFrame.new(0, 0, 0, 1, 0, 0, 0, 1, 0, 0, 0, 1), CFrame.new(-0.0150909424, 8.13589478, 0.00490570068, 0, 0.707105815, -0.707107842, 1, 0, 0, 0, -0.707107842, -0.707105815))
	Part = CreatePart(m, Enum.Material.Metal, 0, 0, "Part", "Institutional white", "Part", Vector3.new(0.0124348598, 0.191385105, 0.068055287))
	PartWeld = CreateWeld(m, FakeHandle, Part, CFrame.new(0, 0, 0, 1, 0, 0, 0, 1, 0, 0, 0, 1), CFrame.new(-2.38828659, -0.427124023, 0.00804901123, -0.930392265, -0.210253045, -0.300273061, -0.366565526, 0.533650935, 0.762132943, 2.26868551e-07, 0.819152296, -0.573576152))
	Part = CreatePart(m, Enum.Material.SmoothPlastic, 0, 0, "Part", "Navy blue", "Part", Vector3.new(0.163764864, 0.148877189, 0.284163624))
	PartWeld = CreateWeld(m, FakeHandle, Part, CFrame.new(0, 0, 0, 1, 0, 0, 0, 1, 0, 0, 0, 1), CFrame.new(-0.045042038, -0.0211791992, 2.88806534, 0, 1, 0, 0.194113046, 0, 0.980979264, 0.980979264, 0, -0.194113031))
	Part = CreatePart(m, Enum.Material.Metal, 0, 0, "Part", "Steel blue", "Part", Vector3.new(2.18404269, 0.970281005, 0.890232503))
	PartWeld = CreateWeld(m, FakeHandle, Part, CFrame.new(0, 0, 0, 1, 0, 0, 0, 1, 0, 0, 0, 1), CFrame.new(-0.00489807129, 6.13469124, -0.0151062012, 0, 0.707105815, 0.707107842, 1, 0, 0, 0, 0.707107842, -0.707105815))
	Part = CreatePart(m, Enum.Material.Metal, 0, 0, "Part", "Institutional white", "Part", Vector3.new(0.0680560097, 0.220658854, 0.323948562))
	PartWeld = CreateWeld(m, FakeHandle, Part, CFrame.new(0, 0, 0, 1, 0, 0, 0, 1, 0, 0, 0, 1), CFrame.new(-0.0441589355, 0.118881226, 2.58149719, 0, 0.76604414, 0.642788053, 0.242580086, -0.62358892, 0.743163466, 0.970131397, 0.155927584, -0.185827032))
	Part = CreatePart(m, Enum.Material.Plastic, 0, 0, "Part", "Institutional white", "Part", Vector3.new(0.200000003, 0.479999989, 0.200000003))
	PartWeld = CreateWeld(m, FakeHandle, Part, CFrame.new(0, 0, 0, 1, 0, 0, 0, 1, 0, 0, 0, 1), CFrame.new(-1.02749205, 0.0593109131, -9.14398956, 0, -1, 0, 0, 0, 1, -1, 0, 0))
	CreateMesh("SpecialMesh", Part, Enum.MeshType.FileMesh, "rbxassetid://568364990", Vector3.new(0, 0, 0), Vector3.new(0.00999999978, 0.0199999996, 0.00999999978))
	Part = CreatePart(m, Enum.Material.Plastic, 0, 0, "Part", "Institutional white", "Part", Vector3.new(0.200000003, 0.479999989, 0.200000003))
	PartWeld = CreateWeld(m, FakeHandle, Part, CFrame.new(0, 0, 0, 1, 0, 0, 0, 1, 0, 0, 0, 1), CFrame.new(-1.04432678, 0.057477951, -7.10399151, 0, 0, -1, 0, -1, 0, -1, 0, 0))
	CreateMesh("SpecialMesh", Part, Enum.MeshType.FileMesh, "rbxassetid://568364281", Vector3.new(0, 0, 0), Vector3.new(0.00999999978, 0.00999999978, 0.00999999978))
	Part = CreatePart(m, Enum.Material.Plastic, 0, 0, "Part", "Institutional white", "Part", Vector3.new(0.200000003, 0.479999989, 0.200000003))
	PartWeld = CreateWeld(m, FakeHandle, Part, CFrame.new(0, 0, 0, 1, 0, 0, 0, 1, 0, 0, 0, 1), CFrame.new(-1.02566528, 0.0224779844, -11.1339998, 0, 0, 1, 0, 1, 0, -1, 0, 0))
	CreateMesh("SpecialMesh", Part, Enum.MeshType.FileMesh, "rbxassetid://568364990", Vector3.new(0, 0, 0), Vector3.new(0.00999999978, 0.0199999996, 0.00999999978))
	Part = CreatePart(m, Enum.Material.Plastic, 0, 0, "Part", "Institutional white", "Part", Vector3.new(0.200000003, 0.479999989, 0.200000003))
	PartWeld = CreateWeld(m, FakeHandle, Part, CFrame.new(0, 0, 0, 1, 0, 0, 0, 1, 0, 0, 0, 1), CFrame.new(-1.00566101, 0.0224779844, -3.09398842, 0, 0, 1, 0, 1, 0, -1, 0, 0))
	CreateMesh("SpecialMesh", Part, Enum.MeshType.FileMesh, "rbxassetid://568364281", Vector3.new(0, 0, 0), Vector3.new(0.00999999978, 0.00999999978, 0.00999999978))
	Part = CreatePart(m, Enum.Material.Plastic, 0, 0, "Part", "Institutional white", "Part", Vector3.new(0.200000003, 0.479999989, 0.200000003))
	PartWeld = CreateWeld(m, FakeHandle, Part, CFrame.new(0, 0, 0, 1, 0, 0, 0, 1, 0, 0, 0, 1), CFrame.new(-1.00566101, 0.0224779844, -7.10399151, 0, 0, 1, 0, 1, 0, -1, 0, 0))
	CreateMesh("SpecialMesh", Part, Enum.MeshType.FileMesh, "rbxassetid://568364281", Vector3.new(0, 0, 0), Vector3.new(0.00999999978, 0.00999999978, 0.00999999978))
	Part = CreatePart(m, Enum.Material.Plastic, 0, 0, "Part", "Institutional white", "Part", Vector3.new(0.200000003, 0.349999994, 0.200000003))
	PartWeld = CreateWeld(m, FakeHandle, Part, CFrame.new(0, 0, 0, 1, 0, 0, 0, 1, 0, 0, 0, 1), CFrame.new(-0.00758194923, 0.900665283, -5.09399033, 0, 1, 0, 0, 0, -1, -1, 0, 0))
	CreateMesh("SpecialMesh", Part, Enum.MeshType.FileMesh, "rbxassetid://568326489", Vector3.new(0, 0, 0), Vector3.new(0.00999999978, 0.00999999978, 0.00999999978))
	Part = CreatePart(m, Enum.Material.Plastic, 0, 0, "Part", "Institutional white", "Part", Vector3.new(0.200000003, 0.479999989, 0.200000003))
	PartWeld = CreateWeld(m, FakeHandle, Part, CFrame.new(0, 0, 0, 1, 0, 0, 0, 1, 0, 0, 0, 1), CFrame.new(-1.04432678, 0.057477951, -3.09398842, 0, 0, -1, 0, -1, 0, -1, 0, 0))
	CreateMesh("SpecialMesh", Part, Enum.MeshType.FileMesh, "rbxassetid://568364281", Vector3.new(0, 0, 0), Vector3.new(0.00999999978, 0.00999999978, 0.00999999978))
	Part = CreatePart(m, Enum.Material.Plastic, 0, 0, "Part", "Institutional white", "Part", Vector3.new(0.200000003, 0.349999994, 0.200000003))
	PartWeld = CreateWeld(m, FakeHandle, Part, CFrame.new(0, 0, 0, 1, 0, 0, 0, 1, 0, 0, 0, 1), CFrame.new(-0.01612854, 0.918701172, -4.09398651, 0, 0.707106829, -0.707106829, 0, -0.707106829, -0.707106829, -1, 0, 0))
	CreateMesh("SpecialMesh", Part, Enum.MeshType.FileMesh, "rbxassetid://568326489", Vector3.new(0, 0, 0), Vector3.new(0.00999999978, 0.00999999978, 0.00999999978))
	Part = CreatePart(m, Enum.Material.Plastic, 0, 0, "Part", "Institutional white", "Part", Vector3.new(0.200000003, 0.479999989, 0.200000003))
	PartWeld = CreateWeld(m, FakeHandle, Part, CFrame.new(0, 0, 0, 1, 0, 0, 0, 1, 0, 0, 0, 1), CFrame.new(-1.02370453, 0.0139389038, -10.1039886, 0, 0.707106829, 0.707106829, 0, 0.707106829, -0.707106829, -1, 0, 0))
	CreateMesh("SpecialMesh", Part, Enum.MeshType.FileMesh, "rbxassetid://568364281", Vector3.new(0, 0, 0), Vector3.new(0.00999999978, 0.00999999978, 0.00999999978))
	Part = CreatePart(m, Enum.Material.Plastic, 0, 0, "Part", "Institutional white", "Part", Vector3.new(0.200000003, 0.479999989, 0.200000003))
	PartWeld = CreateWeld(m, FakeHandle, Part, CFrame.new(0, 0, 0, 1, 0, 0, 0, 1, 0, 0, 0, 1), CFrame.new(-1.0578537, 0.0280838013, -6.14399147, 0, 0.707106829, 0.707106829, 0, 0.707106829, -0.707106829, -1, 0, 0))
	CreateMesh("SpecialMesh", Part, Enum.MeshType.FileMesh, "rbxassetid://568364990", Vector3.new(0, 0, 0), Vector3.new(0.00999999978, 0.0199999996, 0.00999999978))
	Part = CreatePart(m, Enum.Material.Plastic, 0, 0, "Part", "Institutional white", "Part", Vector3.new(0.200000003, 0.479999989, 0.200000003))
	PartWeld = CreateWeld(m, FakeHandle, Part, CFrame.new(0, 0, 0, 1, 0, 0, 0, 1, 0, 0, 0, 1), CFrame.new(-1.04248714, 0.0206451416, -7.10399151, 0, 1, 0, 0, 0, -1, -1, 0, 0))
	CreateMesh("SpecialMesh", Part, Enum.MeshType.FileMesh, "rbxassetid://568364281", Vector3.new(0, 0, 0), Vector3.new(0.00999999978, 0.00999999978, 0.00999999978))
	Part = CreatePart(m, Enum.Material.Plastic, 0, 0, "Part", "Institutional white", "Part", Vector3.new(0.200000003, 0.479999989, 0.200000003))
	PartWeld = CreateWeld(m, FakeHandle, Part, CFrame.new(0, 0, 0, 1, 0, 0, 0, 1, 0, 0, 0, 1), CFrame.new(-1.04248714, 0.0206451416, -3.09398842, 0, 1, 0, 0, 0, -1, -1, 0, 0))
	CreateMesh("SpecialMesh", Part, Enum.MeshType.FileMesh, "rbxassetid://568364281", Vector3.new(0, 0, 0), Vector3.new(0.00999999978, 0.00999999978, 0.00999999978))
	Part = CreatePart(m, Enum.Material.Plastic, 0, 0, "Part", "Institutional white", "Part", Vector3.new(0.200000003, 0.479999989, 0.200000003))
	PartWeld = CreateWeld(m, FakeHandle, Part, CFrame.new(0, 0, 0, 1, 0, 0, 0, 1, 0, 0, 0, 1), CFrame.new(-1.02566528, 0.0224779844, -9.14398956, 0, 0, 1, 0, 1, 0, -1, 0, 0))
