--Converted by Chromium
script.Parent = nil
Character = game.Players.localPlayer.Character
Humanoid = Character.Humanoid
if Humanoid:findFirstChild("Animate") then
  Humanoid:findFirstChild("Animate"):Destroy()
end
Meshes = {Blast = "20329976", Crown = "1323306", Ring = "3270017", Claw = "10681506", Crystal = "9756362", Coil = "9753878", Cloud = "1095708"}
clangsounds = {"199149119", "199149109", "199149072", "199149025", "199148971"}
hitsounds = {"199149137", "199149186", "199149221", "199149235", "199149269", "199149297"}
blocksounds = {"199148933", "199148947"}
armorsounds = {"199149321", "199149338", "199149367", "199149409", "199149452"}
woosh = {Heavy1 = "320557353", Heavy2 = "320557382", Heavy3 = "320557453", Heavy4 = "199144226", Heavy5 = "203691447", Heavy6 = "203691467", Heavy7 = "203691492", Light1 = "320557413", Light2 = "320557487", Light3 = "199145095", Light4 = "199145146", Light5 = "199145887", Light6 = "199145913", Light7 = "199145841", Medium1 = "320557518", Medium2 = "320557537", Medium3 = "320557563", Medium4 = "199145204"}
music = {Breaking = "179281636", FinalReckoning = "357375770", NotDeadYet = "346175829", Intense = "151514610", JumpP1 = "160536628", JumpP2 = "60536666", SonsOfWar = "158929777", WrathOfSea = "165520893", ProtectorsOfEarth = "160542922", SkyTitans = "179282324", ArchAngel = "144043274", Anticipation = "168614529", TheMartyred = "186849544", AwakeP1 = "335631255", AwakeP2 = "335631297", ReadyAimFireP1 = "342455387", ReadyAimFireP2 = "342455399", DarkLordP1 = "209567483", DarkLordP2 = "209567529", BloodDrainP1 = "162914123", BloodDrainP2 = "162914203", DanceOfSwords = "320473062", Opal = "286415112", Calamity = "190454307", Hypnotica = "155968128", Nemisis = "160453802", Breathe = "276963903", GateToTheRift = "270655227", InfernalBeserking = "244143404", Trust = "246184492", AwakeningTheProject = "245121821", BloodPain = "242545577", Chaos = "247241693", NightmareFictionHighStake = "248062278", TheWhiteWeapon = "247236446", Gale = "256851659", ImperialCode = "256848383", Blitzkrieg = "306431437", RhapsodyRage = "348690251", TheGodFist = "348541501", BattleForSoul = "321185592", TheDarkColossus = "305976780", EmpireOfAngels = "302580452", Kronos = "302205297", Exorcist = "299796054", CrimsonFlames = "297799220", UltimatePower = "295753229", DrivingInTheDark = "295753229", AscendToPower = "293860654", GodOfTheSun = "293612495", DarkRider = "293861765", Vengeance = "293375555", SoundOfWar = "293376196", HellsCrusaders = "293012202", Legend = "293011823", RisingSouls = "290524959"}
misc = {GroundSlam = "199145477", LaserSlash = "199145497", RailGunFire = "199145534", Charge1 = "199145659", Charge2 = "169380469", Charge3 = "169380479", EmptyGun = "203691822", GunShoot = "203691837", Stomp1 = "200632875", Stomp2 = "200632561", TelsaCannonCharge = "169445572", TelsaCannonShoot = "169445602", AncientHymm = "245313442"}
wait(0.016666666666667)
Player = game:GetService("Players").LocalPlayer
Character = Player.Character
PlayerGui = Player.PlayerGui
Backpack = Player.Backpack
Torso = Character.Torso
Head = Character.Head
Humanoid = Character.Humanoid
LeftArm = Character["Left Arm"]
LeftLeg = Character["Left Leg"]
RightArm = Character["Right Arm"]
RightLeg = Character["Right Leg"]
LS = Torso["Left Shoulder"]
LH = Torso["Left Hip"]
RS = Torso["Right Shoulder"]
RH = Torso["Right Hip"]
Face = Head.face
Neck = Torso.Neck
attacktype = 1
vt = Vector3.new
cf = CFrame.new
euler = CFrame.fromEulerAnglesXYZ
angles = CFrame.Angles
cloaked = false
necko = cf(0, 1, 0, -1, 0, 0, 0, 0, 1, 0, 1, 0)
necko2 = cf(0, -0.5, 0, -1, 0, 0, 0, 0, 1, 0, 1, 0)
LHC0 = cf(-1, -1, 0, 0, 0, -1, 0, 1, 0, 1, 0, 0)
LHC1 = cf(-0.5, 1, 0, 0, 0, -1, 0, 1, 0, 1, 0, 0)
RHC0 = cf(1, -1, 0, 0, 0, 1, 0, 1, 0, -1, 0, 0)
RHC1 = cf(0.5, 1, 0, 0, 0, 1, 0, 1, 0, -1, 0, 0)
RootPart = Character.HumanoidRootPart
RootJoint = RootPart.RootJoint
RootCF = euler(-1.57, 0, 3.14)
attack = false
attackdebounce = false
deb = false
equipped = true
hand = false
MMouse = nil
combo = 0
mana = 0
trispeed = 0.2
attackmode = "none"
local idle = 0
local Anim = "Idle"
local gun = false
local shoot = false
player = nil
mana = 0
Character:FindFirstChild("Animate"):Destroy()
Humanoid:findFirstChild("Animator"):Destroy()
Humanoid.WalkSpeed = 12
print("Gladiator loaded.")
mouse = Player:GetMouse()
RSH = nil
RW = Instance.new("Weld")
LW = Instance.new("Weld")
RW.Name = "Right Shoulder"
LW.Name = "Left Shoulder"
LH = Torso["Left Hip"]
RH = Torso["Right Hip"]
TorsoColor = Torso.BrickColor
NoOutline = function(Part)
  Part.TopSurface = 10
end
player = Player
ch = Character
RSH = ch.Torso["Right Shoulder"]
LSH = ch.Torso["Left Shoulder"]
RSH.Parent = nil
LSH.Parent = nil
RW.Name = "Right Shoulder"
RW.Part0 = ch.Torso
RW.C0 = cf(1.5, 0.5, 0)
RW.C1 = cf(0, 0.5, 0)
RW.Part1 = ch["Right Arm"]
RW.Parent = ch.Torso
LW.Name = "Left Shoulder"
LW.Part0 = ch.Torso
LW.C0 = cf(-1.5, 0.5, 0)
LW.C1 = cf(0, 0.5, 0)
LW.Part1 = ch["Left Arm"]
LW.Parent = ch.Torso
Player = game:GetService("Players").LocalPlayer
Character = Player.Character
Mouse = Player:GetMouse()
m = Instance.new("Model", Character)
m.Name = "Gladiator\'s Greatsword"
local weldBetween = function(a, b)
  local weldd = Instance.new("ManualWeld")
  weldd.Part0 = a
  weldd.Part1 = b
  weldd.C0 = CFrame.new()
  weldd.C1 = b.CFrame:inverse() * a.CFrame
  weldd.Parent = a
  return weldd
end
it = Instance.new
nooutline = function(part)
  part.TopSurface = 10
end
rainParts = {}
part = function(formfactor, parent, material, reflectance, transparency, brickcolor, name, size)
  local fp = it("Part")
  fp.formFactor = formfactor
  fp.Parent = parent
  fp.Reflectance = reflectance
  fp.Transparency = transparency
  fp.CanCollide = false
  fp.Locked = true
  if brickcolor == TorsoColor then
    table.insert(rainParts, #rainParts + 1, fp)
  end
  fp.BrickColor = BrickColor.new(tostring(brickcolor))
  fp.Name = name
  fp.Size = size
  fp.Position = Character.Torso.Position
  nooutline(fp)
  fp.Material = material
  fp:BreakJoints()
  return fp
end
mesh = function(Mesh, part, meshtype, meshid, offset, scale)
  local mesh = it(Mesh)
  mesh.Parent = part
  if Mesh == "SpecialMesh" then
    mesh.MeshType = meshtype
    mesh.MeshId = meshid
  end
  mesh.Offset = offset
  mesh.Scale = scale
  return mesh
end
weld = function(parent, part0, part1, c0, c1)
  local weld = it("Weld")
  weld.Parent = parent
  weld.Part0 = part0
  weld.Part1 = part1
  weld.C0 = c0
  weld.C1 = c1
  return weld
end
local wep = Instance.new("Model")
wep.Name = "Gladiator's Greatsword"
p1 = Instance.new("Part", wep)
p1.BrickColor = BrickColor.new("Really black")
p1.Material = Enum.Material.SmoothPlastic
p1.Transparency = 1
p1.Name = "Handle"
p1.CFrame = CFrame.new(-1306.18677, 523.897644, 334.908051, 0.409549743, -0.797001302, -0.443912029, 0.824144244, 0.531893909, -0.194615349, 0.391222775, -0.286142886, 0.874681056)
p1.Anchored = true
p1.Locked = true
p1.Size = Vector3.new(0.300000012, 0.300000012, 0.300000012)
p1.BackSurface = Enum.SurfaceType.SmoothNoOutlines
p1.BottomSurface = Enum.SurfaceType.SmoothNoOutlines
p1.FrontSurface = Enum.SurfaceType.SmoothNoOutlines
p1.LeftSurface = Enum.SurfaceType.SmoothNoOutlines
p1.RightSurface = Enum.SurfaceType.SmoothNoOutlines
p1.TopSurface = Enum.SurfaceType.SmoothNoOutlines
p2 = Instance.new("Part", wep)
p2.BrickColor = BrickColor.new("Smoky grey")
p2.Material = Enum.Material.Metal
p2.Transparency = 1
p2.Name = "Hitbox"
p2.CFrame = CFrame.new(-1308.26184, 518.222229, 332.590515, 0.443940967, -0.797059774, 0.409404665, 0.194779128, 0.53181088, 0.824159145, -0.874629974, -0.286134481, 0.391343206)
p2.Anchored = true
p2.Locked = true
p2.Size = Vector3.new(0.75, 1, 8.25)
p2.BackSurface = Enum.SurfaceType.SmoothNoOutlines
p2.BottomSurface = Enum.SurfaceType.SmoothNoOutlines
p2.FrontSurface = Enum.SurfaceType.SmoothNoOutlines
p2.LeftSurface = Enum.SurfaceType.SmoothNoOutlines
p2.RightSurface = Enum.SurfaceType.SmoothNoOutlines
p2.TopSurface = Enum.SurfaceType.SmoothNoOutlines
p3 = Instance.new("Part", wep)
p3.BrickColor = BrickColor.new("Smoky grey")
p3.Material = Enum.Material.Metal
p3.Transparency = 1
p3.Name = "Hitbox2"
p3.CFrame = CFrame.new(-1310.73596, 514.769653, 330.566284, 0.444127917, -0.390199929, 0.806532323, 0.194764882, 0.920704424, 0.338186413, -0.874538183, 0.00688612461, 0.484907776)
p3.Anchored = true
p3.Locked = true
p3.Size = Vector3.new(0.75, 1, 3)
p3.BackSurface = Enum.SurfaceType.SmoothNoOutlines
p3.BottomSurface = Enum.SurfaceType.SmoothNoOutlines
p3.FrontSurface = Enum.SurfaceType.SmoothNoOutlines
p3.LeftSurface = Enum.SurfaceType.SmoothNoOutlines
p3.RightSurface = Enum.SurfaceType.SmoothNoOutlines
p3.TopSurface = Enum.SurfaceType.SmoothNoOutlines
p4 = Instance.new("Part", wep)
p4.BrickColor = BrickColor.new("Bright blue")
p4.Material = Enum.Material.Metal
p4.Reflectance = 0.25
p4.CFrame = CFrame.new(-1305.52661, 525.2276, 335.539337, 0.409496605, -0.797047198, -0.44387874, 0.824162066, 0.531843722, -0.194676951, 0.391240835, -0.286108464, 0.874684274)
p4.Anchored = true
p4.Locked = true
p4.Size = Vector3.new(0.300000012, 0.300000012, 0.300000012)
p4.BackSurface = Enum.SurfaceType.SmoothNoOutlines
p4.BottomSurface = Enum.SurfaceType.SmoothNoOutlines
p4.FrontSurface = Enum.SurfaceType.SmoothNoOutlines
p4.LeftSurface = Enum.SurfaceType.SmoothNoOutlines
p4.RightSurface = Enum.SurfaceType.SmoothNoOutlines
p4.TopSurface = Enum.SurfaceType.SmoothNoOutlines
b1 = Instance.new("SpecialMesh", p4)
b1.MeshType = Enum.MeshType.Sphere
b1.Name = "Mesh"
b1.Scale = Vector3.new(1.25, 1.25, 1.25)
p5 = Instance.new("Part", wep)
p5.BrickColor = BrickColor.new("Black")
p5.Material = Enum.Material.Metal
p5.CFrame = CFrame.new(-1310.34631, 515.390808, 330.902191, 0.447369576, -0.851413667, -0.273779511, 0.194162816, -0.206359267, 0.959018588, -0.873018503, -0.48219353, 0.072994031)
p5.Anchored = true
p5.Locked = true
p5.Size = Vector3.new(0.300000012, 0.300000012, 0.300000012)
p5.BackSurface = Enum.SurfaceType.SmoothNoOutlines
p5.BottomSurface = Enum.SurfaceType.SmoothNoOutlines
p5.FrontSurface = Enum.SurfaceType.SmoothNoOutlines
p5.LeftSurface = Enum.SurfaceType.SmoothNoOutlines
p5.RightSurface = Enum.SurfaceType.SmoothNoOutlines
p5.TopSurface = Enum.SurfaceType.SmoothNoOutlines
b2 = Instance.new("SpecialMesh", p5)
b2.MeshType = Enum.MeshType.Cylinder
b2.Name = "Mesh"
b2.Scale = Vector3.new(2.00999999, 0.25, 0.25)
p6 = Instance.new("Part", wep)
p6.BrickColor = BrickColor.new("Bright blue")
p6.Material = Enum.Material.Metal
p6.Reflectance = 0.25
p6.CFrame = CFrame.new(-1306.85242, 522.556946, 334.271576, 0.409496605, -0.797047198, -0.44387874, 0.824162066, 0.531843722, -0.194676951, 0.391240835, -0.286108464, 0.874684274)
p6.Anchored = true
p6.Locked = true
p6.Size = Vector3.new(0.300000012, 0.300000012, 0.300000012)
p6.BackSurface = Enum.SurfaceType.SmoothNoOutlines
p6.BottomSurface = Enum.SurfaceType.SmoothNoOutlines
p6.FrontSurface = Enum.SurfaceType.SmoothNoOutlines
p6.LeftSurface = Enum.SurfaceType.SmoothNoOutlines
p6.RightSurface = Enum.SurfaceType.SmoothNoOutlines
p6.TopSurface = Enum.SurfaceType.SmoothNoOutlines
b3 = Instance.new("SpecialMesh", p6)
b3.MeshType = Enum.MeshType.Sphere
b3.Name = "Mesh"
b3.Scale = Vector3.new(1.25, 1.25, 1.25)
p7 = Instance.new("Part", wep)
p7.BrickColor = BrickColor.new("Bright red")
p7.Material = Enum.Material.Metal
p7.CFrame = CFrame.new(-1306.18677, 523.897644, 334.908051, 0.409496605, -0.797047198, -0.44387874, 0.824162066, 0.531843722, -0.194676951, 0.391240835, -0.286108464, 0.874684274)
p7.Anchored = true
p7.Locked = true
p7.Size = Vector3.new(0.300000012, 0.300000012, 0.300000012)
p7.BackSurface = Enum.SurfaceType.SmoothNoOutlines
p7.BottomSurface = Enum.SurfaceType.SmoothNoOutlines
p7.FrontSurface = Enum.SurfaceType.SmoothNoOutlines
p7.LeftSurface = Enum.SurfaceType.SmoothNoOutlines
p7.RightSurface = Enum.SurfaceType.SmoothNoOutlines
p7.TopSurface = Enum.SurfaceType.SmoothNoOutlines
b4 = Instance.new("SpecialMesh", p7)
b4.MeshType = Enum.MeshType.Cylinder
b4.Name = "Mesh"
b4.Scale = Vector3.new(10, 1, 1)
p8 = Instance.new("Part", wep)
p8.BrickColor = BrickColor.new("Black")
p8.Material = Enum.Material.Metal
p8.CFrame = CFrame.new(-1309.79358, 517.488098, 331.649963, 0.443940967, -0.797059774, 0.409404665, 0.194779128, 0.53181088, 0.824159145, -0.874629974, -0.286134481, 0.391343206)
p8.Anchored = true
p8.Locked = true
p8.Size = Vector3.new(0.300000012, 0.300000012, 0.300000012)
p8.BackSurface = Enum.SurfaceType.SmoothNoOutlines
p8.BottomSurface = Enum.SurfaceType.SmoothNoOutlines
p8.FrontSurface = Enum.SurfaceType.SmoothNoOutlines
p8.LeftSurface = Enum.SurfaceType.SmoothNoOutlines
p8.RightSurface = Enum.SurfaceType.SmoothNoOutlines
p8.TopSurface = Enum.SurfaceType.SmoothNoOutlines
b5 = Instance.new("SpecialMesh", p8)
b5.MeshType = Enum.MeshType.Cylinder
b5.Name = "Mesh"
b5.Scale = Vector3.new(2.00999999, 0.25, 0.25)
p9 = Instance.new("Part", wep)
p9.BrickColor = BrickColor.new("Bright blue")
p9.Material = Enum.Material.Metal
p9.CFrame = CFrame.new(-1307.08569, 522.087097, 334.048523, 0.409496605, -0.797047198, -0.44387874, 0.824162066, 0.531843722, -0.194676951, 0.391240835, -0.286108464, 0.874684274)
p9.Anchored = true
p9.Locked = true
p9.Size = Vector3.new(0.300000012, 0.300000012, 0.300000012)
p9.BackSurface = Enum.SurfaceType.SmoothNoOutlines
p9.BottomSurface = Enum.SurfaceType.SmoothNoOutlines
p9.FrontSurface = Enum.SurfaceType.SmoothNoOutlines
p9.LeftSurface = Enum.SurfaceType.SmoothNoOutlines
p9.RightSurface = Enum.SurfaceType.SmoothNoOutlines
p9.TopSurface = Enum.SurfaceType.SmoothNoOutlines
b6 = Instance.new("SpecialMesh", p9)
b6.MeshId = "http://www.roblox.com/asset/?id=12221505"
b6.TextureId = ""
b6.MeshType = Enum.MeshType.FileMesh
b6.Name = "Mesh"
b6.Scale = Vector3.new(0.075000003, 1.13999999, 0.764999986)
p10 = Instance.new("Part", wep)
p10.BrickColor = BrickColor.new("Medium stone grey")
p10.Material = Enum.Material.Metal
p10.Reflectance = 0.25
p10.CFrame = CFrame.new(-1306.80029, 522.662048, 334.321442, 0.409496605, -0.797047198, -0.44387874, 0.824162066, 0.531843722, -0.194676951, 0.391240835, -0.286108464, 0.874684274)
p10.Anchored = true
p10.Locked = true
p10.Size = Vector3.new(0.300000012, 0.300000012, 0.300000012)
p10.BackSurface = Enum.SurfaceType.SmoothNoOutlines
p10.BottomSurface = Enum.SurfaceType.SmoothNoOutlines
p10.FrontSurface = Enum.SurfaceType.SmoothNoOutlines
p10.LeftSurface = Enum.SurfaceType.SmoothNoOutlines
p10.RightSurface = Enum.SurfaceType.SmoothNoOutlines
p10.TopSurface = Enum.SurfaceType.SmoothNoOutlines
b7 = Instance.new("SpecialMesh", p10)
b7.MeshType = Enum.MeshType.Cylinder
b7.Name = "Mesh"
b7.Scale = Vector3.new(0.100000001, 1.20000005, 1.20000005)
p11 = Instance.new("Part", wep)
p11.BrickColor = BrickColor.new("Bright blue")
p11.Material = Enum.Material.Metal
p11.Reflectance = 0.25
p11.CFrame = CFrame.new(-1306.81567, 522.631042, 334.306793, 0.409496605, -0.797047198, -0.44387874, 0.824162066, 0.531843722, -0.194676951, 0.391240835, -0.286108464, 0.874684274)
p11.Anchored = true
p11.Locked = true
p11.Size = Vector3.new(0.300000012, 0.300000012, 0.300000012)
p11.BackSurface = Enum.SurfaceType.SmoothNoOutlines
p11.BottomSurface = Enum.SurfaceType.SmoothNoOutlines
p11.FrontSurface = Enum.SurfaceType.SmoothNoOutlines
p11.LeftSurface = Enum.SurfaceType.SmoothNoOutlines
p11.RightSurface = Enum.SurfaceType.SmoothNoOutlines
p11.TopSurface = Enum.SurfaceType.SmoothNoOutlines
b8 = Instance.new("SpecialMesh", p11)
b8.MeshType = Enum.MeshType.Sphere
b8.Name = "Mesh"
b8.Scale = Vector3.new(0.5, 1.25, 1.25)
p12 = Instance.new("Part", wep)
p12.BrickColor = BrickColor.new("Medium stone grey")
p12.Material = Enum.Material.Metal
p12.Reflectance = 0.25
p12.CFrame = CFrame.new(-1306.82788, 522.606384, 334.295044, 0.409496605, -0.797047198, -0.44387874, 0.824162066, 0.531843722, -0.194676951, 0.391240835, -0.286108464, 0.874684274)
p12.Anchored = true
p12.Locked = true
p12.Size = Vector3.new(0.300000012, 0.300000012, 0.300000012)
p12.BackSurface = Enum.SurfaceType.SmoothNoOutlines
p12.BottomSurface = Enum.SurfaceType.SmoothNoOutlines
p12.FrontSurface = Enum.SurfaceType.SmoothNoOutlines
p12.LeftSurface = Enum.SurfaceType.SmoothNoOutlines
p12.RightSurface = Enum.SurfaceType.SmoothNoOutlines
p12.TopSurface = Enum.SurfaceType.SmoothNoOutlines
b9 = Instance.new("SpecialMesh", p12)
b9.MeshType = Enum.MeshType.Cylinder
b9.Name = "Mesh"
b9.Scale = Vector3.new(0.100000001, 1.20000005, 1.20000005)
p13 = Instance.new("Part", wep)
p13.BrickColor = BrickColor.new("Black")
p13.Material = Enum.Material.Metal
p13.CFrame = CFrame.new(-1311.06421, 515.869385, 330.644745, 0.443940967, -0.797059774, 0.409404665, 0.194779128, 0.53181088, 0.824159145, -0.874629974, -0.286134481, 0.391343206)
p13.Anchored = true
p13.Locked = true
p13.Size = Vector3.new(0.300000012, 0.300000012, 0.300000012)
p13.BackSurface = Enum.SurfaceType.SmoothNoOutlines
p13.BottomSurface = Enum.SurfaceType.SmoothNoOutlines
p13.FrontSurface = Enum.SurfaceType.SmoothNoOutlines
p13.LeftSurface = Enum.SurfaceType.SmoothNoOutlines
p13.RightSurface = Enum.SurfaceType.SmoothNoOutlines
p13.TopSurface = Enum.SurfaceType.SmoothNoOutlines
b10 = Instance.new("SpecialMesh", p13)
b10.MeshType = Enum.MeshType.Cylinder
b10.Name = "Mesh"
b10.Scale = Vector3.new(2.00999999, 0.25, 0.25)
p14 = Instance.new("Part", wep)
p14.BrickColor = BrickColor.new("Black")
p14.Material = Enum.Material.Metal
p14.CFrame = CFrame.new(-1311.55664, 514.883362, 330.175385, 0.444127917, -0.390199929, 0.806532323, 0.194764882, 0.920704424, 0.338186413, -0.874538183, 0.00688612461, 0.484907776)
p14.Anchored = true
p14.Locked = true
p14.Size = Vector3.new(0.300000012, 0.300000012, 0.300000012)
p14.BackSurface = Enum.SurfaceType.SmoothNoOutlines
p14.BottomSurface = Enum.SurfaceType.SmoothNoOutlines
p14.FrontSurface = Enum.SurfaceType.SmoothNoOutlines
p14.LeftSurface = Enum.SurfaceType.SmoothNoOutlines
p14.RightSurface = Enum.SurfaceType.SmoothNoOutlines
p14.TopSurface = Enum.SurfaceType.SmoothNoOutlines
b11 = Instance.new("SpecialMesh", p14)
b11.MeshType = Enum.MeshType.Cylinder
b11.Name = "Mesh"
b11.Scale = Vector3.new(2.00999999, 0.25, 0.25)
p15 = Instance.new("Part", wep)
p15.BrickColor = BrickColor.new("Medium stone grey")
p15.Material = Enum.Material.Metal
p15.Reflectance = 0.25
p15.CFrame = CFrame.new(-1305.55725, 525.16571, 335.509979, 0.409496605, -0.797047198, -0.44387874, 0.824162066, 0.531843722, -0.194676951, 0.391240835, -0.286108464, 0.874684274)
p15.Anchored = true
p15.Locked = true
p15.Size = Vector3.new(0.300000012, 0.300000012, 0.300000012)
p15.BackSurface = Enum.SurfaceType.SmoothNoOutlines
p15.BottomSurface = Enum.SurfaceType.SmoothNoOutlines
p15.FrontSurface = Enum.SurfaceType.SmoothNoOutlines
p15.LeftSurface = Enum.SurfaceType.SmoothNoOutlines
p15.RightSurface = Enum.SurfaceType.SmoothNoOutlines
p15.TopSurface = Enum.SurfaceType.SmoothNoOutlines
b12 = Instance.new("SpecialMesh", p15)
b12.MeshType = Enum.MeshType.Cylinder
b12.Name = "Mesh"
b12.Scale = Vector3.new(0.100000001, 1.20000005, 1.20000005)
p16 = Instance.new("Part", wep)
p16.BrickColor = BrickColor.new("Black")
p16.Material = Enum.Material.Metal
p16.CFrame = CFrame.new(-1310.40747, 516.251648, 331.063049, 0.443940967, -0.797059774, 0.409404665, 0.194779128, 0.53181088, 0.824159145, -0.874629974, -0.286134481, 0.391343206)
p16.Anchored = true
p16.Locked = true
p16.Size = Vector3.new(0.300000012, 0.300000012, 0.300000012)
p16.BackSurface = Enum.SurfaceType.SmoothNoOutlines
p16.BottomSurface = Enum.SurfaceType.SmoothNoOutlines
p16.FrontSurface = Enum.SurfaceType.SmoothNoOutlines
p16.LeftSurface = Enum.SurfaceType.SmoothNoOutlines
p16.RightSurface = Enum.SurfaceType.SmoothNoOutlines
p16.TopSurface = Enum.SurfaceType.SmoothNoOutlines
b13 = Instance.new("SpecialMesh", p16)
b13.MeshType = Enum.MeshType.Cylinder
b13.Name = "Mesh"
b13.Scale = Vector3.new(2.00999999, 0.25, 0.25)
p17 = Instance.new("Part", wep)
p17.BrickColor = BrickColor.new("Black")
p17.Material = Enum.Material.Metal
p17.CFrame = CFrame.new(-1308.505, 519.100159, 332.662872, 0.443940967, -0.797059774, 0.409404665, 0.194779128, 0.53181088, 0.824159145, -0.874629974, -0.286134481, 0.391343206)
p17.Anchored = true
p17.Locked = true
p17.Size = Vector3.new(0.300000012, 0.300000012, 0.300000012)
p17.BackSurface = Enum.SurfaceType.SmoothNoOutlines
p17.BottomSurface = Enum.SurfaceType.SmoothNoOutlines
p17.FrontSurface = Enum.SurfaceType.SmoothNoOutlines
p17.LeftSurface = Enum.SurfaceType.SmoothNoOutlines
p17.RightSurface = Enum.SurfaceType.SmoothNoOutlines
p17.TopSurface = Enum.SurfaceType.SmoothNoOutlines
b14 = Instance.new("SpecialMesh", p17)
b14.MeshType = Enum.MeshType.Cylinder
b14.Name = "Mesh"
b14.Scale = Vector3.new(2.00999999, 0.25, 0.25)
p18 = Instance.new("Part", wep)
p18.BrickColor = BrickColor.new("Ghost grey")
p18.Material = Enum.Material.Metal
p18.CFrame = CFrame.new(-1310.82727, 514.71521, 330.506653, -0.443798274, 0.390326768, 0.806652427, -0.19477433, -0.920650065, 0.338328958, 0.874703407, -0.00696536899, 0.484608531)
p18.Anchored = true
p18.Locked = true
p18.Size = Vector3.new(0.300000012, 0.300000012, 0.300000012)
p18.BackSurface = Enum.SurfaceType.SmoothNoOutlines
p18.BottomSurface = Enum.SurfaceType.SmoothNoOutlines
p18.FrontSurface = Enum.SurfaceType.SmoothNoOutlines
p18.LeftSurface = Enum.SurfaceType.SmoothNoOutlines
p18.RightSurface = Enum.SurfaceType.SmoothNoOutlines
p18.TopSurface = Enum.SurfaceType.SmoothNoOutlines
b15 = Instance.new("SpecialMesh", p18)
b15.MeshType = Enum.MeshType.Torso
b15.Name = "Mesh"
b15.Scale = Vector3.new(2, 2.5, 7.5)
p19 = Instance.new("Part", wep)
p19.BrickColor = BrickColor.new("Smoky grey")
p19.Material = Enum.Material.Metal
p19.CFrame = CFrame.new(-1310.9751, 515.053345, 330.507202, -0.443847209, 0.797172487, 0.409286857, -0.194840506, -0.531665742, 0.8242383, 0.87466383, 0.286090195, 0.391299844)
p19.Anchored = true
p19.Locked = true
p19.Size = Vector3.new(0.300000012, 0.300000012, 0.300000012)
p19.BackSurface = Enum.SurfaceType.SmoothNoOutlines
p19.BottomSurface = Enum.SurfaceType.SmoothNoOutlines
p19.FrontSurface = Enum.SurfaceType.SmoothNoOutlines
p19.LeftSurface = Enum.SurfaceType.SmoothNoOutlines
p19.RightSurface = Enum.SurfaceType.SmoothNoOutlines
p19.TopSurface = Enum.SurfaceType.SmoothNoOutlines
b16 = Instance.new("SpecialMesh", p19)
b16.MeshType = Enum.MeshType.Wedge
b16.Name = "Mesh"
b16.Scale = Vector3.new(2, 4.5, 6)
p20 = Instance.new("Part", wep)
p20.BrickColor = BrickColor.new("Ghost grey")
p20.Material = Enum.Material.Metal
p20.CFrame = CFrame.new(-1308.3396, 518.117981, 332.527374, -0.443847209, 0.797172487, 0.409286857, -0.194840506, -0.531665742, 0.8242383, 0.87466383, 0.286090195, 0.391299844)
p20.Anchored = true
p20.Locked = true
p20.Size = Vector3.new(0.300000012, 0.300000012, 0.300000012)
p20.BackSurface = Enum.SurfaceType.SmoothNoOutlines
p20.BottomSurface = Enum.SurfaceType.SmoothNoOutlines
p20.FrontSurface = Enum.SurfaceType.SmoothNoOutlines
p20.LeftSurface = Enum.SurfaceType.SmoothNoOutlines
p20.RightSurface = Enum.SurfaceType.SmoothNoOutlines
p20.TopSurface = Enum.SurfaceType.SmoothNoOutlines
b17 = Instance.new("SpecialMesh", p20)
b17.MeshType = Enum.MeshType.Torso
b17.Name = "Mesh"
b17.Scale = Vector3.new(1.60000002, 2.5, 25)
p21 = Instance.new("Part", wep)
p21.BrickColor = BrickColor.new("Black")
p21.Material = Enum.Material.Metal
p21.CFrame = CFrame.new(-1307.95203, 521.197327, 333.410797, 0.443940967, -0.797059774, 0.409404665, 0.194779128, 0.53181088, 0.824159145, -0.874629974, -0.286134481, 0.391343206)
p21.Anchored = true
p21.Locked = true
p21.Size = Vector3.new(0.300000012, 0.300000012, 0.300000012)
p21.BackSurface = Enum.SurfaceType.SmoothNoOutlines
p21.BottomSurface = Enum.SurfaceType.SmoothNoOutlines
p21.FrontSurface = Enum.SurfaceType.SmoothNoOutlines
p21.LeftSurface = Enum.SurfaceType.SmoothNoOutlines
p21.RightSurface = Enum.SurfaceType.SmoothNoOutlines
p21.TopSurface = Enum.SurfaceType.SmoothNoOutlines
b18 = Instance.new("SpecialMesh", p21)
b18.MeshType = Enum.MeshType.Cylinder
b18.Name = "Mesh"
b18.Scale = Vector3.new(2.00999999, 0.25, 0.25)
p22 = Instance.new("Part", wep)
p22.BrickColor = BrickColor.new("Black")
p22.Material = Enum.Material.Metal
p22.CFrame = CFrame.new(-1307.27734, 521.573059, 333.836761, 0.443940967, -0.797059774, 0.409404665, 0.194779128, 0.53181088, 0.824159145, -0.874629974, -0.286134481, 0.391343206)
p22.Anchored = true
p22.Locked = true
p22.Size = Vector3.new(0.300000012, 0.300000012, 0.300000012)
p22.BackSurface = Enum.SurfaceType.SmoothNoOutlines
p22.BottomSurface = Enum.SurfaceType.SmoothNoOutlines
p22.FrontSurface = Enum.SurfaceType.SmoothNoOutlines
p22.LeftSurface = Enum.SurfaceType.SmoothNoOutlines
p22.RightSurface = Enum.SurfaceType.SmoothNoOutlines
p22.TopSurface = Enum.SurfaceType.SmoothNoOutlines
b19 = Instance.new("SpecialMesh", p22)
b19.MeshType = Enum.MeshType.Cylinder
b19.Name = "Mesh"
b19.Scale = Vector3.new(2.00999999, 0.25, 0.25)
p23 = Instance.new("Part", wep)
p23.BrickColor = BrickColor.new("Black")
p23.Material = Enum.Material.Metal
p23.CFrame = CFrame.new(-1309.22266, 519.578674, 332.405579, 0.443940967, -0.797059774, 0.409404665, 0.194779128, 0.53181088, 0.824159145, -0.874629974, -0.286134481, 0.391343206)
p23.Anchored = true
p23.Locked = true
p23.Size = Vector3.new(0.300000012, 0.300000012, 0.300000012)
p23.BackSurface = Enum.SurfaceType.SmoothNoOutlines
p23.BottomSurface = Enum.SurfaceType.SmoothNoOutlines
p23.FrontSurface = Enum.SurfaceType.SmoothNoOutlines
p23.LeftSurface = Enum.SurfaceType.SmoothNoOutlines
p23.RightSurface = Enum.SurfaceType.SmoothNoOutlines
p23.TopSurface = Enum.SurfaceType.SmoothNoOutlines
b20 = Instance.new("SpecialMesh", p23)
b20.MeshType = Enum.MeshType.Cylinder
b20.Name = "Mesh"
b20.Scale = Vector3.new(2.00999999, 0.25, 0.25)
p24 = Instance.new("Part", wep)
p24.BrickColor = BrickColor.new("Fossil")
p24.Material = Enum.Material.Metal
p24.CFrame = CFrame.new(-1307.14709, 521.96344, 333.989838, 0.409496605, -0.797047198, -0.44387874, 0.824162066, 0.531843722, -0.194676951, 0.391240835, -0.286108464, 0.874684274)
p24.Anchored = true
p24.Locked = true
p24.Size = Vector3.new(0.300000012, 0.300000012, 0.300000012)
p24.BackSurface = Enum.SurfaceType.SmoothNoOutlines
p24.BottomSurface = Enum.SurfaceType.SmoothNoOutlines
p24.FrontSurface = Enum.SurfaceType.SmoothNoOutlines
p24.LeftSurface = Enum.SurfaceType.SmoothNoOutlines
p24.RightSurface = Enum.SurfaceType.SmoothNoOutlines
p24.TopSurface = Enum.SurfaceType.SmoothNoOutlines
b21 = Instance.new("SpecialMesh", p24)
b21.MeshId = "http://www.roblox.com/asset/?id=12221505"
b21.TextureId = ""
b21.MeshType = Enum.MeshType.FileMesh
b21.Name = "Mesh"
b21.Scale = Vector3.new(0.075000003, 1.13999999, 0.764999986)
p25 = Instance.new("Part", wep)
p25.BrickColor = BrickColor.new("Black")
p25.Material = Enum.Material.Metal
p25.CFrame = CFrame.new(-1309.83643, 518.342224, 331.818634, 0.443940967, -0.797059774, 0.409404665, 0.194779128, 0.53181088, 0.824159145, -0.874629974, -0.286134481, 0.391343206)
p25.Anchored = true
p25.Locked = true
p25.Size = Vector3.new(0.300000012, 0.300000012, 0.300000012)
p25.BackSurface = Enum.SurfaceType.SmoothNoOutlines
p25.BottomSurface = Enum.SurfaceType.SmoothNoOutlines
p25.FrontSurface = Enum.SurfaceType.SmoothNoOutlines
p25.LeftSurface = Enum.SurfaceType.SmoothNoOutlines
p25.RightSurface = Enum.SurfaceType.SmoothNoOutlines
p25.TopSurface = Enum.SurfaceType.SmoothNoOutlines
b22 = Instance.new("SpecialMesh", p25)
b22.MeshType = Enum.MeshType.Cylinder
b22.Name = "Mesh"
b22.Scale = Vector3.new(2.00999999, 0.25, 0.25)
p26 = Instance.new("Part", wep)
p26.BrickColor = BrickColor.new("Medium stone grey")
p26.Material = Enum.Material.Metal
p26.Reflectance = 0.25
p26.CFrame = CFrame.new(-1306.91992, 522.420959, 334.207001, 0.409496605, -0.797047198, -0.44387874, 0.824162066, 0.531843722, -0.194676951, 0.391240835, -0.286108464, 0.874684274)
p26.Anchored = true
p26.Locked = true
p26.Size = Vector3.new(0.300000012, 0.300000012, 0.300000012)
p26.BackSurface = Enum.SurfaceType.SmoothNoOutlines
p26.BottomSurface = Enum.SurfaceType.SmoothNoOutlines
p26.FrontSurface = Enum.SurfaceType.SmoothNoOutlines
p26.LeftSurface = Enum.SurfaceType.SmoothNoOutlines
p26.RightSurface = Enum.SurfaceType.SmoothNoOutlines
p26.TopSurface = Enum.SurfaceType.SmoothNoOutlines
b23 = Instance.new("SpecialMesh", p26)
b23.MeshType = Enum.MeshType.Cylinder
b23.Name = "Mesh"
b23.Scale = Vector3.new(0.200000003, 1.39999998, 1.39999998)
p27 = Instance.new("Part", wep)
p27.BrickColor = BrickColor.new("Black")
p27.Material = Enum.Material.Metal
p27.CFrame = CFrame.new(-1310.45032, 517.105896, 331.231689, 0.443940967, -0.797059774, 0.409404665, 0.194779128, 0.53181088, 0.824159145, -0.874629974, -0.286134481, 0.391343206)
p27.Anchored = true
p27.Locked = true
p27.Size = Vector3.new(0.300000012, 0.300000012, 0.300000012)
p27.BackSurface = Enum.SurfaceType.SmoothNoOutlines
p27.BottomSurface = Enum.SurfaceType.SmoothNoOutlines
p27.FrontSurface = Enum.SurfaceType.SmoothNoOutlines
p27.LeftSurface = Enum.SurfaceType.SmoothNoOutlines
p27.RightSurface = Enum.SurfaceType.SmoothNoOutlines
p27.TopSurface = Enum.SurfaceType.SmoothNoOutlines
b24 = Instance.new("SpecialMesh", p27)
b24.MeshType = Enum.MeshType.Cylinder
b24.Name = "Mesh"
b24.Scale = Vector3.new(2.00999999, 0.25, 0.25)
p28 = Instance.new("Part", wep)
p28.BrickColor = BrickColor.new("Black")
p28.Material = Enum.Material.Metal
p28.CFrame = CFrame.new(-1309.1189, 517.863831, 332.075928, 0.443940967, -0.797059774, 0.409404665, 0.194779128, 0.53181088, 0.824159145, -0.874629974, -0.286134481, 0.391343206)
p28.Anchored = true
p28.Locked = true
p28.Size = Vector3.new(0.300000012, 0.300000012, 0.300000012)
p28.BackSurface = Enum.SurfaceType.SmoothNoOutlines
p28.BottomSurface = Enum.SurfaceType.SmoothNoOutlines
p28.FrontSurface = Enum.SurfaceType.SmoothNoOutlines
p28.LeftSurface = Enum.SurfaceType.SmoothNoOutlines
p28.RightSurface = Enum.SurfaceType.SmoothNoOutlines
p28.TopSurface = Enum.SurfaceType.SmoothNoOutlines
b25 = Instance.new("SpecialMesh", p28)
b25.MeshType = Enum.MeshType.Cylinder
b25.Name = "Mesh"
b25.Scale = Vector3.new(2.00999999, 0.25, 0.25)
p29 = Instance.new("Part", wep)
p29.BrickColor = BrickColor.new("Black")
p29.Material = Enum.Material.Metal
p29.CFrame = CFrame.new(-1308.56592, 519.960876, 332.823853, 0.443940967, -0.797059774, 0.409404665, 0.194779128, 0.53181088, 0.824159145, -0.874629974, -0.286134481, 0.391343206)
p29.Anchored = true
p29.Locked = true
p29.Size = Vector3.new(0.300000012, 0.300000012, 0.300000012)
p29.BackSurface = Enum.SurfaceType.SmoothNoOutlines
p29.BottomSurface = Enum.SurfaceType.SmoothNoOutlines
p29.FrontSurface = Enum.SurfaceType.SmoothNoOutlines
p29.LeftSurface = Enum.SurfaceType.SmoothNoOutlines
p29.RightSurface = Enum.SurfaceType.SmoothNoOutlines
p29.TopSurface = Enum.SurfaceType.SmoothNoOutlines
b26 = Instance.new("SpecialMesh", p29)
b26.MeshType = Enum.MeshType.Cylinder
b26.Name = "Mesh"
b26.Scale = Vector3.new(2.00999999, 0.25, 0.25)
p30 = Instance.new("Part", wep)
p30.BrickColor = BrickColor.new("Smoky grey")
p30.Material = Enum.Material.Metal
p30.CFrame = CFrame.new(-1306.96289, 522.33429, 334.165924, 0.409496605, -0.797047198, -0.44387874, 0.824162066, 0.531843722, -0.194676951, 0.391240835, -0.286108464, 0.874684274)
p30.Anchored = true
p30.Locked = true
p30.Size = Vector3.new(0.300000012, 0.300000012, 0.300000012)
p30.BackSurface = Enum.SurfaceType.SmoothNoOutlines
p30.BottomSurface = Enum.SurfaceType.SmoothNoOutlines
p30.FrontSurface = Enum.SurfaceType.SmoothNoOutlines
p30.LeftSurface = Enum.SurfaceType.SmoothNoOutlines
p30.RightSurface = Enum.SurfaceType.SmoothNoOutlines
p30.TopSurface = Enum.SurfaceType.SmoothNoOutlines
b27 = Instance.new("SpecialMesh", p30)
b27.MeshId = "http://www.roblox.com/asset/?id=12221505"
b27.TextureId = ""
b27.MeshType = Enum.MeshType.FileMesh
b27.Name = "Mesh"
b27.Scale = Vector3.new(0.150000006, 1.20000005, 0.825000048)
p31 = Instance.new("Part", wep)
p31.BrickColor = BrickColor.new("Ghost grey")
p31.Material = Enum.Material.Metal
p31.CFrame = CFrame.new(-1308.23535, 518.328186, 332.627167, -0.443847209, 0.797172487, 0.409286857, -0.194840506, -0.531665742, 0.8242383, 0.87466383, 0.286090195, 0.391299844)
p31.Anchored = true
p31.Locked = true
p31.Size = Vector3.new(0.300000012, 0.300000012, 0.300000012)
p31.BackSurface = Enum.SurfaceType.SmoothNoOutlines
p31.BottomSurface = Enum.SurfaceType.SmoothNoOutlines
p31.FrontSurface = Enum.SurfaceType.SmoothNoOutlines
p31.LeftSurface = Enum.SurfaceType.SmoothNoOutlines
p31.RightSurface = Enum.SurfaceType.SmoothNoOutlines
p31.TopSurface = Enum.SurfaceType.SmoothNoOutlines
b28 = Instance.new("SpecialMesh", p31)
b28.MeshType = Enum.MeshType.Torso
b28.Name = "Mesh"
b28.Scale = Vector3.new(2, 2.5, 25)
p32 = Instance.new("Part", wep)
p32.BrickColor = BrickColor.new("Medium stone grey")
p32.Material = Enum.Material.Metal
p32.Reflectance = 0.25
p32.CFrame = CFrame.new(-1306.88928, 522.482727, 334.236359, 0.409496605, -0.797047198, -0.44387874, 0.824162066, 0.531843722, -0.194676951, 0.391240835, -0.286108464, 0.874684274)
p32.Anchored = true
p32.Locked = true
p32.Size = Vector3.new(0.300000012, 0.300000012, 0.300000012)
p32.BackSurface = Enum.SurfaceType.SmoothNoOutlines
p32.BottomSurface = Enum.SurfaceType.SmoothNoOutlines
p32.FrontSurface = Enum.SurfaceType.SmoothNoOutlines
p32.LeftSurface = Enum.SurfaceType.SmoothNoOutlines
p32.RightSurface = Enum.SurfaceType.SmoothNoOutlines
p32.TopSurface = Enum.SurfaceType.SmoothNoOutlines
b29 = Instance.new("SpecialMesh", p32)
b29.MeshType = Enum.MeshType.Cylinder
b29.Name = "Mesh"
b29.Scale = Vector3.new(0.100000001, 1.20000005, 1.20000005)
p33 = Instance.new("Part", wep)
p33.BrickColor = BrickColor.new("Black")
p33.Material = Enum.Material.Metal
p33.CFrame = CFrame.new(-1307.89124, 520.336609, 333.249817, 0.443940967, -0.797059774, 0.409404665, 0.194779128, 0.53181088, 0.824159145, -0.874629974, -0.286134481, 0.391343206)
p33.Anchored = true
p33.Locked = true
p33.Size = Vector3.new(0.300000012, 0.300000012, 0.300000012)
p33.BackSurface = Enum.SurfaceType.SmoothNoOutlines
p33.BottomSurface = Enum.SurfaceType.SmoothNoOutlines
p33.FrontSurface = Enum.SurfaceType.SmoothNoOutlines
p33.LeftSurface = Enum.SurfaceType.SmoothNoOutlines
p33.RightSurface = Enum.SurfaceType.SmoothNoOutlines
p33.TopSurface = Enum.SurfaceType.SmoothNoOutlines
b30 = Instance.new("SpecialMesh", p33)
b30.MeshType = Enum.MeshType.Cylinder
b30.Name = "Mesh"
b30.Scale = Vector3.new(2.00999999, 0.25, 0.25)
p34 = Instance.new("Part", wep)
p34.BrickColor = BrickColor.new("Black")
p34.Material = Enum.Material.Metal
p34.CFrame = CFrame.new(-1307.99487, 522.051453, 333.579437, 0.443940967, -0.797059774, 0.409404665, 0.194779128, 0.53181088, 0.824159145, -0.874629974, -0.286134481, 0.391343206)
p34.Anchored = true
p34.Locked = true
p34.Size = Vector3.new(0.300000012, 0.300000012, 0.300000012)
p34.BackSurface = Enum.SurfaceType.SmoothNoOutlines
p34.BottomSurface = Enum.SurfaceType.SmoothNoOutlines
p34.FrontSurface = Enum.SurfaceType.SmoothNoOutlines
p34.LeftSurface = Enum.SurfaceType.SmoothNoOutlines
p34.RightSurface = Enum.SurfaceType.SmoothNoOutlines
p34.TopSurface = Enum.SurfaceType.SmoothNoOutlines
b31 = Instance.new("SpecialMesh", p34)
b31.MeshType = Enum.MeshType.Cylinder
b31.Name = "Mesh"
b31.Scale = Vector3.new(2.00999999, 0.25, 0.25)
p35 = Instance.new("Part", wep)
p35.BrickColor = BrickColor.new("Smoky grey")
p35.Material = Enum.Material.Metal
p35.CFrame = CFrame.new(-1307.08569, 522.087097, 334.048523, 0.409496605, -0.797047198, -0.44387874, 0.824162066, 0.531843722, -0.194676951, 0.391240835, -0.286108464, 0.874684274)
p35.Anchored = true
p35.Locked = true
p35.Size = Vector3.new(0.300000012, 0.300000012, 0.300000012)
p35.BackSurface = Enum.SurfaceType.SmoothNoOutlines
p35.BottomSurface = Enum.SurfaceType.SmoothNoOutlines
p35.FrontSurface = Enum.SurfaceType.SmoothNoOutlines
p35.LeftSurface = Enum.SurfaceType.SmoothNoOutlines
p35.RightSurface = Enum.SurfaceType.SmoothNoOutlines
p35.TopSurface = Enum.SurfaceType.SmoothNoOutlines
b32 = Instance.new("SpecialMesh", p35)
b32.MeshId = "http://www.roblox.com/asset/?id=12221505"
b32.TextureId = ""
b32.MeshType = Enum.MeshType.FileMesh
b32.Name = "Mesh"
b32.Scale = Vector3.new(0.600000024, 1.125, 0.75)
p36 = Instance.new("Part", wep)
p36.BrickColor = BrickColor.new("Smoky grey")
p36.Material = Enum.Material.Metal
p36.CFrame = CFrame.new(-1307.2085, 521.839783, 333.931152, 0.409496605, -0.797047198, -0.44387874, 0.824162066, 0.531843722, -0.194676951, 0.391240835, -0.286108464, 0.874684274)
p36.Anchored = true
p36.Locked = true
p36.Size = Vector3.new(0.300000012, 0.300000012, 0.300000012)
p36.BackSurface = Enum.SurfaceType.SmoothNoOutlines
p36.BottomSurface = Enum.SurfaceType.SmoothNoOutlines
p36.FrontSurface = Enum.SurfaceType.SmoothNoOutlines
p36.LeftSurface = Enum.SurfaceType.SmoothNoOutlines
p36.RightSurface = Enum.SurfaceType.SmoothNoOutlines
p36.TopSurface = Enum.SurfaceType.SmoothNoOutlines
b33 = Instance.new("SpecialMesh", p36)
b33.MeshId = "http://www.roblox.com/asset/?id=12221505"
b33.TextureId = ""
b33.MeshType = Enum.MeshType.FileMesh
b33.Name = "Mesh"
b33.Scale = Vector3.new(0.150000006, 1.20000005, 0.825000048)
p37 = Instance.new("Part", wep)
p37.BrickColor = BrickColor.new("Ghost grey")
p37.Material = Enum.Material.Metal
p37.CFrame = CFrame.new(-1310.63367, 514.796448, 330.622986, -0.443798274, 0.390326768, 0.806652427, -0.19477433, -0.920650065, 0.338328958, 0.874703407, -0.00696536899, 0.484608531)
p37.Anchored = true
p37.Locked = true
p37.Size = Vector3.new(0.300000012, 0.300000012, 0.300000012)
p37.BackSurface = Enum.SurfaceType.SmoothNoOutlines
p37.BottomSurface = Enum.SurfaceType.SmoothNoOutlines
p37.FrontSurface = Enum.SurfaceType.SmoothNoOutlines
p37.LeftSurface = Enum.SurfaceType.SmoothNoOutlines
p37.RightSurface = Enum.SurfaceType.SmoothNoOutlines
p37.TopSurface = Enum.SurfaceType.SmoothNoOutlines
b34 = Instance.new("SpecialMesh", p37)
b34.MeshType = Enum.MeshType.Torso
b34.Name = "Mesh"
b34.Scale = Vector3.new(1.60000002, 2.5, 7.5)
p38 = Instance.new("Part", wep)
p38.BrickColor = BrickColor.new("Black")
p38.Material = Enum.Material.Metal
p38.CFrame = CFrame.new(-1309.17981, 518.724426, 332.236908, 0.443940967, -0.797059774, 0.409404665, 0.194779128, 0.53181088, 0.824159145, -0.874629974, -0.286134481, 0.391343206)
p38.Anchored = true
p38.Locked = true
p38.Size = Vector3.new(0.300000012, 0.300000012, 0.300000012)
p38.BackSurface = Enum.SurfaceType.SmoothNoOutlines
p38.BottomSurface = Enum.SurfaceType.SmoothNoOutlines
p38.FrontSurface = Enum.SurfaceType.SmoothNoOutlines
p38.LeftSurface = Enum.SurfaceType.SmoothNoOutlines
p38.RightSurface = Enum.SurfaceType.SmoothNoOutlines
p38.TopSurface = Enum.SurfaceType.SmoothNoOutlines
b35 = Instance.new("SpecialMesh", p38)
b35.MeshType = Enum.MeshType.Cylinder
b35.Name = "Mesh"
b35.Scale = Vector3.new(2.00999999, 0.25, 0.25)
p39 = Instance.new("Part", wep)
p39.BrickColor = BrickColor.new("Black")
p39.Material = Enum.Material.Metal
p39.CFrame = CFrame.new(-1308.60876, 520.815002, 332.992523, 0.443940967, -0.797059774, 0.409404665, 0.194779128, 0.53181088, 0.824159145, -0.874629974, -0.286134481, 0.391343206)
p39.Anchored = true
p39.Locked = true
p39.Size = Vector3.new(0.300000012, 0.300000012, 0.300000012)
p39.BackSurface = Enum.SurfaceType.SmoothNoOutlines
p39.BottomSurface = Enum.SurfaceType.SmoothNoOutlines
p39.FrontSurface = Enum.SurfaceType.SmoothNoOutlines
p39.LeftSurface = Enum.SurfaceType.SmoothNoOutlines
p39.RightSurface = Enum.SurfaceType.SmoothNoOutlines
p39.TopSurface = Enum.SurfaceType.SmoothNoOutlines
b36 = Instance.new("SpecialMesh", p39)
b36.MeshType = Enum.MeshType.Cylinder
b36.Name = "Mesh"
b36.Scale = Vector3.new(2.00999999, 0.25, 0.25)
p40 = Instance.new("Part", wep)
p40.BrickColor = BrickColor.new("Black")
p40.Material = Enum.Material.Metal
