--[[NIGHTOWLACE_WEAPONRY]]--
Meshes = {
	Blast = '20329976',
	Crown = '1323306',
	Ring = '3270017',
	Claw = '10681506',
	Crystal = '9756362',
	Coil = '9753878',
	Cloud = '1095708',
}
wait(1 / 60)
Effects = { }
Player=game:GetService("Players").LocalPlayer
Character=Player.Character 
PlayerGui=Player.PlayerGui
Backpack=Player.Backpack 
Torso=Character.Torso 
Head=Character.Head 
Humanoid=Character.Humanoid
m=Instance.new('Model',Character)
LeftArm=Character["Left Arm"] 
LeftLeg=Character["Left Leg"] 
RightArm=Character["Right Arm"] 
RightLeg=Character["Right Leg"] 
LS=Torso["Left Shoulder"] 
LH=Torso["Left Hip"] 
RS=Torso["Right Shoulder"] 
RH=Torso["Right Hip"] 
Face = Head.face
Neck=Torso.Neck
it=Instance.new
attacktype=1
vt=Vector3.new
cf=CFrame.new
euler=CFrame.fromEulerAnglesXYZ
angles=CFrame.Angles
cloaked=false
necko=cf(0, 1, 0, -1, -0, -0, 0, 0, 1, 0, 1, 0)
necko2=cf(0, -0.5, 0, -1, -0, -0, 0, 0, 1, 0, 1, 0)
LHC0=cf(-1,-1,0,-0,-0,-1,0,1,0,1,0,0)
LHC1=cf(-0.5,1,0,-0,-0,-1,0,1,0,1,0,0)
RHC0=cf(1,-1,0,0,0,1,0,1,0,-1,-0,-0)
RHC1=cf(0.5,1,0,0,0,1,0,1,0,-1,-0,-0)
RootPart=Character.HumanoidRootPart
RootJoint=RootPart.RootJoint
RootCF=euler(-1.57,0,3.14)
attack = false 
attackdebounce = false 
deb=false
equipped=true
hand=false
MMouse=nil
combo=0
mana=0
trispeed=.2
attackmode='none'
local idle=0
local Anim="Idle"
local Effects={}
local gun=false
local shoot=false
player=nil 
mana=0

mouse=Player:GetMouse()
--save shoulders 
RSH, LSH=nil, nil 
--welds 
RW, LW=Instance.new("Weld"), Instance.new("Weld") 
RW.Name="Right Shoulder" LW.Name="Left Shoulder"
LH=Torso["Left Hip"]
RH=Torso["Right Hip"]
TorsoColor=Torso.BrickColor
function NoOutline(Part)
Part.TopSurface,Part.BottomSurface,Part.LeftSurface,Part.RightSurface,Part.FrontSurface,Part.BackSurface = 10,10,10,10,10,10
end
player=Player 
ch=Character
RSH=ch.Torso["Right Shoulder"] 
LSH=ch.Torso["Left Shoulder"] 
-- 
RSH.Parent=nil 
LSH.Parent=nil 
-- 
RW.Name="Right Shoulder"
RW.Part0=ch.Torso 
RW.C0=cf(1.5, 0.5, 0) --* CFrame.fromEulerAnglesXYZ(1.3, 0, -0.5) 
RW.C1=cf(0, 0.5, 0) 
RW.Part1=ch["Right Arm"] 
RW.Parent=ch.Torso 
-- 
LW.Name="Left Shoulder"
LW.Part0=ch.Torso 
LW.C0=cf(-1.5, 0.5, 0) --* CFrame.fromEulerAnglesXYZ(1.7, 0, 0.8) 
LW.C1=cf(0, 0.5, 0) 
LW.Part1=ch["Left Arm"] 
LW.Parent=ch.Torso 

	Player=game:GetService('Players').LocalPlayer
	Character=Player.Character
	Mouse=Player:GetMouse()
	m=Instance.new('Model',Character)


	local function weldBetween(a, b)
	    local weldd = Instance.new("ManualWeld")
	    weldd.Part0 = a
	    weldd.Part1 = b
	    weldd.C0 = CFrame.new()
	    weldd.C1 = b.CFrame:inverse() * a.CFrame
	    weldd.Parent = a
	    return weldd
	end
	
	function swait(num)
    if num==0 or num==nil then
    game:service'RunService'.Stepped:wait(0)
    else
    for i=0,num do
    game:service'RunService'.Stepped:wait(0)
    end
    end
	    end
	
	function nooutline(part)
		part.TopSurface,part.BottomSurface,part.LeftSurface,part.RightSurface,part.FrontSurface,part.BackSurface = 10,10,10,10,10,10
	end
	
	function part(formfactor,parent,material,reflectance,transparency,brickcolor,name,size)
		local fp=it("Part")
		fp.formFactor=formfactor
		fp.Parent=parent
		fp.Reflectance=reflectance
		fp.Transparency=transparency
		fp.CanCollide=false
		fp.Locked=true
		fp.BrickColor=BrickColor.new(tostring(brickcolor))
		fp.Name=name
		fp.Size=size
		fp.Position=Character.Torso.Position
		nooutline(fp)
		fp.Material=material
		fp:BreakJoints()
		return fp
	end
	
	function mesh(Mesh,part,meshtype,meshid,offset,scale)
		local mesh=it(Mesh)
		mesh.Parent=part
		if Mesh=="SpecialMesh" then
			mesh.MeshType=meshtype
			mesh.MeshId=meshid
		end
		mesh.Offset=offset
		mesh.Scale=scale
		return mesh
	end
	
	function weld(parent,part0,part1,c0,c1)
		local weld=it("Weld")
		weld.Parent=parent
		weld.Part0=part0
		weld.Part1=part1
		weld.C0=c0
		weld.C1=c1
		return weld
	end
	
	
local function CFrameFromTopBack(at, top, back)
local right = top:Cross(back)
return CFrame.new(at.x, at.y, at.z,
right.x, top.x, back.x,
right.y, top.y, back.y,
right.z, top.z, back.z)
end

function Triangle(a, b, c)
local edg1 = (c-a):Dot((b-a).unit)
local edg2 = (a-b):Dot((c-b).unit)
local edg3 = (b-c):Dot((a-c).unit)
if edg1 <= (b-a).magnitude and edg1 >= 0 then
a, b, c = a, b, c
elseif edg2 <= (c-b).magnitude and edg2 >= 0 then
a, b, c = b, c, a
elseif edg3 <= (a-c).magnitude and edg3 >= 0 then
a, b, c = c, a, b
else
assert(false, "unreachable")
end
 
local len1 = (c-a):Dot((b-a).unit)
local len2 = (b-a).magnitude - len1
local width = (a + (b-a).unit*len1 - c).magnitude
 
local maincf = CFrameFromTopBack(a, (b-a):Cross(c-b).unit, -(b-a).unit)
 
local list = {}

local Color = BrickColor.new("Dark grey")
 
if len1 > 0.01 then
local w1 = Instance.new('WedgePart', m)
game:GetService("Debris"):AddItem(w1,5)
w1.Material = "SmoothPlastic"
w1.FormFactor = 'Custom'
w1.BrickColor = BrickColor.new(Color)
w1.Transparency = 0
w1.Reflectance = 0
w1.Material = "SmoothPlastic"
w1.CanCollide = false
NoOutline(w1)
local sz = Vector3.new(0.2, width, len1)
w1.Size = sz
local sp = Instance.new("SpecialMesh",w1)
sp.MeshType = "Wedge"
sp.Scale = Vector3.new(0,1,1) * sz/w1.Size
w1:BreakJoints()
w1.Anchored = true
w1.Parent = workspace
w1.Transparency = 0.7
table.insert(Effects,{w1,"Disappear",.01})
w1.CFrame = maincf*CFrame.Angles(math.pi,0,math.pi/2)*CFrame.new(0,width/2,len1/2)
table.insert(list,w1)
end
 
if len2 > 0.01 then
local w2 = Instance.new('WedgePart', m)
game:GetService("Debris"):AddItem(w2,5)
w2.Material = "SmoothPlastic"
w2.FormFactor = 'Custom'
w2.BrickColor = BrickColor.new(Color)
w2.Transparency = 0
w2.Reflectance = 0
w2.Material = "SmoothPlastic"
w2.CanCollide = false
NoOutline(w2)
local sz = Vector3.new(0.2, width, len2)
w2.Size = sz
local sp = Instance.new("SpecialMesh",w2)
sp.MeshType = "Wedge"
sp.Scale = Vector3.new(0,1,1) * sz/w2.Size
w2:BreakJoints()
w2.Anchored = true
w2.Parent = workspace
w2.Transparency = 0.7
table.insert(Effects,{w2,"Disappear",.01})
w2.CFrame = maincf*CFrame.Angles(math.pi,math.pi,-math.pi/2)*CFrame.new(0,width/2,-len1 - len2/2)
table.insert(list,w2)
end
return unpack(list)
end
	
	
so = function(id,par,vol,pit) 
coroutine.resume(coroutine.create(function()
local sou = Instance.new("Sound",par or workspace)
sou.Volume=vol
sou.Pitch=pit or 1
sou.SoundId=id
swait() 
sou:play() 
game:GetService("Debris"):AddItem(sou,6)
end))
end
 
function clerp(a,b,t) 
local qa = {QuaternionFromCFrame(a)}
local qb = {QuaternionFromCFrame(b)} 
local ax, ay, az = a.x, a.y, a.z 
local bx, by, bz = b.x, b.y, b.z
local _t = 1-t
return QuaternionToCFrame(_t*ax + t*bx, _t*ay + t*by, _t*az + t*bz,QuaternionSlerp(qa, qb, t)) 
end 
 
function QuaternionFromCFrame(cf) 
local mx, my, mz, m00, m01, m02, m10, m11, m12, m20, m21, m22 = cf:components() 
local trace = m00 + m11 + m22 
if trace > 0 then 
local s = math.sqrt(1 + trace) 
local recip = 0.5/s 
return (m21-m12)*recip, (m02-m20)*recip, (m10-m01)*recip, s*0.5 
else 
local i = 0 
if m11 > m00 then
i = 1
end
if m22 > (i == 0 and m00 or m11) then 
i = 2 
end 
if i == 0 then 
local s = math.sqrt(m00-m11-m22+1) 
local recip = 0.5/s 
return 0.5*s, (m10+m01)*recip, (m20+m02)*recip, (m21-m12)*recip 
elseif i == 1 then 
local s = math.sqrt(m11-m22-m00+1) 
local recip = 0.5/s 
return (m01+m10)*recip, 0.5*s, (m21+m12)*recip, (m02-m20)*recip 
elseif i == 2 then 
local s = math.sqrt(m22-m00-m11+1) 
local recip = 0.5/s return (m02+m20)*recip, (m12+m21)*recip, 0.5*s, (m10-m01)*recip 
end 
end 
end
 
function QuaternionToCFrame(px, py, pz, x, y, z, w) 
local xs, ys, zs = x + x, y + y, z + z 
local wx, wy, wz = w*xs, w*ys, w*zs 
local xx = x*xs 
local xy = x*ys 
local xz = x*zs 
local yy = y*ys 
local yz = y*zs 
local zz = z*zs 
return CFrame.new(px, py, pz,1-(yy+zz), xy - wz, xz + wy,xy + wz, 1-(xx+zz), yz - wx, xz - wy, yz + wx, 1-(xx+yy)) 
end
 
function QuaternionSlerp(a, b, t) 
local cosTheta = a[1]*b[1] + a[2]*b[2] + a[3]*b[3] + a[4]*b[4] 
local startInterp, finishInterp; 
if cosTheta >= 0.0001 then 
if (1 - cosTheta) > 0.0001 then 
local theta = math.acos(cosTheta) 
local invSinTheta = 1/math.sin(theta) 
startInterp = math.sin((1-t)*theta)*invSinTheta 
finishInterp = math.sin(t*theta)*invSinTheta  
else 
startInterp = 1-t 
finishInterp = t 
end 
else 
if (1+cosTheta) > 0.0001 then 
local theta = math.acos(-cosTheta) 
local invSinTheta = 1/math.sin(theta) 
startInterp = math.sin((t-1)*theta)*invSinTheta 
finishInterp = math.sin(t*theta)*invSinTheta 
else 
startInterp = t-1 
finishInterp = t 
end 
end 
return a[1]*startInterp + b[1]*finishInterp, a[2]*startInterp + b[2]*finishInterp, a[3]*startInterp + b[3]*finishInterp, a[4]*startInterp + b[4]*finishInterp 
end

--Example: Torso.Weld.C0 = clerp(Torso.Weld.C0, CFrame.new(0, 0, 0) * CFrame.Angles(math.rad(0), math.rad(0), math.rad(0)), 0.4)


function rayCast(Pos, Dir, Max, Ignore)  -- Origin Position , Direction, MaxDistance , IgnoreDescendants
return game:service("Workspace"):FindPartOnRay(Ray.new(Pos, Dir.unit * (Max or 999.999)), Ignore) 
end 

Damagefunc=function(hit,minim,maxim,knockback,Type,Property,Delay,KnockbackType,decreaseblock)
        if hit.Parent==nil then
                return
        end
        h=hit.Parent:FindFirstChild("Humanoid")
        for _,v in pairs(hit.Parent:children()) do
        if v:IsA("Humanoid") then
        h=v
        end
        end
        if hit.Parent.Parent:FindFirstChild("Torso")~=nil then
        h=hit.Parent.Parent:FindFirstChild("Humanoid")
        end
        if hit.Parent.className=="Hat" then
        hit=hit.Parent.Parent:findFirstChild("Head")
        end
        if h~=nil and hit.Parent.Name~=Character.Name and hit.Parent:FindFirstChild("Torso")~=nil then
        if hit.Parent:findFirstChild("DebounceHit")~=nil then if hit.Parent.DebounceHit.Value==true then return end end
        --[[                if game.Players:GetPlayerFromCharacter(hit.Parent)~=nil then
                        return
                end]]
--                        hs(hit,1.2) 
                        c=Instance.new("ObjectValue")
                        c.Name="creator"
                        c.Value=game:service("Players").LocalPlayer
                        c.Parent=h
                        game:GetService("Debris"):AddItem(c,.5)
                Damage=math.random(minim,maxim)
--                h:TakeDamage(Damage)
                blocked=false
                block=hit.Parent:findFirstChild("Block")
                if block~=nil then
                print(block.className)
                if block.className=="NumberValue" then
                if block.Value>0 then
                blocked=true
                if decreaseblock==nil then
                block.Value=block.Value-1
                end
                end
                end
                if block.className=="IntValue" then
                if block.Value>0 then
                blocked=true
                if decreaseblock~=nil then
                block.Value=block.Value-1
                end
                end
                end
                end
                if blocked==false then
--                h:TakeDamage(Damage)
                h.Health=h.Health-Damage
                showDamage(hit.Parent,Damage,.5,BrickColor.new("New Yeller"))
                else
                h.Health=h.Health-(Damage/2)
                showDamage(hit.Parent,Damage/2,.5,BrickColor.new("Bright blue"))
                end
                if Type=="Knockdown" then
                hum=hit.Parent.Humanoid
hum.PlatformStand=true
coroutine.resume(coroutine.create(function(HHumanoid)
swait(1)
HHumanoid.PlatformStand=false
end),hum)
                local angle=(hit.Position-(Property.Position+Vector3.new(0,0,0))).unit
--hit.CFrame=CFrame.new(hit.Position,Vector3.new(angle.x,hit.Position.y,angle.z))*CFrame.fromEulerAnglesXYZ(math.pi/4,0,0)
local bodvol=Instance.new("BodyVelocity")
bodvol.velocity=angle*knockback
bodvol.P=5000
bodvol.maxForce=Vector3.new(8e+003, 8e+003, 8e+003)
bodvol.Parent=hit
rl=Instance.new("BodyAngularVelocity")
rl.P=3000
rl.maxTorque=Vector3.new(500000,500000,500000)*50000000000000
rl.angularvelocity=Vector3.new(math.random(-10,10),math.random(-10,10),math.random(-10,10))
rl.Parent=hit
game:GetService("Debris"):AddItem(bodvol,.5)
game:GetService("Debris"):AddItem(rl,.5)
                elseif Type=="Normal" then
                vp=Instance.new("BodyVelocity")
                vp.P=500
                vp.maxForce=Vector3.new(math.huge,0,math.huge)
--                vp.velocity=Character.Torso.CFrame.lookVector*Knockback
                if KnockbackType==1 then
                vp.velocity=Property.CFrame.lookVector*knockback+Property.Velocity/1.05
                elseif KnockbackType==2 then
                vp.velocity=Property.CFrame.lookVector*knockback
                end
                if knockback>0 then
                        vp.Parent=hit.Parent.Torso
                end
                game:GetService("Debris"):AddItem(vp,.5)
                elseif Type=="Up" then
                local bodyVelocity=Instance.new("BodyVelocity")
                bodyVelocity.velocity=vt(0,60,0)
                bodyVelocity.P=5000
                bodyVelocity.maxForce=Vector3.new(8e+003, 8e+003, 8e+003)
                bodyVelocity.Parent=hit
                game:GetService("Debris"):AddItem(bodyVelocity,1)
                rl=Instance.new("BodyAngularVelocity")
                rl.P=3000
                rl.maxTorque=Vector3.new(500000,500000,500000)*50000000000000
                rl.angularvelocity=Vector3.new(math.random(-30,30),math.random(-30,30),math.random(-30,30))
                rl.Parent=hit
                game:GetService("Debris"):AddItem(rl,.5)
                elseif Type=="Snare" then
                bp=Instance.new("BodyPosition")
                bp.P=2000
                bp.D=100
                bp.maxForce=Vector3.new(math.huge,math.huge,math.huge)
                bp.position=hit.Parent.Torso.Position
                bp.Parent=hit.Parent.Torso
                game:GetService("Debris"):AddItem(bp,1)
                elseif Type=="Target" then
                if Targetting==false then
                ZTarget=hit.Parent.Torso
                coroutine.resume(coroutine.create(function(Part) 
                so("http://www.roblox.com/asset/?id=15666462",Part,1,1.5) 
                swait(5)
                so("http://www.roblox.com/asset/?id=15666462",Part,1,1.5) 
                end),ZTarget)
                TargHum=ZTarget.Parent:findFirstChild("Humanoid")
                targetgui=Instance.new("BillboardGui")
                targetgui.Parent=ZTarget
                targetgui.Size=UDim2.new(10,100,10,100)
                targ=Instance.new("ImageLabel")
                targ.Parent=targetgui
                targ.BackgroundTransparency=1
                targ.Image="rbxassetid://4834067"
                targ.Size=UDim2.new(1,0,1,0)
                cam.CameraType="Scriptable"
                cam.CoordinateFrame=CFrame.new(Head.CFrame.p,ZTarget.Position)
                dir=Vector3.new(cam.CoordinateFrame.lookVector.x,0,cam.CoordinateFrame.lookVector.z)
                workspace.CurrentCamera.CoordinateFrame=CFrame.new(Head.CFrame.p,ZTarget.Position)
                Targetting=true
                RocketTarget=ZTarget
                for i=1,Property do
                --while Targetting==true and Humanoid.Health>0 and Character.Parent~=nil do
                if Humanoid.Health>0 and Character.Parent~=nil and TargHum.Health>0 and TargHum.Parent~=nil and Targetting==true then
                swait()
                end
                --workspace.CurrentCamera.CoordinateFrame=CFrame.new(Head.CFrame.p,Head.CFrame.p+rmdir*100)
                cam.CoordinateFrame=CFrame.new(Head.CFrame.p,ZTarget.Position)
                dir=Vector3.new(cam.CoordinateFrame.lookVector.x,0,cam.CoordinateFrame.lookVector.z)
                cam.CoordinateFrame=CFrame.new(Head.CFrame.p,ZTarget.Position)*cf(0,5,10)*euler(-0.3,0,0)
                end
                Targetting=false
                RocketTarget=nil
                targetgui.Parent=nil
                cam.CameraType="Custom"
                end
                end
                        debounce=Instance.new("BoolValue")
                        debounce.Name="DebounceHit"
                        debounce.Parent=hit.Parent
                        debounce.Value=true
                        game:GetService("Debris"):AddItem(debounce,Delay)
                        c=Instance.new("ObjectValue")
                        c.Name="creator"
                        c.Value=Player
                        c.Parent=h
                        game:GetService("Debris"):AddItem(c,.5)
                CRIT=false
                hitDeb=true
                AttackPos=6
        end
end
 
showDamage=function(Char,Dealt,du,Color)
        m=Instance.new("Model")
        m.Name=tostring(Dealt)
        h=Instance.new("Humanoid")
        h.Health=0
        h.MaxHealth=0
        h.Parent=m
        c=Instance.new("Part")
        c.Transparency=0
        c.BrickColor=Color
        c.Name="Head"
        c.TopSurface=0
        c.BottomSurface=0
        c.formFactor="Plate"
        c.Size=Vector3.new(1,.4,1)
        ms=Instance.new("CylinderMesh")
        ms.Scale=Vector3.new(.8,.8,.8)
        if CRIT==true then
                ms.Scale=Vector3.new(1,1.25,1)
        end
        ms.Parent=c
        c.Reflectance=0
        Instance.new("BodyGyro").Parent=c
        c.Parent=m
        if Char:findFirstChild("Head")~=nil then
        c.CFrame=CFrame.new(Char["Head"].CFrame.p+Vector3.new(0,1.5,0))
        elseif Char.Parent:findFirstChild("Head")~=nil then
        c.CFrame=CFrame.new(Char.Parent["Head"].CFrame.p+Vector3.new(0,1.5,0))
        end
        f=Instance.new("BodyPosition")
        f.P=2000
        f.D=100
        f.maxForce=Vector3.new(math.huge,math.huge,math.huge)
        f.position=c.Position+Vector3.new(0,3,0)
        f.Parent=c
        game:GetService("Debris"):AddItem(m,.5+du)
        c.CanCollide=false
        m.Parent=workspace
        c.CanCollide=false
end

Handle=part(Enum.FormFactor.Brick,m,Enum.Material.SmoothPlastic,0,0,"Institutional white","Handle",Vector3.new(0.943718672, 0.24000001, 0.24000001))
HandleWeld=weld(m,Character["Right Arm"],Handle,CFrame.new(0, 0, 0, 1, 0, 0, 0, 0.999999881, 0, 0, 0, 1),CFrame.new(1.15759659, 0.21985054, -0.0923061371, 0.0139253279, 0.858935118, 0.511900485, 0.00385074317, 0.511900187, -0.859039545, -0.999895632, 0.0139335208, 0.00382081699))
mesh("BlockMesh",Handle,"","",Vector3.new(0, 0, 0),Vector3.new(1, 0.327680141, 0.983040154))
Part=part(Enum.FormFactor.Brick,m,Enum.Material.SmoothPlastic,0,0,"Institutional white","Part",Vector3.new(1.17964828, 0.24000001, 0.24000001))
Partweld=weld(m,Handle,Part,CFrame.new(0, 0, 0, 0.0139253279, 0.858935118, 0.511900485, 0.00385074317, 0.511900187, -0.859039545, -0.999895632, 0.0139335208, 0.00382081699),CFrame.new(0.117938995, 0.133724213, -1.90734863e-005, 0.0139253279, 0.858935118, 0.511900485, 0.00385074317, 0.511900187, -0.859039545, -0.999895632, 0.0139335208, 0.00382081699))
mesh("BlockMesh",Part,"","",Vector3.new(0, 0, 0),Vector3.new(1, 0.786432147, 0.983040154))
Part=part(Enum.FormFactor.Brick,m,Enum.Material.SmoothPlastic,0,0,"Institutional white","Part",Vector3.new(2.20200968, 0.24000001, 0.24000001))
Partweld=weld(m,Handle,Part,CFrame.new(0, 0, 0, 0.0139253279, 0.858935118, 0.511900485, 0.00385074317, 0.511900187, -0.859039545, -0.999895632, 0.0139335208, 0.00382081699),CFrame.new(-0.251316071, -0.801189423, -3.05175781e-005, 0.0139230313, 0.999810934, 0.0137800314, -0.00364101073, 0.0138319694, -0.99990052, -0.999896467, 0.0138713904, 0.00383288297))
mesh("BlockMesh",Part,"","",Vector3.new(0, 0, 0),Vector3.new(1, 0.983040154, 0.983040154))
Part=part(Enum.FormFactor.Brick,m,Enum.Material.SmoothPlastic,0,0,"Really black","Part",Vector3.new(0.786432087, 0.24000001, 0.24000001))
Partweld=weld(m,Handle,Part,CFrame.new(0, 0, 0, 0.0139253279, 0.858935118, 0.511900485, 0.00385074317, 0.511900187, -0.859039545, -0.999895632, 0.0139335208, 0.00382081699),CFrame.new(-0.291980743, -0.850324631, 0.00116729736, 0.0139253279, 0.858935118, 0.511900485, 0.00385074317, 0.511900187, -0.859039545, -0.999895632, 0.0139335208, 0.00382081699))
mesh("BlockMesh",Part,"","",Vector3.new(0, 0, 0),Vector3.new(1, 0.983040154, 0.655360043))
Part=part(Enum.FormFactor.Brick,m,Enum.Material.SmoothPlastic,0,0,"Institutional white","Part",Vector3.new(1.57286417, 0.24000001, 0.24000001))
Partweld=weld(m,Handle,Part,CFrame.new(0, 0, 0, 0.0139253279, 0.858935118, 0.511900485, 0.00385074317, 0.511900187, -0.859039545, -0.999895632, 0.0139335208, 0.00382081699),CFrame.new(-0.487232208, -1.15900803, 0.157262802, 0.0139230313, 0.999810934, 0.0137800314, -0.00364101073, 0.0138319694, -0.99990052, -0.999896467, 0.0138713904, 0.00383288297))
mesh("BlockMesh",Part,"","",Vector3.new(0, 0, 0),Vector3.new(1, 0.983040154, 0.327680141))
Part=part(Enum.FormFactor.Brick,m,Enum.Material.SmoothPlastic,0,0,"Institutional white","Part",Vector3.new(0.24000001, 0.24000001, 0.24000001))
Partweld=weld(m,Handle,Part,CFrame.new(0, 0, 0, 0.0139253279, 0.858935118, 0.511900485, 0.00385074317, 0.511900187, -0.859039545, -0.999895632, 0.0139335208, 0.00382081699),CFrame.new(-1.1950798, -1.0056572, 9.53674316e-006, 0.0139230313, 0.999810934, 0.0137800314, -0.00364101073, 0.0138319694, -0.99990052, -0.999896467, 0.0138713904, 0.00383288297))
mesh("CylinderMesh",Part,"","",Vector3.new(0, 0, 0),Vector3.new(0.655360043, 0.327680141, 0.983040154))
Part=part(Enum.FormFactor.Brick,m,Enum.Material.SmoothPlastic,0,0,"Institutional white","Part",Vector3.new(1.25829124, 0.314572841, 0.24000001))
Partweld=weld(m,Handle,Part,CFrame.new(0, 0, 0, 0.0139253279, 0.858935118, 0.511900485, 0.00385074317, 0.511900187, -0.859039545, -0.999895632, 0.0139335208, 0.00382081699),CFrame.new(1.47885895, -0.44726181, -0.000131607056, 0.0139230313, 0.999810934, 0.0137800314, -0.00364101073, 0.0138319694, -0.99990052, -0.999896467, 0.0138713904, 0.00383288297))
mesh("BlockMesh",Part,"","",Vector3.new(0, 0, 0),Vector3.new(1, 1, 0.983040154))
Part=part(Enum.FormFactor.Brick,m,Enum.Material.SmoothPlastic,0,0,"Institutional white","Part",Vector3.new(0.707789063, 0.346030116, 0.24000001))
Partweld=weld(m,Handle,Part,CFrame.new(0, 0, 0, 0.0139253279, 0.858935118, 0.511900485, 0.00385074317, 0.511900187, -0.859039545, -0.999895632, 0.0139335208, 0.00382081699),CFrame.new(-0.520956039, 0.31918335, -2.0980835e-005, 0.0125475703, 0.96932745, -0.245463982, -0.0071582566, -0.245389909, -0.969400883, -0.999895811, 0.0139206378, 0.00385962543))
mesh("BlockMesh",Part,"","",Vector3.new(0, 0, 0),Vector3.new(1, 1, 0.983040154))
Part=part(Enum.FormFactor.Brick,m,Enum.Material.SmoothPlastic,0,0,"Really black","Part",Vector3.new(0.707789063, 0.24000001, 0.24000001))
Partweld=weld(m,Handle,Part,CFrame.new(0, 0, 0, 0.0139253279, 0.858935118, 0.511900485, 0.00385074317, 0.511900187, -0.859039545, -0.999895632, 0.0139335208, 0.00382081699),CFrame.new(-1.942173, -0.368679047, 0.00130271912, 0.0139230313, 0.999810934, 0.0137800314, -0.00364101073, 0.0138319694, -0.99990052, -0.999896467, 0.0138713904, 0.00383288297))
mesh("BlockMesh",Part,"","",Vector3.new(0, 0, 0),Vector3.new(1, 0.655360043, 0.655360043))
Part=part(Enum.FormFactor.Brick,m,Enum.Material.SmoothPlastic,0,0,"Dark stone grey","Part",Vector3.new(0.24000001, 0.24000001, 0.24000001))
Partweld=weld(m,Handle,Part,CFrame.new(0, 0, 0, 0.0139253279, 0.858935118, 0.511900485, 0.00385074317, 0.511900187, -0.859039545, -0.999895632, 0.0139335208, 0.00382081699),CFrame.new(-1.23437119, -0.250705719, 0.00128364563, 0.0139230313, 0.999810934, 0.0137800314, -0.00364101073, 0.0138319694, -0.99990052, -0.999896467, 0.0138713904, 0.00383288297))
mesh("BlockMesh",Part,"","",Vector3.new(0, 0, 0),Vector3.new(0.327680141, 0.983040154, 0.688128114))
Part=part(Enum.FormFactor.Brick,m,Enum.Material.SmoothPlastic,0,0,"Institutional white","Part",Vector3.new(0.314572871, 0.24000001, 0.24000001))
Partweld=weld(m,Handle,Part,CFrame.new(0, 0, 0, 0.0139253279, 0.858935118, 0.511900485, 0.00385074317, 0.511900187, -0.859039545, -0.999895632, 0.0139335208, 0.00382081699),CFrame.new(-1.19508743, -0.958465576, 2.47955322e-005, 0.0139230313, 0.999810934, 0.0137800314, -0.00364101073, 0.0138319694, -0.99990052, -0.999896467, 0.0138713904, 0.00383288297))
mesh("CylinderMesh",Part,"","",Vector3.new(0, 0, 0),Vector3.new(1, 0.327680141, 0.983040154))
Part=part(Enum.FormFactor.Brick,m,Enum.Material.SmoothPlastic,0,0,"Institutional white","Part",Vector3.new(0.314572841, 0.550502419, 0.24000001))
Partweld=weld(m,Handle,Part,CFrame.new(0, 0, 0, 0.0139253279, 0.858935118, 0.511900485, 0.00385074317, 0.511900187, -0.859039545, -0.999895632, 0.0139335208, 0.00382081699),CFrame.new(-2.45336914, -0.722579956, 0.000108718872, 0.0139230313, 0.999810934, 0.0137800314, -0.00364101073, 0.0138319694, -0.99990052, -0.999896467, 0.0138713904, 0.00383288297))
mesh("BlockMesh",Part,"","",Vector3.new(0, 0, 0),Vector3.new(1, 1, 0.983040154))
Part=part(Enum.FormFactor.Brick,m,Enum.Material.SmoothPlastic,0,0,"Institutional white","Part",Vector3.new(1.25829136, 0.24000001, 0.24000001))
Partweld=weld(m,Handle,Part,CFrame.new(0, 0, 0, 0.0139253279, 0.858935118, 0.511900485, 0.00385074317, 0.511900187, -0.859039545, -0.999895632, 0.0139335208, 0.00382081699),CFrame.new(1.47886276, -0.211334229, -0.000116348267, 0.0139230313, 0.999810934, 0.0137800314, -0.00364101073, 0.0138319694, -0.99990052, -0.999896467, 0.0138713904, 0.00383288297))
mesh("BlockMesh",Part,"","",Vector3.new(0, 0, 0),Vector3.new(1, 0.655360222, 0.983040154))
Part=part(Enum.FormFactor.Brick,m,Enum.Material.SmoothPlastic,0,0,"Dark stone grey","Part",Vector3.new(0.550502419, 0.24000001, 0.24000001))
Partweld=weld(m,Handle,Part,CFrame.new(0, 0, 0, 0.0139253279, 0.858935118, 0.511900485, 0.00385074317, 0.511900187, -0.859039545, -0.999895632, 0.0139335208, 0.00382081699),CFrame.new(-1.47032166, -0.0934371948, 0.00131607056, 0.0139230313, 0.999810934, 0.0137800314, -0.00364101073, 0.0138319694, -0.99990052, -0.999896467, 0.0138713904, 0.00383288297))
mesh("BlockMesh",Part,"","",Vector3.new(0, 0, 0),Vector3.new(1, 0.327680141, 0.688128114))
Part=part(Enum.FormFactor.Brick,m,Enum.Material.SmoothPlastic,0,0,"Institutional white","Part",Vector3.new(1.41557765, 0.24000001, 0.24000001))
Partweld=weld(m,Handle,Part,CFrame.new(0, 0, 0, 0.0139253279, 0.858935118, 0.511900485, 0.00385074317, 0.511900187, -0.859039545, -0.999895632, 0.0139335208, 0.00382081699),CFrame.new(-0.487255096, -0.958465576, -1.14440918e-005, 0.0139230313, 0.999810934, 0.0137800314, -0.00364101073, 0.0138319694, -0.99990052, -0.999896467, 0.0138713904, 0.00383288297))
mesh("BlockMesh",Part,"","",Vector3.new(0, 0, 0),Vector3.new(1, 0.327680141, 0.983040154))
Part=part(Enum.FormFactor.Brick,m,Enum.Material.SmoothPlastic,0,0,"Institutional white","Part",Vector3.new(0.24000001, 0.24000001, 0.24000001))
Partweld=weld(m,Handle,Part,CFrame.new(0, 0, 0, 0.0139253279, 0.858935118, 0.511900485, 0.00385074317, 0.511900187, -0.859039545, -0.999895632, 0.0139335208, 0.00382081699),CFrame.new(0.220539093, -1.00566101, -5.14984131e-005, 0.0139230313, 0.999810934, 0.0137800314, -0.00364101073, 0.0138319694, -0.99990052, -0.999896467, 0.0138713904, 0.00383288297))
mesh("CylinderMesh",Part,"","",Vector3.new(0, 0, 0),Vector3.new(0.655360043, 0.327680141, 0.983040154))
Part=part(Enum.FormFactor.Brick,m,Enum.Material.SmoothPlastic,0,0,"Institutional white","Part",Vector3.new(0.943718612, 0.393216044, 0.24000001))
Partweld=weld(m,Handle,Part,CFrame.new(0, 0, 0, 0.0139253279, 0.858935118, 0.511900485, 0.00385074317, 0.511900187, -0.859039545, -0.999895632, 0.0139335208, 0.00382081699),CFrame.new(-1.82418442, -0.643928528, 8.39233398e-005, 0.0139230313, 0.999810934, 0.0137800314, -0.00364101073, 0.0138319694, -0.99990052, -0.999896467, 0.0138713904, 0.00383288297))
mesh("BlockMesh",Part,"","",Vector3.new(0, 0, 0),Vector3.new(1, 1, 0.983040154))
Part=part(Enum.FormFactor.Brick,m,Enum.Material.SmoothPlastic,0,0,"Dark stone grey","Part",Vector3.new(0.24000001, 0.24000001, 0.24000001))
Partweld=weld(m,Handle,Part,CFrame.new(0, 0, 0, 0.0139253279, 0.858935118, 0.511900485, 0.00385074317, 0.511900187, -0.859039545, -0.999895632, 0.0139335208, 0.00382081699),CFrame.new(-1.07710648, -0.525959015, 4.38690186e-005, 0.0139230313, 0.999810934, 0.0137800314, -0.00364101073, 0.0138319694, -0.99990052, -0.999896467, 0.0138713904, 0.00383288297))
mesh("BlockMesh",Part,"","",Vector3.new(0, 0, 0),Vector3.new(0.327680141, 0.655360043, 0.983040154))
Part=part(Enum.FormFactor.Brick,m,Enum.Material.SmoothPlastic,0,0,"Institutional white","Part",Vector3.new(0.24000001, 0.24000001, 0.24000001))
Partweld=weld(m,Handle,Part,CFrame.new(0, 0, 0, 0.0139253279, 0.858935118, 0.511900485, 0.00385074317, 0.511900187, -0.859039545, -0.999895632, 0.0139335208, 0.00382081699),CFrame.new(1.35233688, -1.198349, -0.157400131, -0.0139060337, -0.999811053, -0.013788024, -0.00369899906, 0.0138407024, -0.999900162, 0.999896467, -0.0138535611, -0.00389074697))
mesh("BlockMesh",Part,"","",Vector3.new(0, 0, 0),Vector3.new(0.655360222, 0.655360043, 0.327680141))
Barrel=part(Enum.FormFactor.Brick,m,Enum.Material.SmoothPlastic,0,0,"Really black","Barrel",Vector3.new(0.24000001, 0.24000001, 0.24000001))
Barrelweld=weld(m,Handle,Barrel,CFrame.new(0, 0, 0, 0.0139253279, 0.858935118, 0.511900485, 0.00385074317, 0.511900187, -0.859039545, -0.999895632, 0.0139335208, 0.00382081699),CFrame.new(0.00418663025, -2.85905075, -0.761863708, 0.999896765, -0.0138633689, -0.00378253055, -0.0139142601, -0.999811292, -0.013764984, -0.00359098846, 0.0138161946, -0.999900877))
mesh("CylinderMesh",Barrel,"","",Vector3.new(0, 0, 0),Vector3.new(0.655360043, 0.327680141, 0.655360043))
Part=part(Enum.FormFactor.Brick,m,Enum.Material.SmoothPlastic,0,0,"Really black","Part",Vector3.new(0.24000001, 0.24000001, 0.24000001))
Partweld=weld(m,Handle,Part,CFrame.new(0, 0, 0, 0.0139253279, 0.858935118, 0.511900485, 0.00385074317, 0.511900187, -0.859039545, -0.999895632, 0.0139335208, 0.00382081699),CFrame.new(0.00417327881, -2.85905075, -0.525951385, 0.999896765, -0.0138633689, -0.00378253055, -0.0139142601, -0.999811292, -0.013764984, -0.00359098846, 0.0138161946, -0.999900877))
mesh("CylinderMesh",Part,"","",Vector3.new(0, 0, 0),Vector3.new(0.655360043, 0.327680141, 0.655360043))
Part=part(Enum.FormFactor.Brick,m,Enum.Material.SmoothPlastic,0,0,"Institutional white","Part",Vector3.new(0.24000001, 0.24000001, 0.393216044))
Partweld=weld(m,Handle,Part,CFrame.new(0, 0, 0, 0.0139253279, 0.858935118, 0.511900485, 0.00385074317, 0.511900187, -0.859039545, -0.999895632, 0.0139335208, 0.00382081699),CFrame.new(0.495780945, -1.23766327, -7.2479248e-005, 0.0139230313, 0.999810934, 0.0137800314, -0.00364101073, 0.0138319694, -0.99990052, -0.999896467, 0.0138713904, 0.00383288297))
mesh("BlockMesh",Part,"","",Vector3.new(0, 0, 0),Vector3.new(0.327680141, 0.327680141, 1))
Part=part(Enum.FormFactor.Brick,m,Enum.Material.SmoothPlastic,0,0,"Institutional white","Part",Vector3.new(1.57286417, 0.24000001, 0.24000001))
Partweld=weld(m,Handle,Part,CFrame.new(0, 0, 0, 0.0139253279, 0.858935118, 0.511900485, 0.00385074317, 0.511900187, -0.859039545, -0.999895632, 0.0139335208, 0.00382081699),CFrame.new(-0.487255096, -1.1590271, -0.157287598, 0.0139230313, 0.999810934, 0.0137800314, -0.00364101073, 0.0138319694, -0.99990052, -0.999896467, 0.0138713904, 0.00383288297))
mesh("BlockMesh",Part,"","",Vector3.new(0, 0, 0),Vector3.new(1, 0.983040154, 0.327680141))
Part=part(Enum.FormFactor.Brick,m,Enum.Material.SmoothPlastic,0,0,"Institutional white","Part",Vector3.new(0.24000001, 0.24000001, 0.393216044))
Partweld=weld(m,Handle,Part,CFrame.new(0, 0, 0, 0.0139253279, 0.858935118, 0.511900485, 0.00385074317, 0.511900187, -0.859039545, -0.999895632, 0.0139335208, 0.00382081699),CFrame.new(1.4703331, -1.23769379, -0.000122070313, -0.0139060337, -0.999811053, -0.013788024, -0.00369899906, 0.0138407024, -0.999900162, 0.999896467, -0.0138535611, -0.00389074697))
mesh("BlockMesh",Part,"","",Vector3.new(0, 0, 0),Vector3.new(0.327680141, 0.327680141, 1))
Part=part(Enum.FormFactor.Brick,m,Enum.Material.SmoothPlastic,0,0,"Institutional white","Part",Vector3.new(0.24000001, 0.393216044, 0.24000001))
Partweld=weld(m,Handle,Part,CFrame.new(0, 0, 0, 0.0139253279, 0.858935118, 0.511900485, 0.00385074317, 0.511900187, -0.859039545, -0.999895632, 0.0139335208, 0.00382081699),CFrame.new(2.85510635, -0.643859863, 0.0784606934, 0.0139230313, 0.999810934, 0.0137800314, -0.00364101073, 0.0138319694, -0.99990052, -0.999896467, 0.0138713904, 0.00383288297))
mesh("BlockMesh",Part,"","",Vector3.new(0, 0, 0),Vector3.new(0.327680141, 1, 0.327680141))
Part=part(Enum.FormFactor.Brick,m,Enum.Material.SmoothPlastic,0,0,"Institutional white","Part",Vector3.new(0.471859306, 0.24000001, 0.393216044))
Partweld=weld(m,Handle,Part,CFrame.new(0, 0, 0, 0.0139253279, 0.858935118, 0.511900485, 0.00385074317, 0.511900187, -0.859039545, -0.999895632, 0.0139335208, 0.00382081699),CFrame.new(-2.46777725, -4.76837158e-005, 1.15613556, 0.010273343, 0.872799635, -0.487976253, 0.999896109, -0.0139007689, -0.00381230353, -0.010110626, -0.487886369, -0.872851729))
mesh("CylinderMesh",Part,"","",Vector3.new(0, 0, 0),Vector3.new(1, 0.983040154, 1))
Part=part(Enum.FormFactor.Brick,m,Enum.Material.SmoothPlastic,0,0,"Institutional white","Part",Vector3.new(0.393216103, 0.24000001, 0.393216044))
Partweld=weld(m,Handle,Part,CFrame.new(0, 0, 0, 0.0139253279, 0.858935118, 0.511900485, 0.00385074317, 0.511900187, -0.859039545, -0.999895632, 0.0139335208, 0.00382081699),CFrame.new(-1.40609932, -5.91278076e-005, 1.15620422, 0.010273343, 0.872799635, -0.487976253, 0.999896109, -0.0139007689, -0.00381230353, -0.010110626, -0.487886369, -0.872851729))
mesh("CylinderMesh",Part,"","",Vector3.new(0, 0, 0),Vector3.new(1, 0.983040154, 1))
Part=part(Enum.FormFactor.Brick,m,Enum.Material.SmoothPlastic,0,0,"Institutional white","Part",Vector3.new(0.24000001, 0.550502479, 0.24000001))
Partweld=weld(m,Handle,Part,CFrame.new(0, 0, 0, 0.0139253279, 0.858935118, 0.511900485, 0.00385074317, 0.511900187, -0.859039545, -0.999895632, 0.0139335208, 0.00382081699),CFrame.new(2.85512924, -0.643848419, -0.000188827515, 0.0139230313, 0.999810934, 0.0137800314, -0.00364101073, 0.0138319694, -0.99990052, -0.999896467, 0.0138713904, 0.00383288297))
mesh("BlockMesh",Part,"","",Vector3.new(0, 0, 0),Vector3.new(0.327680141, 1, 0.327680141))
Part=part(Enum.FormFactor.Brick,m,Enum.Material.SmoothPlastic,0,0,"Really black","Part",Vector3.new(0.24000001, 0.24000001, 0.24000001))
Partweld=weld(m,Handle,Part,CFrame.new(0, 0, 0, 0.0139253279, 0.858935118, 0.511900485, 0.00385074317, 0.511900187, -0.859039545, -0.999895632, 0.0139335208, 0.00382081699),CFrame.new(2.85905838, -0.643875122, -0.00412559509, 0.0139230313, 0.999810934, 0.0137800314, -0.00364101073, 0.0138319694, -0.99990052, -0.999896467, 0.0138713904, 0.00383288297))
mesh("BlockMesh",Part,"","",Vector3.new(0, 0, 0),Vector3.new(0.327680141, 0.983040273, 0.655360043))
Part=part(Enum.FormFactor.Brick,m,Enum.Material.SmoothPlastic,0,0,"Institutional white","Part",Vector3.new(1.57286417, 0.24000001, 0.24000001))
Partweld=weld(m,Handle,Part,CFrame.new(0, 0, 0, 0.0139253279, 0.858935118, 0.511900485, 0.00385074317, 0.511900187, -0.859039545, -0.999895632, 0.0139335208, 0.00382081699),CFrame.new(-0.487258911, -1.08039093, -7.62939453e-006, 0.0139230313, 0.999810934, 0.0137800314, -0.00364101073, 0.0138319694, -0.99990052, -0.999896467, 0.0138713904, 0.00383288297))
mesh("BlockMesh",Part,"","",Vector3.new(0, 0, 0),Vector3.new(1, 0.327680141, 0.983040154))
Part=part(Enum.FormFactor.Brick,m,Enum.Material.SmoothPlastic,0,0,"Institutional white","Part",Vector3.new(0.24000001, 0.24000001, 0.24000001))
Partweld=weld(m,Handle,Part,CFrame.new(0, 0, 0, 0.0139253279, 0.858935118, 0.511900485, 0.00385074317, 0.511900187, -0.859039545, -0.999895632, 0.0139335208, 0.00382081699),CFrame.new(1.35233307, -1.19836426, 0.157154083, -0.0139060337, -0.999811053, -0.013788024, -0.00369899906, 0.0138407024, -0.999900162, 0.999896467, -0.0138535611, -0.00389074697))
mesh("BlockMesh",Part,"","",Vector3.new(0, 0, 0),Vector3.new(0.655360222, 0.655360043, 0.327680141))
Part=part(Enum.FormFactor.Brick,m,Enum.Material.SmoothPlastic,0,0,"Institutional white","Part",Vector3.new(1.88743722, 0.24000001, 0.24000001))
Partweld=weld(m,Handle,Part,CFrame.new(0, 0, 0, 0.0139253279, 0.858935118, 0.511900485, 0.00385074317, 0.511900187, -0.859039545, -0.999895632, 0.0139335208, 0.00382081699),CFrame.new(-0.487247467, -1.23763657, -4.00543213e-005, 0.0139230313, 0.999810934, 0.0137800314, -0.00364101073, 0.0138319694, -0.99990052, -0.999896467, 0.0138713904, 0.00383288297))
mesh("BlockMesh",Part,"","",Vector3.new(0, 0, 0),Vector3.new(1, 0.327680141, 0.983040154))
Part=part(Enum.FormFactor.Brick,m,Enum.Material.SmoothPlastic,0,0,"Institutional white","Part",Vector3.new(0.24000001, 0.393216044, 0.24000001))
Partweld=weld(m,Handle,Part,CFrame.new(0, 0, 0, 0.0139253279, 0.858935118, 0.511900485, 0.00385074317, 0.511900187, -0.859039545, -0.999895632, 0.0139335208, 0.00382081699),CFrame.new(2.85514069, -0.643829346, -0.0788497925, 0.0139230313, 0.999810934, 0.0137800314, -0.00364101073, 0.0138319694, -0.99990052, -0.999896467, 0.0138713904, 0.00383288297))
mesh("BlockMesh",Part,"","",Vector3.new(0, 0, 0),Vector3.new(0.327680141, 1, 0.327680141))
Part=part(Enum.FormFactor.Brick,m,Enum.Material.SmoothPlastic,0,0,"Dark stone grey","Part",Vector3.new(0.24000001, 0.24000001, 0.24000001))
Partweld=weld(m,Handle,Part,CFrame.new(0, 0, 0, 0.0139253279, 0.858935118, 0.511900485, 0.00385074317, 0.511900187, -0.859039545, -0.999895632, 0.0139335208, 0.00382081699),CFrame.new(-1.15575027, -0.643939972, 3.6239624e-005, 0.0139230313, 0.999810934, 0.0137800314, -0.00364101073, 0.0138319694, -0.99990052, -0.999896467, 0.0138713904, 0.00383288297))
mesh("BlockMesh",Part,"","",Vector3.new(0, 0, 0),Vector3.new(0.983040154, 0.327680141, 0.983040154))
Part=part(Enum.FormFactor.Brick,m,Enum.Material.SmoothPlastic,0,0,"Institutional white","Part",Vector3.new(1.25829136, 0.24000001, 0.24000001))
Partweld=weld(m,Handle,Part,CFrame.new(0, 0, 0, 0.0139253279, 0.858935118, 0.511900485, 0.00385074317, 0.511900187, -0.859039545, -0.999895632, 0.0139335208, 0.00382081699),CFrame.new(1.47885895, -0.840480804, -0.000131607056, 0.0139230313, 0.999810934, 0.0137800314, -0.00364101073, 0.0138319694, -0.99990052, -0.999896467, 0.0138713904, 0.00383288297))
mesh("BlockMesh",Part,"","",Vector3.new(0, 0, 0),Vector3.new(1, 0.655360222, 0.983040154))
Part=part(Enum.FormFactor.Brick,m,Enum.Material.SmoothPlastic,0,0,"Really black","Part",Vector3.new(0.24000001, 0.24000001, 0.24000001))
Partweld=weld(m,Handle,Part,CFrame.new(0, 0, 0, 0.0139253279, 0.858935118, 0.511900485, 0.00385074317, 0.511900187, -0.859039545, -0.999895632, 0.0139335208, 0.00382081699),CFrame.new(-1.07707214, -0.368663788, 0.00127220154, 0.0139230313, 0.999810934, 0.0137800314, -0.00364101073, 0.0138319694, -0.99990052, -0.999896467, 0.0138713904, 0.00383288297))
mesh("BlockMesh",Part,"","",Vector3.new(0, 0, 0),Vector3.new(0.98304075, 0.655360043, 0.655360043))
Part=part(Enum.FormFactor.Brick,m,Enum.Material.SmoothPlastic,0,0,"Institutional white","Part",Vector3.new(0.314572871, 0.24000001, 0.24000001))
Partweld=weld(m,Handle,Part,CFrame.new(0, 0, 0, 0.0139253279, 0.858935118, 0.511900485, 0.00385074317, 0.511900187, -0.859039545, -0.999895632, 0.0139335208, 0.00382081699),CFrame.new(0.220531464, -0.95847702, -6.67572021e-005, 0.0139230313, 0.999810934, 0.0137800314, -0.00364101073, 0.0138319694, -0.99990052, -0.999896467, 0.0138713904, 0.00383288297))
mesh("CylinderMesh",Part,"","",Vector3.new(0, 0, 0),Vector3.new(1, 0.327680141, 0.983040154))
