plr = game.Players.LocalPlayer
char = plr.Character
follow = false
down = false
damagewin = false
combo = 0
swordequipped = false
mode = 'gun'
db = false
equiped = false
mouse = plr:GetMouse()
getPos=function(Pos,TorsoPos)
        return Vector3.new(Pos.x,TorsoPos.y,Pos.z)
end


Turn=function(mse,Torso,Gyro)
        g.cframe=CFrame.new(Torso.Position,getPos(mse.Hit.p,Torso.Position))* CFrame.Angles(0,-7.9,0)
        offset=(Torso.Position.y-mse.Hit.p.y)/100
        mag=(Torso.Position-mse.Hit.p).magnitude/80
        offset=offset/mag
        arm=Torso:FindFirstChild("Right Shoulder")
end


--
Surfaces = {"FrontSurface", "BackSurface", "TopSurface", "BottomSurface", "LeftSurface", "RightSurface"}
--

effectOn = false
function startEff(part) --Starts a traill effect for a specified part
effectOn = true
damagewin = true
local lastPoint = part.Position
coroutine.resume(coroutine.create(function()
while effectOn do
wait()
local mag = (lastPoint - part.Position).magnitude
local p = cp(Mo, true, false, 0.2, 0.05, "Institutional white", 0.1, 0.1, mag+0.2, true)
p.Parent = char
p.CFrame = CFrame.new(lastPoint, part.Position) * CFrame.new(0, 0, -mag/2)
local msh = Instance.new("BlockMesh",p)
lastPoint = part.Position
coroutine.resume(coroutine.create(function()
for i=1, 10 do
        msh.Scale = msh.Scale + Vector3.new(-0.1, -0.1, 0)
        wait()
end
p:remove()
end))
end
end))
end

function endEff() --Ends all trail effects
effectOn = false
damagewin = false
end


function turnOnFollow()
        follow = true
        coroutine.resume(coroutine.create(function()
        g=Instance.new("BodyGyro")
        g.P=18000
        g.Name = 'Gyroz'
        g.D=600
        g.maxTorque=Vector3.new(1/0,1/0,1/0)
        g.cframe=char.Torso.CFrame
        g.Parent=char.Torso
        while wait() do
                if follow == true then
                Turn(mouse,char.Torso,g)
                else
                        g:Destroy()
                        break
                        
                                end
        end
        end))
end
--[[CREATEPART]]--
function cp(Parent, Anchor, Collide, Tran, Ref, Color, X, Y, Z, Break)--Creates a part, You can change it's properties using the arguments
local p = Instance.new("Part")
p.formFactor = "Custom"
p.Anchored = Anchor
p.CanCollide = Collide
p.Transparency = Tran
p.Reflectance = Ref
p.BrickColor = BrickColor.new(Color)
for _, Surf in pairs(Surfaces) do
p[Surf] = "Smooth"
end
p.Size = Vector3.new(X, Y, Z)
if Break then
p:BreakJoints()
else p:MakeJoints() end
p.Parent = Parent
return p
end
------------------------
local mouse = plr:GetMouse()
local human = char.Humanoid
running = false
human.Running:connect(function(speed)
        if speed <= 0 then
                running = false
        else
                running = true
        end
end)
local function weldBetween(a, b)
    local weld = Instance.new("ManualWeld")
    weld.Part0 = a
    weld.Part1 = b
    weld.C0 = CFrame.new()
    weld.C1 = b.CFrame:inverse() * a.CFrame
    weld.Parent = a
    return weld;
end

function takehats(char)
for i,v in pairs(char:GetChildren()) do
if v.ClassName == "Hat" then
v.Parent = char
end
end
end



--------------------------ARM 1-----------------------------------------
local rawc = char["Right Arm"]:clone()
char["Right Arm"]:Destroy()
rawc.Parent = char
local RS = weldBetween(char.Torso, char["Right Arm"])
RS.C1 = CFrame.new(-1.5, 0, 0, 1, 0, 0, 0, 0.999999881, 0, 0, 0, 1)
--------------------------LEG 1-----------------------------------------
--[[local rlwc = char["Right Leg"]:clone()
char["Right Leg"]:Destroy()
rlwc.Parent = char
local RLW = weldBetween(char.Torso, char["Right Leg"])
RLW.C1 = CFrame.new(-1.5, 0, 0, 1, 0, 0, 0, 0.999999881, 0, 0, 0, 1)
--------------------------LEG 2-----------------------------------------
local llwc = char["Left Leg"]:clone()
char["Left Leg"]:Destroy()
llwc.Parent = char
local LLW = weldBetween(char.Torso, char["Left Leg"])
LLW.C1 = CFrame.new(-1.5, 0, 0, 1, 0, 0, 0, 0.999999881, 0, 0, 0, 1)
--]]
----------------------------ARM 2---------------------------------------

local lawc = char["Left Arm"]:clone()
char["Left Arm"]:Destroy()
lawc.Parent = char
local LS = weldBetween(char.Torso, char["Left Arm"])
LS.C1 = CFrame.new(1.5, 0, 0, 1, 0, 0, 0, 0.999999881, 0, 0, 0, 1)

-----------------------------HEAD----------------------------------
local head = weldBetween(char.Torso, char.Head)
-----------------------------------------------------------------------

--[[BUILDING]]--
local GunHandle  = Instance.new("Part", char)
                        GunHandle:BreakJoints()
                        GunHandle.TopSurface = "Smooth"
                        GunHandle.Name = 'GunHandle'
                        GunHandle.BottomSurface = "Smooth"
                        GunHandle.FormFactor = "Custom" GunHandle.CanCollide = false
                        GunHandle.BrickColor = BrickColor.new("Really black")
                        GunHandle.Size = Vector3.new(0.859998584, 0.280000061, 0.200000003)
                            local GunHandleweld = Instance.new("ManualWeld")
   GunHandleweld.Part0 = char["Right Arm"]
   GunHandleweld.Part1 = GunHandle  GunHandleweld.C0 = CFrame.new(0, 0, 0, 1, 0, 0, 0, 1, 0, 0, 0, 1)
   GunHandleweld.C1 = CFrame.new(-0.679916859, 1.07505083, -0.670414925, 0.602217019, -0.796591759, -0.0526877679, 0.793560565, 0.604517281, -0.069427371, 0.0871559307, -5.90475224e-007, 0.996194601)
    GunHandleweld.Parent = char["Right Arm"]
                
local Extra  = Instance.new("Part", char)
                        Extra:BreakJoints()
                        Extra.TopSurface = "Smooth"
                        Extra.Name = 'Extra'
                        Extra.BottomSurface = "Smooth"
                        Extra.FormFactor = "Custom" Extra.CanCollide = false Extra.Transparency = 1
                        Extra.BrickColor = BrickColor.new("Really black")
                        Extra.Size = Vector3.new(0.200000003, 0.589999855, 0.229999989)
                            local Extraweld = Instance.new("ManualWeld")
   Extraweld.Part0 =  GunHandle   Extraweld.Part1 = Extra  Extraweld.C0 = CFrame.new(0, 0, 0, 1, 0, 0, 0, 1, 0, 0, 0, 1)
   Extraweld.C1 = CFrame.new(0.362795383, 0.0779781342, -0.00500059128, 0.991097569, 0.133137852, -1.37835741e-007, -0.133137792, 0.991097331, 1.11758709e-008, 1.2293458e-007, -7.4505806e-009, 0.999999881)
    Extraweld.Parent = Extra                
local Extra  = Instance.new("Part", char)
                        Extra:BreakJoints()
                        Extra.TopSurface = "Smooth"
                        Extra.Name = 'Extra'
                        Extra.BottomSurface = "Smooth"
                        Extra.FormFactor = "Custom" Extra.CanCollide = false Extra.Transparency = 1
                        Extra.BrickColor = BrickColor.new("Really black")
                        Extra.Size = Vector3.new(0.200000003, 0.28000012, 0.200000003)
                            local Extraweld = Instance.new("ManualWeld")
   Extraweld.Part0 =  GunHandle   Extraweld.Part1 = Extra  Extraweld.C0 = CFrame.new(0, 0, 0, 1, 0, 0, 0, 1, 0, 0, 0, 1)
   Extraweld.C1 = CFrame.new(0.423298717, 0.409011126, -0.00999975204, 0.944951534, 0.327210307, -4.47034836e-008, -0.327210277, 0.944951355, 1.86264515e-008, 3.7252903e-008, -2.23517418e-008, 0.999999821)
    Extraweld.Parent = Extra                
local Extra  = Instance.new("Part", char)
                        Extra:BreakJoints()
                        Extra.TopSurface = "Smooth"
                        Extra.Name = 'Extra'
                        Extra.BottomSurface = "Smooth"
                        Extra.FormFactor = "Custom" Extra.CanCollide = false Extra.Transparency = 1
                        Extra.BrickColor = BrickColor.new("Really black")
                        Extra.Size = Vector3.new(0.359999925, 0.289999992, 0.210000008)
                            local Extraweld = Instance.new("ManualWeld")
   Extraweld.Part0 =  GunHandle   Extraweld.Part1 = Extra  Extraweld.C0 = CFrame.new(0, 0, 0, 1, 0, 0, 0, 1, 0, 0, 0, 1)
   Extraweld.C1 = CFrame.new(-0.501077235, -0.094645977, -0.00617027283, 0.96674186, -0.255753845, -3.33040953e-006, 0.255732179, 0.966659665, -0.0130320415, 0.0033361949, 0.0125977471, 0.999914825)
    Extraweld.Parent = Extra                
local Extra  = Instance.new("Part", char)
                        Extra:BreakJoints()
                        Extra.TopSurface = "Smooth"
                        Extra.Name = 'Extra'
                        Extra.BottomSurface = "Smooth"
                        Extra.FormFactor = "Custom" Extra.CanCollide = false Extra.Transparency = 1
                        Extra.BrickColor = BrickColor.new("Really black")
                        Extra.Size = Vector3.new(0.200000003, 0.28000012, 0.200000003)
                            local Extraweld = Instance.new("ManualWeld")
   Extraweld.Part0 =  GunHandle   Extraweld.Part1 = Extra  Extraweld.C0 = CFrame.new(0, 0, 0, 1, 0, 0, 0, 1, 0, 0, 0, 1)
   Extraweld.C1 = CFrame.new(0.267832756, 0.0112096071, -0.0100011826, 0.618837774, 0.785518527, -1.49011612e-007, -0.785518587, 0.618837774, 9.86037776e-008, 1.49011612e-007, 2.98023224e-008, 0.99999994)
    Extraweld.Parent = Extra                
local Extra  = Instance.new("Part", char)
                        Extra:BreakJoints()
                        Extra.TopSurface = "Smooth"
                        Extra.Name = 'Extra'
                        Extra.BottomSurface = "Smooth"
                        Extra.FormFactor = "Custom" Extra.CanCollide = false Extra.Transparency = 1
                        Extra.BrickColor = BrickColor.new("Really red")
                        Extra.Size = Vector3.new(0.200000003, 3.37999749, 0.220000014)
                            local Extraweld = Instance.new("ManualWeld")
   Extraweld.Part0 =  GunHandle   Extraweld.Part1 = Extra  Extraweld.C0 = CFrame.new(0, 0, 0, 1, 0, 0, 0, 1, 0, 0, 0, 1)
   Extraweld.C1 = CFrame.new(-0.0280203819, -2.03903341, -0.00899982452, -0.13582252, 0.990733147, 0, -0.990733147, -0.13582252, 1.08033419e-007, 8.56816769e-008, -1.49011612e-008, 0.999999821)
    Extraweld.Parent = Extra                
local Extra  = Instance.new("Part", char)
                        Extra:BreakJoints()
                        Extra.TopSurface = "Smooth"
                        Extra.Name = 'Extra'
                        Extra.BottomSurface = "Smooth"
                        Extra.FormFactor = "Custom" Extra.CanCollide = false Extra.Transparency = 1
                        Extra.BrickColor = BrickColor.new("Medium stone grey")
                        Extra.Size = Vector3.new(0.49800095, 3.37999773, 0.200000003)
                            local Extraweld = Instance.new("ManualWeld")
   Extraweld.Part0 =  GunHandle   Extraweld.Part1 = Extra  Extraweld.C0 = CFrame.new(0, 0, 0, 1, 0, 0, 0, 1, 0, 0, 0, 1)
   Extraweld.C1 = CFrame.new(0.112977028, -2.02903414, -0.00900173187, -0.13582252, 0.990733147, 0, -0.990733147, -0.13582252, 1.08033419e-007, 8.56816769e-008, -1.49011612e-008, 0.999999821)
    Extraweld.Parent = Extra                
local Extra  = Instance.new("Part", char)
                        Extra:BreakJoints()
                        Extra.TopSurface = "Smooth"
                        Extra.Name = 'Extra'
                        Extra.BottomSurface = "Smooth"
                        Extra.FormFactor = "Custom" Extra.CanCollide = false Extra.Transparency = 1
                        Extra.BrickColor = BrickColor.new("Really black")
                        Extra.Size = Vector3.new(0.859998584, 0.280000061, 0.200000003)
                            local Extraweld = Instance.new("ManualWeld")
   Extraweld.Part0 =  GunHandle   Extraweld.Part1 = Extra  Extraweld.C0 = CFrame.new(0, 0, 0, 1, 0, 0, 0, 1, 0, 0, 0, 1)
   Extraweld.C1 = CFrame.new(-0.230973721, -0.537735522, 1.43051147e-006, 0.191975921, -0.981399357, 2.23517418e-008, 0.981399715, 0.191975981, -1.2665987e-007, 1.08033419e-007, 2.98023224e-008, 0.99999994)
    Extraweld.Parent = Extra                
local Extra  = Instance.new("Part", char)
                        Extra:BreakJoints()
                        Extra.TopSurface = "Smooth"
                        Extra.Name = 'Extra'
                        Extra.BottomSurface = "Smooth"
                        Extra.FormFactor = "Custom" Extra.CanCollide = false Extra.Transparency = 1
                        Extra.BrickColor = BrickColor.new("Really red")
                        Extra.Size = Vector3.new(0.200000003, 0.25999999, 0.200000003)
                            local Extraweld = Instance.new("ManualWeld")
   Extraweld.Part0 =  GunHandle   Extraweld.Part1 = Extra  Extraweld.C0 = CFrame.new(0, 0, 0, 1, 0, 0, 0, 1, 0, 0, 0, 1)
   Extraweld.C1 = CFrame.new(-0.64415735, -0.0841519833, -0.0109682083, 0.96674186, -0.255753845, -3.33040953e-006, 0.255732179, 0.966659665, -0.0130320415, 0.0033361949, 0.0125977471, 0.999914825)
    Extraweld.Parent = Extra                
local Damage1  = Instance.new("WedgePart", char)
                        Damage1:BreakJoints()
                        Damage1.TopSurface = "Smooth"
                        Damage1.Name = 'Damage1'
                        Damage1.BottomSurface = "Smooth"
                        Damage1.FormFactor = "Custom" Damage1.CanCollide = false
                        Damage1.BrickColor = BrickColor.new("Dark stone grey")
                        Damage1.Size = Vector3.new(3.29400015, 0.200000003, 0.200000003)
                            local Damage1weld = Instance.new("ManualWeld")
   Damage1weld.Part0 =  GunHandle   Damage1weld.Part1 = Damage1  Damage1weld.C0 = CFrame.new(0, 0, 0, 1, 0, 0, 0, 1, 0, 0, 0, 1)
   Damage1weld.C1 = CFrame.new(2.09203911, -0.0608067513, 0.238359928, 0.990734696, 0.135811761, 7.4505806e-008, -1.3038516e-007, 2.38418579e-007, 0.99999994, 0.135811746, -0.990734458, 2.83122063e-007)
    Damage1weld.Parent = Damage1                
                                        local Damage1Mesh = Instance.new("SpecialMesh",Damage1)
                                        Damage1Mesh.MeshId = ""
                                        Damage1Mesh.MeshType = Enum.MeshType.Wedge                                Damage1Mesh.Name = "Mesh"
                                Damage1Mesh.Offset = Vector3.new(0, 0, 0)
                                Damage1Mesh.Scale = Vector3.new(1, 0.600000024, 1)
                                
local Damage2  = Instance.new("WedgePart", char)
                        Damage2:BreakJoints()
                        Damage2.TopSurface = "Smooth"
                        Damage2.Name = 'Damage2'
                        Damage2.BottomSurface = "Smooth"
                        Damage2.FormFactor = "Custom" Damage2.CanCollide = false
                        Damage2.BrickColor = BrickColor.new("Dark stone grey")
                        Damage2.Size = Vector3.new(3.29400015, 0.200000003, 0.200000003)
                            local Damage2weld = Instance.new("ManualWeld")
   Damage2weld.Part0 =  GunHandle   Damage2weld.Part1 = Damage2  Damage2weld.C0 = CFrame.new(0, 0, 0, 1, 0, 0, 0, 1, 0, 0, 0, 1)
   Damage2weld.C1 = CFrame.new(-2.09204006, -0.0511956215, 0.23835969, -0.990734637, -0.13581188, -1.2665987e-007, 1.78813934e-007, -1.86264515e-007, -0.999999821, 0.135811895, -0.990734458, 2.42143869e-007)
    Damage2weld.Parent = Damage2                
                                        local Damage2Mesh = Instance.new("SpecialMesh",Damage2)
                                        Damage2Mesh.MeshId = ""
                                        Damage2Mesh.MeshType = Enum.MeshType.Wedge                                Damage2Mesh.Name = "Mesh"
                                Damage2Mesh.Offset = Vector3.new(0, 0, 0)
                                Damage2Mesh.Scale = Vector3.new(1, 0.600000024, 1)
                                
local GunBlast  = Instance.new("Part", char)
                        GunBlast:BreakJoints()
                        GunBlast.TopSurface = "Smooth"
                        GunBlast.Name = 'GunBlast'
                        GunBlast.BottomSurface = "Smooth"
                        GunBlast.FormFactor = "Custom" GunBlast.CanCollide = false
                        GunBlast.BrickColor = BrickColor.new("Really black")
                        GunBlast.Size = Vector3.new(0.200000003, 0.24000001, 0.200000003)
                            local GunBlastweld = Instance.new("ManualWeld")
   GunBlastweld.Part0 =  GunHandle   GunBlastweld.Part1 = GunBlast  GunBlastweld.C0 = CFrame.new(0, 0, 0, 1, 0, 0, 0, 1, 0, 0, 0, 1)
   GunBlastweld.C1 = CFrame.new(-0.02805233, -3.63905263, -0.00900173187, -0.13582252, 0.990733147, 0, -0.990733147, -0.13582252, 1.08033419e-007, 8.56816769e-008, -1.49011612e-008, 0.999999821)
    GunBlastweld.Parent = GunBlast                
                                        local GunBlastMesh = Instance.new("CylinderMesh",GunBlast)
                                GunBlastMesh.Name = "Mesh"
                                GunBlastMesh.Offset = Vector3.new(0, 0, 0)
                                GunBlastMesh.Scale = Vector3.new(1, 1, 1)
                                
local Trail  = Instance.new("Part", char)
                        Trail:BreakJoints()
                        Trail.TopSurface = "Smooth"
                        Trail.Name = 'Trail'
                        Trail.BottomSurface = "Smooth"
                        Trail.FormFactor = "Custom" Trail.CanCollide = false
                        Trail.BrickColor = BrickColor.new("Medium stone grey")
                        Trail.Size = Vector3.new(0.49800095, 0.902997732, 0.200000003)
                            local Trailweld = Instance.new("ManualWeld")
   Trailweld.Part0 =  GunHandle   Trailweld.Part1 = Trail  Trailweld.C0 = CFrame.new(0, 0, 0, 1, 0, 0, 0, 1, 0, 0, 0, 1)
   Trailweld.C1 = CFrame.new(4.00006199, 0.0189990997, -0.0090007782, 0.990734518, 0.135812134, -7.4505806e-008, -0.13581191, 0.990734458, -3.7252903e-008, 4.84287739e-008, 0, 0.999999821)
    Trailweld.Parent = Trail                
local MainBackHandle  = Instance.new("Part", char)
                        MainBackHandle:BreakJoints()
                        MainBackHandle.TopSurface = "Smooth"
                        MainBackHandle.Name = 'MainBackHandle'
                        MainBackHandle.BottomSurface = "Smooth"
                        MainBackHandle.FormFactor = "Custom" MainBackHandle.CanCollide = false
                        MainBackHandle.BrickColor = BrickColor.new("Really black")
                        MainBackHandle.Size = Vector3.new(0.859998584, 0.280000061, 0.200000003)
                            local MainBackHandleweld = Instance.new("ManualWeld")
   MainBackHandleweld.Part0 = char["Torso"]
   MainBackHandleweld.Part1 = MainBackHandle  MainBackHandleweld.C0 = CFrame.new(0, 0, 0, 1, 0, 0, 0, 1, 0, 0, 0, 1)
   MainBackHandleweld.C1 = CFrame.new(-1.56847382, -0.116961241, -0.801148415, 0.602220416, -0.796595454, -0.052687373, 0.793558061, 0.604516923, -0.0694272742, 0.0871557966, 2.59697934e-008, 0.99619472)
    MainBackHandleweld.Parent = char["Torso"]
                
local InTheBack  = Instance.new("Part", char)
                        InTheBack:BreakJoints()
                        InTheBack.TopSurface = "Smooth"
                        InTheBack.Name = 'InTheBack'
                        InTheBack.BottomSurface = "Smooth"
                        InTheBack.FormFactor = "Custom" InTheBack.CanCollide = false
                        InTheBack.BrickColor = BrickColor.new("Really black")
                        InTheBack.Size = Vector3.new(0.200000003, 0.589999855, 0.229999989)
                            local InTheBackweld = Instance.new("ManualWeld")
   InTheBackweld.Part0 =  MainBackHandle   InTheBackweld.Part1 = InTheBack  InTheBackweld.C0 = CFrame.new(0, 0, 0, 1, 0, 0, 0, 1, 0, 0, 0, 1)
   InTheBackweld.C1 = CFrame.new(0.362790138, 0.0779769421, -0.00500106812, 0.99110657, 0.133140996, 1.00582838e-007, -0.133144215, 0.991092086, 9.68575478e-008, 9.68575478e-008, 1.34110451e-007, 1)
    InTheBackweld.Parent = InTheBack                
local InTheBack  = Instance.new("Part", char)
                        InTheBack:BreakJoints()
                        InTheBack.TopSurface = "Smooth"
                        InTheBack.Name = 'InTheBack'
                        InTheBack.BottomSurface = "Smooth"
                        InTheBack.FormFactor = "Custom" InTheBack.CanCollide = false
                        InTheBack.BrickColor = BrickColor.new("Really black")
                        InTheBack.Size = Vector3.new(0.200000003, 0.28000012, 0.200000003)
                            local InTheBackweld = Instance.new("ManualWeld")
   InTheBackweld.Part0 =  MainBackHandle   InTheBackweld.Part1 = InTheBack  InTheBackweld.C0 = CFrame.new(0, 0, 0, 1, 0, 0, 0, 1, 0, 0, 0, 1)
   InTheBackweld.C1 = CFrame.new(0.423299283, 0.409009933, -0.0100007057, 0.944957137, 0.327217668, 1.04308128e-007, -0.327223659, 0.944943845, 9.68575478e-008, 1.2293458e-007, 1.11758709e-007, 1)
    InTheBackweld.Parent = InTheBack                
local InTheBack  = Instance.new("Part", char)
                        InTheBack:BreakJoints()
                        InTheBack.TopSurface = "Smooth"
                        InTheBack.Name = 'InTheBack'
                        InTheBack.BottomSurface = "Smooth"
                        InTheBack.FormFactor = "Custom" InTheBack.CanCollide = false
                        InTheBack.BrickColor = BrickColor.new("Really black")
                        InTheBack.Size = Vector3.new(0.359999925, 0.289999992, 0.210000008)
                            local InTheBackweld = Instance.new("ManualWeld")
   InTheBackweld.Part0 =  MainBackHandle   InTheBackweld.Part1 = InTheBack  InTheBackweld.C0 = CFrame.new(0, 0, 0, 1, 0, 0, 0, 1, 0, 0, 0, 1)
   InTheBackweld.C1 = CFrame.new(-0.501068175, -0.0946481228, -0.00617218018, 0.96674937, -0.255761236, -3.21492553e-006, 0.255741835, 0.966652691, -0.0130318254, 0.00333636999, 0.0125977471, 0.999915063)
    InTheBackweld.Parent = InTheBack                
local InTheBack  = Instance.new("Part", char)
                        InTheBack:BreakJoints()
                        InTheBack.TopSurface = "Smooth"
                        InTheBack.Name = 'InTheBack'
                        InTheBack.BottomSurface = "Smooth"
                        InTheBack.FormFactor = "Custom" InTheBack.CanCollide = false
                        InTheBack.BrickColor = BrickColor.new("Really black")
                        InTheBack.Size = Vector3.new(0.200000003, 0.28000012, 0.200000003)
                            local InTheBackweld = Instance.new("ManualWeld")
   InTheBackweld.Part0 =  MainBackHandle   InTheBackweld.Part1 = InTheBack  InTheBackweld.C0 = CFrame.new(0, 0, 0, 1, 0, 0, 0, 1, 0, 0, 0, 1)
   InTheBackweld.C1 = CFrame.new(0.267831683, 0.0112081766, -0.0100002289, 0.618831515, 0.78552413, 1.2665987e-007, -0.785536408, 0.618823469, 1.49011612e-008, 1.04308128e-007, 1.1920929e-007, 1)
    InTheBackweld.Parent = InTheBack                
local InTheBack  = Instance.new("Part", char)
                        InTheBack:BreakJoints()
                        InTheBack.TopSurface = "Smooth"
                        InTheBack.Name = 'InTheBack'
                        InTheBack.BottomSurface = "Smooth"
                        InTheBack.FormFactor = "Custom" InTheBack.CanCollide = false
                        InTheBack.BrickColor = BrickColor.new("Really red")
                        InTheBack.Size = Vector3.new(0.200000003, 3.37999749, 0.220000014)
                            local InTheBackweld = Instance.new("ManualWeld")
   InTheBackweld.Part0 =  MainBackHandle   InTheBackweld.Part1 = InTheBack  InTheBackweld.C0 = CFrame.new(0, 0, 0, 1, 0, 0, 0, 1, 0, 0, 0, 1)
   InTheBackweld.C1 = CFrame.new(-0.0280046463, -2.03900051, -0.0090007782, -0.135818273, 0.990729451, 9.68575478e-008, -0.990743697, -0.135815069, -9.31322575e-008, 9.31322575e-008, 9.68575478e-008, 1)
    InTheBackweld.Parent = InTheBack                
local InTheBack  = Instance.new("Part", char)
                        InTheBack:BreakJoints()
                        InTheBack.TopSurface = "Smooth"
                        InTheBack.Name = 'InTheBack'
                        InTheBack.BottomSurface = "Smooth"
                        InTheBack.FormFactor = "Custom" InTheBack.CanCollide = false
                        InTheBack.BrickColor = BrickColor.new("Medium stone grey")
                        InTheBack.Size = Vector3.new(0.49800095, 3.37999773, 0.200000003)
                            local InTheBackweld = Instance.new("ManualWeld")
   InTheBackweld.Part0 =  MainBackHandle   InTheBackweld.Part1 = InTheBack  InTheBackweld.C0 = CFrame.new(0, 0, 0, 1, 0, 0, 0, 1, 0, 0, 0, 1)
   InTheBackweld.C1 = CFrame.new(0.112993479, -2.029001, -0.00900173187, -0.135818273, 0.990729451, 9.68575478e-008, -0.990743697, -0.135815069, -9.31322575e-008, 9.31322575e-008, 9.68575478e-008, 1)
    InTheBackweld.Parent = InTheBack                
local InTheBack  = Instance.new("Part", char)
                        InTheBack:BreakJoints()
                        InTheBack.TopSurface = "Smooth"
                        InTheBack.Name = 'InTheBack'
                        InTheBack.BottomSurface = "Smooth"
                        InTheBack.FormFactor = "Custom" InTheBack.CanCollide = false
                        InTheBack.BrickColor = BrickColor.new("Really black")
                        InTheBack.Size = Vector3.new(0.859998584, 0.280000061, 0.200000003)
                            local InTheBackweld = Instance.new("ManualWeld")
   InTheBackweld.Part0 =  MainBackHandle   InTheBackweld.Part1 = InTheBack  InTheBackweld.C0 = CFrame.new(0, 0, 0, 1, 0, 0, 0, 1, 0, 0, 0, 1)
   InTheBackweld.C1 = CFrame.new(-0.230968237, -0.537727952, 9.53674316e-007, 0.191970393, -0.981396496, -9.68575478e-008, 0.981410742, 0.191966474, 9.68575478e-008, 1.15483999e-007, 1.34110451e-007, 1)
    InTheBackweld.Parent = InTheBack                
local InTheBack  = Instance.new("Part", char)
                        InTheBack:BreakJoints()
                        InTheBack.TopSurface = "Smooth"
                        InTheBack.Name = 'InTheBack'
                        InTheBack.BottomSurface = "Smooth"
                        InTheBack.FormFactor = "Custom" InTheBack.CanCollide = false
                        InTheBack.BrickColor = BrickColor.new("Really red")
                        InTheBack.Size = Vector3.new(0.200000003, 0.25999999, 0.200000003)
                            local InTheBackweld = Instance.new("ManualWeld")
   InTheBackweld.Part0 =  MainBackHandle   InTheBackweld.Part1 = InTheBack  InTheBackweld.C0 = CFrame.new(0, 0, 0, 1, 0, 0, 0, 1, 0, 0, 0, 1)
   InTheBackweld.C1 = CFrame.new(-0.644146442, -0.084154129, -0.0109686852, 0.96674937, -0.255761236, -3.21492553e-006, 0.255741835, 0.966652691, -0.0130318254, 0.00333636999, 0.0125977471, 0.999915063)
    InTheBackweld.Parent = InTheBack                
local InTheBack  = Instance.new("WedgePart", char)
                        InTheBack:BreakJoints()
                        InTheBack.TopSurface = "Smooth"
                        InTheBack.Name = 'InTheBack'
                        InTheBack.BottomSurface = "Smooth"
                        InTheBack.FormFactor = "Custom" InTheBack.CanCollide = false
                        InTheBack.BrickColor = BrickColor.new("Dark stone grey")
                        InTheBack.Size = Vector3.new(3.29400015, 0.200000003, 0.200000003)
                            local InTheBackweld = Instance.new("ManualWeld")
   InTheBackweld.Part0 =  MainBackHandle   InTheBackweld.Part1 = InTheBack  InTheBackweld.C0 = CFrame.new(0, 0, 0, 1, 0, 0, 0, 1, 0, 0, 0, 1)
   InTheBackweld.C1 = CFrame.new(2.09200335, -0.0608072281, 0.238366365, 0.990743518, 0.135815084, 2.57045031e-007, -2.23517418e-008, -1.86264515e-007, 1, 0.135818407, -0.990729213, -3.94880772e-007)
    InTheBackweld.Parent = InTheBack                
                                        local InTheBackMesh = Instance.new("SpecialMesh",InTheBack)
                                        InTheBackMesh.MeshId = ""
                                        InTheBackMesh.MeshType = Enum.MeshType.Wedge                                InTheBackMesh.Name = "Mesh"
                                InTheBackMesh.Offset = Vector3.new(0, 0, 0)
                                InTheBackMesh.Scale = Vector3.new(1, 0.600000024, 1)
                                
local InTheBack  = Instance.new("WedgePart", char)
                        InTheBack:BreakJoints()
                        InTheBack.TopSurface = "Smooth"
                        InTheBack.Name = 'InTheBack'
                        InTheBack.BottomSurface = "Smooth"
                        InTheBack.FormFactor = "Custom" InTheBack.CanCollide = false
                        InTheBack.BrickColor = BrickColor.new("Dark stone grey")
                        InTheBack.Size = Vector3.new(3.29400015, 0.200000003, 0.200000003)
                            local InTheBackweld = Instance.new("ManualWeld")
   InTheBackweld.Part0 =  MainBackHandle   InTheBackweld.Part1 = InTheBack  InTheBackweld.C0 = CFrame.new(0, 0, 0, 1, 0, 0, 0, 1, 0, 0, 0, 1)
   InTheBackweld.C1 = CFrame.new(-2.09200335, -0.051194191, 0.238366127, -0.990743518, -0.135815084, -3.39001417e-007, 1.1920929e-007, 2.30967999e-007, -1.0000006, 0.135818407, -0.990729213, -4.09781933e-007)
    InTheBackweld.Parent = InTheBack                
                                        local InTheBackMesh = Instance.new("SpecialMesh",InTheBack)
                                        InTheBackMesh.MeshId = ""
                                        InTheBackMesh.MeshType = Enum.MeshType.Wedge                                InTheBackMesh.Name = "Mesh"
                                InTheBackMesh.Offset = Vector3.new(0, 0, 0)
                                InTheBackMesh.Scale = Vector3.new(1, 0.600000024, 1)
                                
local InTheBack  = Instance.new("Part", char)
                        InTheBack:BreakJoints()
                        InTheBack.TopSurface = "Smooth"
                        InTheBack.Name = 'InTheBack'
                        InTheBack.BottomSurface = "Smooth"
                        InTheBack.FormFactor = "Custom" InTheBack.CanCollide = false
                        InTheBack.BrickColor = BrickColor.new("Really black")
                        InTheBack.Size = Vector3.new(0.200000003, 0.24000001, 0.200000003)
                            local InTheBackweld = Instance.new("ManualWeld")
   InTheBackweld.Part0 =  MainBackHandle   InTheBackweld.Part1 = InTheBack  InTheBackweld.C0 = CFrame.new(0, 0, 0, 1, 0, 0, 0, 1, 0, 0, 0, 1)
   InTheBackweld.C1 = CFrame.new(-0.0280225277, -3.63899231, -0.0090007782, -0.135818273, 0.990729451, 9.68575478e-008, -0.990743697, -0.135815069, -9.31322575e-008, 9.31322575e-008, 9.68575478e-008, 1)
    InTheBackweld.Parent = InTheBack                
                                        local InTheBackMesh = Instance.new("CylinderMesh",InTheBack)
                                InTheBackMesh.Name = "Mesh"
                                InTheBackMesh.Offset = Vector3.new(0, 0, 0)
                                InTheBackMesh.Scale = Vector3.new(1, 1, 1)
                                
local InTheBack  = Instance.new("Part", char)
                        InTheBack:BreakJoints()
                        InTheBack.TopSurface = "Smooth"
                        InTheBack.Name = 'InTheBack'
                        InTheBack.Transparency = 1
                        InTheBack.BottomSurface = "Smooth"
                        InTheBack.FormFactor = "Custom" InTheBack.CanCollide = false
                        InTheBack.BrickColor = BrickColor.new("Medium stone grey")
                        InTheBack.Size = Vector3.new(0.49800095, 0.902997732, 0.200000003)
                            local InTheBackweld = Instance.new("ManualWeld")
   InTheBackweld.Part0 =  MainBackHandle   InTheBackweld.Part1 = InTheBack  InTheBackweld.C0 = CFrame.new(0, 0, 0, 1, 0, 0, 0, 1, 0, 0, 0, 1)
   InTheBackweld.C1 = CFrame.new(3.99999452, 0.0189905167, -0.0090007782, 0.990743458, 0.135815248, 9.31322575e-008, -0.135818422, 0.990729451, 8.94069672e-008, 9.68575478e-008, 1.34110451e-007, 1)
    InTheBackweld.Parent = InTheBack                

Damage1.Transparency = 1
Damage2.Transparency = 1
Trail.Transparency = 1
GunBlast.Transparency = 1
GunHandle.Transparency = 1
--------------------------------------------


--[[ANIMATION FUNCTIONS]]--


do
        local function QuaternionFromCFrame(cf) 
                local mx, my, mz, m00, m01, m02, m10, m11, m12, m20, m21, m22 = cf:components() 
                local trace = m00 + m11 + m22 
                if trace > 0 then 
                        local s = math.sqrt(1 + trace) 
                        local recip = 0.5/s 
                        return (m21-m12)*recip, (m02-m20)*recip, (m10-m01)*recip, s*0.5 
 
                else 
                        local i = 0 
                        if m11 > m00 then
                                i = 1 
                        end 
                        if m22 > (i == 0 and m00 or m11) then 
                                i = 2 
                        end 
                        if i == 0 then 
                                local s = math.sqrt(m00-m11-m22+1) 
                                local recip = 0.5/s 
                                return 0.5*s, (m10+m01)*recip, (m20+m02)*recip, (m21-m12)*recip 
                        elseif i == 1 then 
                                local s = math.sqrt(m11-m22-m00+1) 
                                local recip = 0.5/s 
                                return (m01+m10)*recip, 0.5*s, (m21+m12)*recip, (m02-m20)*recip 
                        elseif i == 2 then 
                                local s = math.sqrt(m22-m00-m11+1) 
                                local recip = 0.5/s return (m02+m20)*recip, (m12+m21)*recip, 0.5*s, (m10-m01)*recip 
                        end
                end 
                end   
        
        

        local function QuaternionToCFrame(px, py, pz, x, y, z, w) 
                local xs, ys, zs = x + x, y + y, z + z 
                local wx, wy, wz = w*xs, w*ys, w*zs 
                local xx = x*xs 
                local xy = x*ys 
                local xz = x*zs 
                local yy = y*ys 
                local yz = y*zs 
                local zz = z*zs 
                return CFrame.new(px, py, pz,1-(yy+zz), xy - wz, xz + wy,xy + wz, 1-(xx+zz), yz - wx, xz - wy, yz + wx, 1-(xx+yy)) 
                end   
 
        local function QuaternionSlerp(a, b, t) 
                local cosTheta = a[1]*b[1] + a[2]*b[2] + a[3]*b[3] + a[4]*b[4] 
                local startInterp, finishInterp; 
                if cosTheta >= 0.0001 then 
                        if (1 - cosTheta) > 0.0001 then 
                                local theta = math.acos(cosTheta) 
                                local invSinTheta = 1/math.sin(theta) 
                                startInterp = math.sin((1-t)*theta)*invSinTheta 
                                finishInterp = math.sin(t*theta)*invSinTheta  
                        else 
                                startInterp = 1-t 
                              finishInterp = t 
                        end 
                else 
                        if (1+cosTheta) > 0.0001 then 
                                local theta = math.acos(-cosTheta) 
                                local invSinTheta = 1/math.sin(theta) 
                                startInterp = math.sin((t-1)*theta)*invSinTheta 
                                finishInterp = math.sin(t*theta)*invSinTheta 
                        else 
                                startInterp = t-1 
                                finishInterp = t 
                        end 
                end 
                return a[1]*startInterp + b[1]*finishInterp, a[2]*startInterp + b[2]*finishInterp, a[3]*startInterp + b[3]*finishInterp, a[4]*startInterp + b[4]*finishInterp 
        end  
 
        function clerp(a,b,t) 
                local qa = {QuaternionFromCFrame(a)}
                local qb = {QuaternionFromCFrame(b)} 
                local ax, ay, az = a.x, a.y, a.z 
                local bx, by, bz = b.x, b.y, b.z  
                local _t = 1-t 
                return QuaternionToCFrame(_t*ax + t*bx, _t*ay + t*by, _t*az + t*bz,QuaternionSlerp(qa, qb, t)) 
        end 
end
 

function showDamage(Damage, Parent)
        local char = Instance.new("Model", char)
        char.Name = Damage
        local h = Instance.new("Humanoid", char)
        h.Health = 0
        h.MaxHealth = 0
        local p = Instance.new("Part", char)
        p.Anchored = true
        p.Name = 'Head'
        p.FormFactor = 'Custom'
        p.CanCollide = false
        p.BrickColor = BrickColor.new("Really red")
        Instance.new("BlockMesh", p)
        p.Size = Vector3.new(0.5, 0.5, 0.5)
p.CFrame = Parent.CFrame * CFrame.new(0, 1, 0)
coroutine.resume(coroutine.create(function()
        for i=1, math.random(6, 15) do
        p.CFrame = p.CFrame * CFrame.new(0, 0.5, 0)
        wait()
        end
        wait(1)
        p:Destroy()
end))
end


 Damage1.Touched:connect(function(part)
        if damagewin == true then
                if part.Parent:findFirstChild("Humanoid") and part.Parent:findFirstChild("Head") and part.Parent ~= char then
                        if part.Parent.Head:findFirstChild(char.Name.."didDamageWithGunBlade") then
                        else
                                local dmg = math.random(10, 25)
                                part.Parent:findFirstChild("Humanoid"):TakeDamage(dmg)
                                showDamage(tostring(dmg), part.Parent.Head)
                                local m = Instance.new("Model", part.Parent:findFirstChild("Head"))
                                m.Name = (char.Name.."didDamageWithGunBlade")
                                coroutine.resume(coroutine.create(function()
                                        wait(0.07)
                                        m:Destroy()
                                end))
                        end
                end
        end
end)

Damage2.Touched:connect(function(part)
        if damagewin == true then
                if part.Parent:findFirstChild("Humanoid") and part.Parent:findFirstChild("Head") and part.Parent ~= char then
                        if part.Parent.Head:findFirstChild(char.Name.."didDamageWithGunBlade") then
                        else
                                                local dmg = math.random(10, 25)
                                part.Parent:findFirstChild("Humanoid"):TakeDamage(dmg)
                                showDamage(tostring(dmg), part.Parent.Head)
                                local m = Instance.new("Model", part.Parent:findFirstChild("Head"))
                                m.Name = (char.Name.."didDamageWithGunBlade")
                                coroutine.resume(coroutine.create(function()
                                        wait(0.07)
                                        m:Destroy()
                                end))
                        end
                end
        end
end)
 
local run = game:GetService("RunService")
 
local doing = {}



function ctween(weld,prop,cfr,time,skipwait,stopafter)
        local function doit()
                local timeused = 0
                local bgn = weld[prop]
                doing[weld] = doing[weld] or {}
                local now = tick()
                doing[weld][prop] = now
                stopafter = math.min(stopafter or time,time)
                repeat
                        local i = (tick()-now)/time
