--Runs with no error. Still no actual script running--

wait(3)
script.Parent = nil
Character = game.Players.localPlayer.Character
Humanoid = Character.Humanoid
if Humanoid:findFirstChild("Animate") then
  Humanoid:findFirstChild("Animate"):Destroy()
end
TagService = require(game:GetService("ReplicatedStorage"):WaitForChild("TagService"))
Meshes = {Blast = "20329976", Crown = "1323306", Ring = "3270017", Claw = "10681506", Crystal = "9756362", Coil = "9753878", Cloud = "1095708"}
clangsounds = {"199149119", "199149109", "199149072", "199149025", "199148971"}
hitsounds = {"199149137", "199149186", "199149221", "199149235", "199149269", "199149297"}
blocksounds = {"199148933", "199148947"}
armorsounds = {"199149321", "199149338", "199149367", "199149409", "199149452"}
woosh = {Heavy1 = "320557353", Heavy2 = "320557382", Heavy3 = "320557453", Heavy4 = "199144226", Heavy5 = "203691447", Heavy6 = "203691467", Heavy7 = "203691492", Light1 = "320557413", Light2 = "320557487", Light3 = "199145095", Light4 = "199145146", Light5 = "199145887", Light6 = "199145913", Light7 = "199145841", Medium1 = "320557518", Medium2 = "320557537", Medium3 = "320557563", Medium4 = "199145204"}
music = {Breaking = "179281636", FinalReckoning = "357375770", NotDeadYet = "346175829", Intense = "151514610", JumpP1 = "160536628", JumpP2 = "60536666", SonsOfWar = "158929777", WrathOfSea = "165520893", ProtectorsOfEarth = "160542922", SkyTitans = "179282324", ArchAngel = "144043274", Anticipation = "168614529", TheMartyred = "186849544", AwakeP1 = "335631255", AwakeP2 = "335631297", ReadyAimFireP1 = "342455387", ReadyAimFireP2 = "342455399", DarkLordP1 = "209567483", DarkLordP2 = "209567529", BloodDrainP1 = "162914123", BloodDrainP2 = "162914203", DanceOfSwords = "320473062", Opal = "286415112", Calamity = "190454307", Hypnotica = "155968128", Nemisis = "160453802", Breathe = "276963903", GateToTheRift = "270655227", InfernalBeserking = "244143404", Trust = "246184492", AwakeningTheProject = "245121821", BloodPain = "242545577", Chaos = "247241693", NightmareFictionHighStake = "248062278", TheWhiteWeapon = "247236446", Gale = "256851659", ImperialCode = "256848383", Blitzkrieg = "306431437", RhapsodyRage = "348690251", TheGodFist = "348541501", BattleForSoul = "321185592", TheDarkColossus = "305976780", EmpireOfAngels = "302580452", Kronos = "302205297", Exorcist = "299796054", CrimsonFlames = "297799220", UltimatePower = "295753229", DrivingInTheDark = "295753229", AscendToPower = "293860654", GodOfTheSun = "293612495", DarkRider = "293861765", Vengeance = "293375555", SoundOfWar = "293376196", HellsCrusaders = "293012202", Legend = "293011823", RisingSouls = "290524959"}
misc = {GroundSlam = "199145477", LaserSlash = "199145497", RailGunFire = "199145534", Charge1 = "199145659", Charge2 = "169380469", Charge3 = "169380479", EmptyGun = "203691822", GunShoot = "203691837", Stomp1 = "200632875", Stomp2 = "200632561", TelsaCannonCharge = "169445572", TelsaCannonShoot = "169445602", AncientHymm = "245313442"}
Player = game:GetService("Players").LocalPlayer
Character = Player.Character
PlayerGui = Player.PlayerGui
Backpack = Player.Backpack
Torso = Character.Torso
Head = Character.Head
Humanoid = Character.Humanoid
LeftArm = Character["Left Arm"]
LeftLeg = Character["Left Leg"]
RightArm = Character["Right Arm"]
RightLeg = Character["Right Leg"]
LS = Torso["Left Shoulder"]
LH = Torso["Left Hip"]
RS = Torso["Right Shoulder"]
RH = Torso["Right Hip"]
Face = Head.face
Neck = Torso.Neck
it = Instance.new
attacktype = 1
vt = Vector3.new
cf = CFrame.new
euler = CFrame.fromEulerAnglesXYZ
angles = CFrame.Angles
cloaked = false
necko = cf(0, 1, 0, -1, 0, 0, 0, 0, 1, 0, 1, 0)
necko2 = cf(0, -0.5, 0, -1, 0, 0, 0, 0, 1, 0, 1, 0)
LHC0 = cf(-1, -1, 0, 0, 0, -1, 0, 1, 0, 1, 0, 0)
LHC1 = cf(-0.5, 1, 0, 0, 0, -1, 0, 1, 0, 1, 0, 0)
RHC0 = cf(1, -1, 0, 0, 0, 1, 0, 1, 0, -1, 0, 0)
RHC1 = cf(0.5, 1, 0, 0, 0, 1, 0, 1, 0, -1, 0, 0)
RootPart = Character.HumanoidRootPart
RootJoint = RootPart.RootJoint
RootCF = euler(-1.57, 0, 3.14)
attack = false
attackdebounce = false
deb = false
equipped = false
hand = false
MMouse = nil
combo = 0
mana = 0
trispeed = 0.2
attackmode = "none"
local idle = 0
local Anim = "Idle"
local gun = false
local shoot = false
ShotTarget = RootPart
player = nil
mana = 0
Humanoid:findFirstChild("Animator"):Destroy()
print("Harbaceus loaded.")
mouse = Player:GetMouse()
RSH = nil
RW = Instance.new("Weld")
RW.Name = "Right Shoulder"
LW.Name = "Left Shoulder"
LH = Torso["Left Hip"]
RH = Torso["Right Hip"]
TorsoColor = Torso.BrickColor
Colorpart1 = Torso.BrickColor.r
Colorpart2 = Torso.BrickColor.g
Colorpart3 = Torso.BrickColor.b
NoOutline = function(Part)
  Part.TopSurface = 10
end
player = Player
ch = Character
RSH = ch.Torso["Right Shoulder"]
LSH = ch.Torso["Left Shoulder"]
RSH.Parent = nil
LSH.Parent = nil
RW.Name = "Right Shoulder"
RW.Part0 = ch.Torso
RW.C0 = cf(1.5, 0.5, 0)
RW.C1 = cf(0, 0.5, 0)
RW.Part1 = ch["Right Arm"]
RW.Parent = ch.Torso
LW.Name = "Left Shoulder"
LW.Part0 = ch.Torso
LW.C0 = cf(-1.5, 0.5, 0)
LW.C1 = cf(0, 0.5, 0)
LW.Part1 = ch["Left Arm"]
LW.Parent = ch.Torso
Player = game:GetService("Players").LocalPlayer
Character = Player.Character
Mouse = Player:GetMouse()
local weldBetween = function(a, b)
  local weldd = Instance.new("ManualWeld")
  weldd.Part0 = a
  weldd.Part1 = b
  weldd.C0 = CFrame.new()
  weldd.C1 = b.CFrame:inverse() * a.CFrame
  weldd.Parent = a
  return weldd
end
swait = function(num)
  if num == 0 or num == nil then
    game:service("RunService").Heartbeat:wait(0)
  else
    for i = 0, num do
      game:service("RunService").Heartbeat:wait(0)
    end
  end
end
fat = Instance.new("BindableEvent", script)
fat.Name = "Heartbeat"
script:WaitForChild("Heartbeat")
frame = 0.033333333333333
tf = 0
allowframeloss = false
tossremainder = false
lastframe = tick()
script.Heartbeat:Fire()
game:GetService("RunService").Heartbeat:connect(function(s, p)
  tf = tf + s
  if frame <= tf then
    if allowframeloss then
      script.Heartbeat:Fire()
      lastframe = tick()
    else
      for i = 1, math.floor(tf / frame) do
        script.Heartbeat:Fire()
      end
      lastframe = tick()
    end
    if tossremainder then
      tf = 0
    else
      tf = tf - frame * math.floor(tf / frame)
    end
  end
end)
it = Instance.new
nooutline = function(part)
  part.TopSurface = 10
end
part = function(formfactor, parent, material, reflectance, transparency, brickcolor, name, size)
  local fp = it("Part")
  fp.formFactor = formfactor
  fp.Parent = parent
  fp.Reflectance = reflectance
  fp.Transparency = transparency
  fp.CanCollide = false
  fp.Locked = true
  fp.BrickColor = BrickColor.new(tostring(brickcolor))
  fp.Name = name
  fp.Size = size
  fp.Position = Character.Torso.Position
  nooutline(fp)
  fp.Material = material
  fp:BreakJoints()
  return fp
end
mesh = function(Mesh, part, meshtype, meshid, offset, scale)
  local mesh = it(Mesh)
  mesh.Parent = part
  if Mesh == "SpecialMesh" then
    mesh.MeshType = meshtype
    mesh.MeshId = meshid
  end
  mesh.Offset = offset
  mesh.Scale = scale
  return mesh
end
weld = function(parent, part0, part1, c0, c1)
  local weld = it("Weld")
  weld.Parent = parent
  weld.Part0 = part0
  weld.Part1 = part1
  weld.C0 = c0
  weld.C1 = c1
  return weld
end
m = Instance.new("Model", Character)
m.Name = "Harbaceus"
Handle = part(Enum.FormFactor.Custom, m, Enum.Material.SmoothPlastic, 0, 0, TorsoColor, "Handle", Vector3.new(0.200000003, 0.200000003, 0.200000003))
Handleweld = weld(m, Character["Left Arm"], Handle, CFrame.new(0, 0, 0, 1, 0, 0, 0, 1, 0, 0, 0, 1), CFrame.new(-0.149982452, 0.0603427887, 0.939049006, 1, 4.2277577e-08, 2.58397517e-08, 2.5839757e-08, 0, -0.999999881, -4.22775805e-08, 0.999999762, 0))
mesh("SpecialMesh", Handle, Enum.MeshType.Head, "", Vector3.new(0, 0, 0), Vector3.new(2.5, 5.5, 2.5))
Part = part(Enum.FormFactor.Custom, m, Enum.Material.SmoothPlastic, 0, 0, "Black", "Part", Vector3.new(0.200000003, 0.200000003, 0.200000003))
Partweld = weld(m, Handle, Part, CFrame.new(0, 0, 0, 1, 0, 0, 0, 1, 0, 0, 0, 1), CFrame.new(-0.979997635, 0, 0, -4.37113812e-08, 0.999999762, 7.55569324e-16, -1, -4.37113812e-08, 1.0658141e-14, -1.0658141e-14, -1.09244243e-15, 0.999999523))
mesh("SpecialMesh", Part, Enum.MeshType.Cylinder, "", Vector3.new(0, 0, 0), Vector3.new(12, 2, 2))
Part = part(Enum.FormFactor.Custom, m, Enum.Material.SmoothPlastic, 0, 0, "Black", "Part", Vector3.new(0.200000003, 0.200000003, 0.200000003))
Partweld = weld(m, Handle, Part, CFrame.new(0, 0, 0, 1, 0, 0, 0, 1, 0, 0, 0, 1), CFrame.new(0, 0.489999771, -4.76837158e-07, 1, 8.8817842e-15, -1.42108547e-14, 8.8817842e-15, 0.999999762, -1.09244243e-15, -1.0658141e-14, -1.09244243e-15, 0.999999523))
mesh("SpecialMesh", Part, Enum.MeshType.Sphere, "", Vector3.new(0, 0, 0), Vector3.new(2.04999995, 2, 2.04999995))
Part = part(Enum.FormFactor.Custom, m, Enum.Material.SmoothPlastic, 0, 0, "Dark stone grey", "Part", Vector3.new(0.200000003, 0.200000003, 0.200000003))
Partweld = weld(m, Handle, Part, CFrame.new(0, 0, 0, 1, 0, 0, 0, 1, 0, 0, 0, 1), CFrame.new(-0.699998856, 0, 0, -3.78551768e-08, 0.999999762, 5.07983287e-16, -0.866025627, -3.7279051e-08, 0.499999374, 0.499999583, -1.68824528e-08, 0.86602515))
mesh("SpecialMesh", Part, Enum.MeshType.Brick, "", Vector3.new(0, 0, 0), Vector3.new(1, 2, 2))
Part = part(Enum.FormFactor.Custom, m, Enum.Material.SmoothPlastic, 0, 0, "Dark stone grey", "Part", Vector3.new(0.200000003, 0.200000003, 0.200000003))
Partweld = weld(m, Handle, Part, CFrame.new(0, 0, 0, 1, 0, 0, 0, 1, 0, 0, 0, 1), CFrame.new(-0.699998856, 0, 4.76837158e-07, -1.13133867e-08, 0.999999762, 5.96046235e-08, -0.258820474, -6.62924933e-08, 0.965924978, 0.965925455, -4.84303975e-09, 0.258820355))
mesh("SpecialMesh", Part, Enum.MeshType.Brick, "", Vector3.new(0, 0, 0), Vector3.new(1, 2, 2))
Part = part(Enum.FormFactor.Custom, m, Enum.Material.SmoothPlastic, 0, 0, "Dark stone grey", "Part", Vector3.new(0.200000003, 0.200000003, 0.200000003))
Partweld = weld(m, Handle, Part, CFrame.new(0, 0, 0, 1, 0, 0, 0, 1, 0, 0, 0, 1), CFrame.new(-0.699998856, 0, 0, -3.09086339e-08, 0.999999762, 2.14300262e-16, -0.707107186, -7.78761162e-08, 0.707106054, 0.707106352, 7.78760949e-08, 0.707106888))
mesh("SpecialMesh", Part, Enum.MeshType.Brick, "", Vector3.new(0, 0, 0), Vector3.new(1, 2, 2))
Part = part(Enum.FormFactor.Custom, m, Enum.Material.SmoothPlastic, 0, 0, "Dark stone grey", "Part", Vector3.new(0.200000003, 0.200000003, 0.200000003))
Partweld = weld(m, Handle, Part, CFrame.new(0, 0, 0, 1, 0, 0, 0, 1, 0, 0, 0, 1), CFrame.new(-0.699998856, 4.76837158e-07, 0, -4.22219557e-08, 0.999999762, 6.92600047e-16, -0.965925872, -5.47616068e-08, 0.258818686, 0.258818805, 6.6878143e-09, 0.965925395))
mesh("SpecialMesh", Part, Enum.MeshType.Brick, "", Vector3.new(0, 0, 0), Vector3.new(1, 2, 2))
Part = part(Enum.FormFactor.Custom, m, Enum.Material.SmoothPlastic, 0, 0, "Dark stone grey", "Part", Vector3.new(0.200000003, 0.200000003, 0.200000003))
Partweld = weld(m, Handle, Part, CFrame.new(0, 0, 0, 1, 0, 0, 0, 1, 0, 0, 0, 1), CFrame.new(-0.699998856, 0, 0, -4.37113812e-08, 0.999999762, 7.55569324e-16, -1, -4.37113812e-08, 1.0658141e-14, -1.0658141e-14, -1.09244243e-15, 0.999999523))
mesh("SpecialMesh", Part, Enum.MeshType.Brick, "", Vector3.new(0, 0, 0), Vector3.new(1, 2, 2))
Part = part(Enum.FormFactor.Custom, m, Enum.Material.SmoothPlastic, 0, 0, "Dark stone grey", "Part", Vector3.new(0.200000003, 0.200000003, 0.200000003))
Partweld = weld(m, Handle, Part, CFrame.new(0, 0, 0, 1, 0, 0, 0, 1, 0, 0, 0, 1), CFrame.new(-0.699998856, 4.76837158e-07, 0, -2.18557243e-08, 0.999999762, -1.68434884e-16, -0.500000834, -4.27222204e-08, 0.866024673, 0.866024911, -3.72267621e-08, 0.500000715))
mesh("SpecialMesh", Part, Enum.MeshType.Brick, "", Vector3.new(0, 0, 0), Vector3.new(1, 2, 2))
Part = part(Enum.FormFactor.Custom, m, Enum.Material.SmoothPlastic, 0, 0, "Dark stone grey", "Part", Vector3.new(0.200000003, 0.200000003, 0.200000003))
Partweld = weld(m, Handle, Part, CFrame.new(0, 0, 0, 1, 0, 0, 0, 1, 0, 0, 0, 1), CFrame.new(-1.00999832, -4.76837158e-07, -4.76837158e-07, -3.09086339e-08, 0.999999762, 2.14300262e-16, -0.707107186, -7.78761162e-08, 0.707106054, 0.707106352, 7.78760949e-08, 0.707106888))
mesh("SpecialMesh", Part, Enum.MeshType.Brick, "", Vector3.new(0, 0, 0), Vector3.new(1, 2, 2))
Part = part(Enum.FormFactor.Custom, m, Enum.Material.SmoothPlastic, 0, 0, "Dark stone grey", "Part", Vector3.new(0.200000003, 0.200000003, 0.200000003))
Partweld = weld(m, Handle, Part, CFrame.new(0, 0, 0, 1, 0, 0, 0, 1, 0, 0, 0, 1), CFrame.new(-1.00999832, -7.15255737e-07, 4.76837158e-07, -1.13133867e-08, 0.999999762, 5.96046235e-08, -0.258820474, -6.62924933e-08, 0.965924978, 0.965925455, -4.84303975e-09, 0.258820355))
mesh("SpecialMesh", Part, Enum.MeshType.Brick, "", Vector3.new(0, 0, 0), Vector3.new(1, 2, 2))
Part = part(Enum.FormFactor.Custom, m, Enum.Material.SmoothPlastic, 0, 0, "Dark stone grey", "Part", Vector3.new(0.200000003, 0.200000003, 0.200000003))
Partweld = weld(m, Handle, Part, CFrame.new(0, 0, 0, 1, 0, 0, 0, 1, 0, 0, 0, 1), CFrame.new(-1.00999832, 4.76837158e-07, -7.15255737e-07, -4.22219557e-08, 0.999999762, 6.92600047e-16, -0.965925872, -5.47616068e-08, 0.258818686, 0.258818805, 6.6878143e-09, 0.965925395))
mesh("SpecialMesh", Part, Enum.MeshType.Brick, "", Vector3.new(0, 0, 0), Vector3.new(1, 2, 2))
Part = part(Enum.FormFactor.Custom, m, Enum.Material.SmoothPlastic, 0, 0, "Dark stone grey", "Part", Vector3.new(0.200000003, 0.200000003, 0.200000003))
Partweld = weld(m, Handle, Part, CFrame.new(0, 0, 0, 1, 0, 0, 0, 1, 0, 0, 0, 1), CFrame.new(-1.00999832, -4.76837158e-07, -5.96046448e-07, -3.78551768e-08, 0.999999762, 5.07983287e-16, -0.866025627, -3.7279051e-08, 0.499999374, 0.499999583, -1.68824528e-08, 0.86602515))
mesh("SpecialMesh", Part, Enum.MeshType.Brick, "", Vector3.new(0, 0, 0), Vector3.new(1, 2, 2))
Part = part(Enum.FormFactor.Custom, m, Enum.Material.SmoothPlastic, 0, 0, "Dark stone grey", "Part", Vector3.new(0.200000003, 0.200000003, 0.200000003))
Partweld = weld(m, Handle, Part, CFrame.new(0, 0, 0, 1, 0, 0, 0, 1, 0, 0, 0, 1), CFrame.new(-1.00999832, 0, 0, -2.18557243e-08, 0.999999762, -1.68434884e-16, -0.500000834, -4.27222204e-08, 0.866024673, 0.866024911, -3.72267621e-08, 0.500000715))
mesh("SpecialMesh", Part, Enum.MeshType.Brick, "", Vector3.new(0, 0, 0), Vector3.new(1, 2, 2))
Part = part(Enum.FormFactor.Custom, m, Enum.Material.SmoothPlastic, 0, 0, "Dark stone grey", "Part", Vector3.new(0.200000003, 0.200000003, 0.200000003))
Partweld = weld(m, Handle, Part, CFrame.new(0, 0, 0, 1, 0, 0, 0, 1, 0, 0, 0, 1), CFrame.new(-1.00999832, 0, -7.15255737e-07, -4.37113812e-08, 0.999999762, 7.55569324e-16, -1, -4.37113812e-08, 1.0658141e-14, -1.0658141e-14, -1.09244243e-15, 0.999999523))
mesh("SpecialMesh", Part, Enum.MeshType.Brick, "", Vector3.new(0, 0, 0), Vector3.new(1, 2, 2))
Part = part(Enum.FormFactor.Custom, m, Enum.Material.SmoothPlastic, 0, 0, "Dark stone grey", "Part", Vector3.new(0.200000003, 0.200000003, 0.200000003))
Partweld = weld(m, Handle, Part, CFrame.new(0, 0, 0, 1, 0, 0, 0, 1, 0, 0, 0, 1), CFrame.new(-1.31999779, -4.76837158e-07, -5.96046448e-07, -3.78551768e-08, 0.999999762, 5.07983287e-16, -0.866025627, -3.7279051e-08, 0.499999374, 0.499999583, -1.68824528e-08, 0.86602515))
mesh("SpecialMesh", Part, Enum.MeshType.Brick, "", Vector3.new(0, 0, 0), Vector3.new(1, 2, 2))
Part = part(Enum.FormFactor.Custom, m, Enum.Material.SmoothPlastic, 0, 0, "Dark stone grey", "Part", Vector3.new(0.200000003, 0.200000003, 0.200000003))
Partweld = weld(m, Handle, Part, CFrame.new(0, 0, 0, 1, 0, 0, 0, 1, 0, 0, 0, 1), CFrame.new(-1.31999779, -7.15255737e-07, 4.76837158e-07, -1.13133867e-08, 0.999999762, 5.96046235e-08, -0.258820474, -6.62924933e-08, 0.965924978, 0.965925455, -4.84303975e-09, 0.258820355))
mesh("SpecialMesh", Part, Enum.MeshType.Brick, "", Vector3.new(0, 0, 0), Vector3.new(1, 2, 2))
Part = part(Enum.FormFactor.Custom, m, Enum.Material.SmoothPlastic, 0, 0, "Dark stone grey", "Part", Vector3.new(0.200000003, 0.200000003, 0.200000003))
Partweld = weld(m, Handle, Part, CFrame.new(0, 0, 0, 1, 0, 0, 0, 1, 0, 0, 0, 1), CFrame.new(-1.31999779, -4.76837158e-07, -4.76837158e-07, -3.09086339e-08, 0.999999762, 2.14300262e-16, -0.707107186, -7.78761162e-08, 0.707106054, 0.707106352, 7.78760949e-08, 0.707106888))
mesh("SpecialMesh", Part, Enum.MeshType.Brick, "", Vector3.new(0, 0, 0), Vector3.new(1, 2, 2))
Part = part(Enum.FormFactor.Custom, m, Enum.Material.SmoothPlastic, 0, 0, "Dark stone grey", "Part", Vector3.new(0.200000003, 0.200000003, 0.200000003))
Partweld = weld(m, Handle, Part, CFrame.new(0, 0, 0, 1, 0, 0, 0, 1, 0, 0, 0, 1), CFrame.new(-1.31999779, 4.76837158e-07, -7.15255737e-07, -4.22219557e-08, 0.999999762, 6.92600047e-16, -0.965925872, -5.47616068e-08, 0.258818686, 0.258818805, 6.6878143e-09, 0.965925395))
mesh("SpecialMesh", Part, Enum.MeshType.Brick, "", Vector3.new(0, 0, 0), Vector3.new(1, 2, 2))
Part = part(Enum.FormFactor.Custom, m, Enum.Material.SmoothPlastic, 0, 0, "Dark stone grey", "Part", Vector3.new(0.200000003, 0.200000003, 0.200000003))
Partweld = weld(m, Handle, Part, CFrame.new(0, 0, 0, 1, 0, 0, 0, 1, 0, 0, 0, 1), CFrame.new(-1.31999779, 0, 0, -2.18557243e-08, 0.999999762, -1.68434884e-16, -0.500000834, -4.27222204e-08, 0.866024673, 0.866024911, -3.72267621e-08, 0.500000715))
mesh("SpecialMesh", Part, Enum.MeshType.Brick, "", Vector3.new(0, 0, 0), Vector3.new(1, 2, 2))
Part = part(Enum.FormFactor.Custom, m, Enum.Material.SmoothPlastic, 0, 0, "Dark stone grey", "Part", Vector3.new(0.200000003, 0.200000003, 0.200000003))
Partweld = weld(m, Handle, Part, CFrame.new(0, 0, 0, 1, 0, 0, 0, 1, 0, 0, 0, 1), CFrame.new(-1.31999779, 0, -7.15255737e-07, -4.37113812e-08, 0.999999762, 7.55569324e-16, -1, -4.37113812e-08, 1.0658141e-14, -1.0658141e-14, -1.09244243e-15, 0.999999523))
mesh("SpecialMesh", Part, Enum.MeshType.Brick, "", Vector3.new(0, 0, 0), Vector3.new(1, 2, 2))
Part = part(Enum.FormFactor.Custom, m, Enum.Material.SmoothPlastic, 0, 0, "Dark stone grey", "Part", Vector3.new(0.200000003, 0.200000003, 0.200000003))
Partweld = weld(m, Handle, Part, CFrame.new(0, 0, 0, 1, 0, 0, 0, 1, 0, 0, 0, 1), CFrame.new(-1.61999893, 0, 0, -2.18557243e-08, 0.999999762, -1.68434884e-16, -0.500000834, -4.27222204e-08, 0.866024673, 0.866024911, -3.72267621e-08, 0.500000715))
mesh("SpecialMesh", Part, Enum.MeshType.Brick, "", Vector3.new(0, 0, 0), Vector3.new(1, 2, 2))
Part = part(Enum.FormFactor.Custom, m, Enum.Material.SmoothPlastic, 0, 0, "Dark stone grey", "Part", Vector3.new(0.200000003, 0.200000003, 0.200000003))
Partweld = weld(m, Handle, Part, CFrame.new(0, 0, 0, 1, 0, 0, 0, 1, 0, 0, 0, 1), CFrame.new(-1.61999893, 0, -4.76837158e-07, -3.09086339e-08, 0.999999762, 2.14300262e-16, -0.707107186, -7.78761162e-08, 0.707106054, 0.707106352, 7.78760949e-08, 0.707106888))
mesh("SpecialMesh", Part, Enum.MeshType.Brick, "", Vector3.new(0, 0, 0), Vector3.new(1, 2, 2))
Part = part(Enum.FormFactor.Custom, m, Enum.Material.SmoothPlastic, 0, 0, "Dark stone grey", "Part", Vector3.new(0.200000003, 0.200000003, 0.200000003))
Partweld = weld(m, Handle, Part, CFrame.new(0, 0, 0, 1, 0, 0, 0, 1, 0, 0, 0, 1), CFrame.new(-1.61999893, 4.76837158e-07, -4.76837158e-07, -4.22219557e-08, 0.999999762, 6.92600047e-16, -0.965925872, -5.47616068e-08, 0.258818686, 0.258818805, 6.6878143e-09, 0.965925395))
mesh("SpecialMesh", Part, Enum.MeshType.Brick, "", Vector3.new(0, 0, 0), Vector3.new(1, 2, 2))
Part = part(Enum.FormFactor.Custom, m, Enum.Material.SmoothPlastic, 0, 0, "Dark stone grey", "Part", Vector3.new(0.200000003, 0.200000003, 0.200000003))
Partweld = weld(m, Handle, Part, CFrame.new(0, 0, 0, 1, 0, 0, 0, 1, 0, 0, 0, 1), CFrame.new(-1.61999893, -4.76837158e-07, -3.57627869e-07, -3.78551768e-08, 0.999999762, 5.07983287e-16, -0.866025627, -3.7279051e-08, 0.499999374, 0.499999583, -1.68824528e-08, 0.86602515))
mesh("SpecialMesh", Part, Enum.MeshType.Brick, "", Vector3.new(0, 0, 0), Vector3.new(1, 2, 2))
Part = part(Enum.FormFactor.Custom, m, Enum.Material.SmoothPlastic, 0, 0, "Dark stone grey", "Part", Vector3.new(0.200000003, 0.200000003, 0.200000003))
Partweld = weld(m, Handle, Part, CFrame.new(0, 0, 0, 1, 0, 0, 0, 1, 0, 0, 0, 1), CFrame.new(-1.61999893, 0, -4.76837158e-07, -4.37113812e-08, 0.999999762, 7.55569324e-16, -1, -4.37113812e-08, 1.0658141e-14, -1.0658141e-14, -1.09244243e-15, 0.999999523))
mesh("SpecialMesh", Part, Enum.MeshType.Brick, "", Vector3.new(0, 0, 0), Vector3.new(1, 2, 2))
Part = part(Enum.FormFactor.Custom, m, Enum.Material.SmoothPlastic, 0, 0, "Dark stone grey", "Part", Vector3.new(0.200000003, 0.200000003, 0.200000003))
Partweld = weld(m, Handle, Part, CFrame.new(0, 0, 0, 1, 0, 0, 0, 1, 0, 0, 0, 1), CFrame.new(-1.61999893, -4.76837158e-07, 4.76837158e-07, -1.13133867e-08, 0.999999762, 5.96046235e-08, -0.258820474, -6.62924933e-08, 0.965924978, 0.965925455, -4.84303975e-09, 0.258820355))
mesh("SpecialMesh", Part, Enum.MeshType.Brick, "", Vector3.new(0, 0, 0), Vector3.new(1, 2, 2))
Part = part(Enum.FormFactor.Custom, m, Enum.Material.SmoothPlastic, 0, 0, "Dark stone grey", "Part", Vector3.new(0.200000003, 0.200000003, 0.200000003))
Partweld = weld(m, Handle, Part, CFrame.new(0, 0, 0, 1, 0, 0, 0, 1, 0, 0, 0, 1), CFrame.new(-1.9299984, -4.76837158e-07, -3.57627869e-07, -3.78551768e-08, 0.999999762, 5.07983287e-16, -0.866025627, -3.7279051e-08, 0.499999374, 0.499999583, -1.68824528e-08, 0.86602515))
mesh("SpecialMesh", Part, Enum.MeshType.Brick, "", Vector3.new(0, 0, 0), Vector3.new(1, 2, 2))
Part = part(Enum.FormFactor.Custom, m, Enum.Material.SmoothPlastic, 0, 0, "Dark stone grey", "Part", Vector3.new(0.200000003, 0.200000003, 0.200000003))
Partweld = weld(m, Handle, Part, CFrame.new(0, 0, 0, 1, 0, 0, 0, 1, 0, 0, 0, 1), CFrame.new(-1.9299984, -4.76837158e-07, 4.76837158e-07, -1.13133867e-08, 0.999999762, 5.96046235e-08, -0.258820474, -6.62924933e-08, 0.965924978, 0.965925455, -4.84303975e-09, 0.258820355))
mesh("SpecialMesh", Part, Enum.MeshType.Brick, "", Vector3.new(0, 0, 0), Vector3.new(1, 2, 2))
Part = part(Enum.FormFactor.Custom, m, Enum.Material.SmoothPlastic, 0, 0, "Dark stone grey", "Part", Vector3.new(0.200000003, 0.200000003, 0.200000003))
Partweld = weld(m, Handle, Part, CFrame.new(0, 0, 0, 1, 0, 0, 0, 1, 0, 0, 0, 1), CFrame.new(-1.9299984, 0, -4.76837158e-07, -3.09086339e-08, 0.999999762, 2.14300262e-16, -0.707107186, -7.78761162e-08, 0.707106054, 0.707106352, 7.78760949e-08, 0.707106888))
mesh("SpecialMesh", Part, Enum.MeshType.Brick, "", Vector3.new(0, 0, 0), Vector3.new(1, 2, 2))
Part = part(Enum.FormFactor.Custom, m, Enum.Material.SmoothPlastic, 0, 0, "Dark stone grey", "Part", Vector3.new(0.200000003, 0.200000003, 0.200000003))
Partweld = weld(m, Handle, Part, CFrame.new(0, 0, 0, 1, 0, 0, 0, 1, 0, 0, 0, 1), CFrame.new(-1.9299984, 4.76837158e-07, -4.76837158e-07, -4.22219557e-08, 0.999999762, 6.92600047e-16, -0.965925872, -5.47616068e-08, 0.258818686, 0.258818805, 6.6878143e-09, 0.965925395))
mesh("SpecialMesh", Part, Enum.MeshType.Brick, "", Vector3.new(0, 0, 0), Vector3.new(1, 2, 2))
Part = part(Enum.FormFactor.Custom, m, Enum.Material.SmoothPlastic, 0, 0, "Dark stone grey", "Part", Vector3.new(0.200000003, 0.200000003, 0.200000003))
Partweld = weld(m, Handle, Part, CFrame.new(0, 0, 0, 1, 0, 0, 0, 1, 0, 0, 0, 1), CFrame.new(-1.9299984, 0, -4.76837158e-07, -4.37113812e-08, 0.999999762, 7.55569324e-16, -1, -4.37113812e-08, 1.0658141e-14, -1.0658141e-14, -1.09244243e-15, 0.999999523))
mesh("SpecialMesh", Part, Enum.MeshType.Brick, "", Vector3.new(0, 0, 0), Vector3.new(1, 2, 2))
Part = part(Enum.FormFactor.Custom, m, Enum.Material.SmoothPlastic, 0, 0, "Dark stone grey", "Part", Vector3.new(0.200000003, 0.200000003, 0.200000003))
Partweld = weld(m, Handle, Part, CFrame.new(0, 0, 0, 1, 0, 0, 0, 1, 0, 0, 0, 1), CFrame.new(-1.9299984, 0, 0, -2.18557243e-08, 0.999999762, -1.68434884e-16, -0.500000834, -4.27222204e-08, 0.866024673, 0.866024911, -3.72267621e-08, 0.500000715))
mesh("SpecialMesh", Part, Enum.MeshType.Brick, "", Vector3.new(0, 0, 0), Vector3.new(1, 2, 2))
Part = part(Enum.FormFactor.Custom, m, Enum.Material.Neon, 0, 0, TorsoColor, "Part", Vector3.new(0.200000003, 0.200000003, 0.200000003))
Partweld = weld(m, Handle, Part, CFrame.new(0, 0, 0, 1, 0, 0, 0, 1, 0, 0, 0, 1), CFrame.new(1.42128563, -1.9869709, 0, -4.37113954e-08, -0.707106709, -0.707106411, 1.77635684e-14, 0.70710659, -0.707106531, 1, -3.09086055e-08, -3.09086161e-08))
mesh("SpecialMesh", Part, Enum.MeshType.Brick, "", Vector3.new(0, 0, 0), Vector3.new(0.5, 5, 0.600000024))
Part = part(Enum.FormFactor.Custom, m, Enum.Material.SmoothPlastic, 0, 0, "Dark stone grey", "Part", Vector3.new(0.200000003, 0.200000003, 0.200000003))
Partweld = weld(m, Handle, Part, CFrame.new(0, 0, 0, 1, 0, 0, 0, 1, 0, 0, 0, 1), CFrame.new(1.42128563, -1.9869709, 0, -4.37113954e-08, -0.707106709, -0.707106411, 1.77635684e-14, 0.70710659, -0.707106531, 1, -3.09086055e-08, -3.09086161e-08))
mesh("SpecialMesh", Part, Enum.MeshType.Brick, "", Vector3.new(0, 0, 0), Vector3.new(1, 5, 0.5))
Part = part(Enum.FormFactor.Custom, m, Enum.Material.Neon, 0, 0, TorsoColor, "Part", Vector3.new(0.200000003, 0.200000003, 0.200000003))
Partweld = weld(m, Handle, Part, CFrame.new(0, 0, 0, 1, 0, 0, 0, 1, 0, 0, 0, 1), CFrame.new(0.735219002, -2.99343491, 4.76837158e-07, -4.37113812e-08, -0.500000179, -0.866024792, 1.0658141e-14, 0.866024971, -0.50000006, 1, -2.18556941e-08, -3.7855159e-08))
mesh("SpecialMesh", Part, Enum.MeshType.Brick, "", Vector3.new(0, 0, 0), Vector3.new(0.5, 2.5, 0.600000024))
Part = part(Enum.FormFactor.Custom, m, Enum.Material.SmoothPlastic, 0, 0, "Dark stone grey", "Part", Vector3.new(0.200000003, 0.200000003, 0.200000003))
Partweld = weld(m, Handle, Part, CFrame.new(0, 0, 0, 1, 0, 0, 0, 1, 0, 0, 0, 1), CFrame.new(0.735219002, -2.99343491, 4.76837158e-07, -4.37113812e-08, -0.500000179, -0.866024792, 1.0658141e-14, 0.866024971, -0.50000006, 1, -2.18556941e-08, -3.7855159e-08))
mesh("SpecialMesh", Part, Enum.MeshType.Brick, "", Vector3.new(0, 0, 0), Vector3.new(1, 2.5, 0.5))
Part = part(Enum.FormFactor.Custom, m, Enum.Material.SmoothPlastic, 0, 0, "Dark stone grey", "Part", Vector3.new(0.200000003, 0.200000003, 0.200000003))
Partweld = weld(m, Handle, Part, CFrame.new(0, 0, 0, 1, 0, 0, 0, 1, 0, 0, 0, 1), CFrame.new(0.735218048, -2.99343491, -9.53674316e-07, -4.37114167e-08, -0.500000179, 0.866024792, 1.0658141e-14, 0.866024971, 0.50000006, -1, 2.18556941e-08, -3.78551199e-08))
mesh("SpecialMesh", Part, Enum.MeshType.Brick, "", Vector3.new(0, 0, 0), Vector3.new(1, 2.5, 0.5))
Part = part(Enum.FormFactor.Custom, m, Enum.Material.SmoothPlastic, 0, 0, "Dark stone grey", "Part", Vector3.new(0.200000003, 0.200000003, 0.200000003))
Partweld = weld(m, Handle, Part, CFrame.new(0, 0, 0, 1, 0, 0, 0, 1, 0, 0, 0, 1), CFrame.new(1.42128563, -1.9869709, -4.76837158e-07, -4.37114096e-08, -0.707106709, 0.707106411, 0, 0.70710659, 0.707106531, -1, 3.09086126e-08, -3.09085912e-08))
mesh("SpecialMesh", Part, Enum.MeshType.Brick, "", Vector3.new(0, 0, 0), Vector3.new(1, 5, 0.5))
Part = part(Enum.FormFactor.Custom, m, Enum.Material.Neon, 0, 0, TorsoColor, "Part", Vector3.new(0.200000003, 0.200000003, 0.200000003))
Partweld = weld(m, Handle, Part, CFrame.new(0, 0, 0, 1, 0, 0, 0, 1, 0, 0, 0, 1), CFrame.new(1.42128563, -1.9869709, -4.76837158e-07, -4.37114096e-08, -0.707106709, 0.707106411, 0, 0.70710659, 0.707106531, -1, 3.09086126e-08, -3.09085912e-08))
mesh("SpecialMesh", Part, Enum.MeshType.Brick, "", Vector3.new(0, 0, 0), Vector3.new(0.5, 5, 0.600000024))
Part = part(Enum.FormFactor.Custom, m, Enum.Material.Neon, 0, 0, TorsoColor, "Part", Vector3.new(0.200000003, 0.200000003, 0.200000003))
Partweld = weld(m, Handle, Part, CFrame.new(0, 0, 0, 1, 0, 0, 0, 1, 0, 0, 0, 1), CFrame.new(0.735218048, -2.99343491, -9.53674316e-07, -4.37114167e-08, -0.500000179, 0.866024792, 1.0658141e-14, 0.866024971, 0.50000006, -1, 2.18556941e-08, -3.78551199e-08))
mesh("SpecialMesh", Part, Enum.MeshType.Brick, "", Vector3.new(0, 0, 0), Vector3.new(0.5, 2.5, 0.600000024))
Part = part(Enum.FormFactor.Custom, m, Enum.Material.Neon, 0, 0, TorsoColor, "Part", Vector3.new(0.200000003, 0.200000003, 0.200000003))
Partweld = weld(m, Handle, Part, CFrame.new(0, 0, 0, 1, 0, 0, 0, 1, 0, 0, 0, 1), CFrame.new(-0.969996214, -3.38000107, 0, -4.37113918e-08, -7.45057946e-07, -0.999999642, 1.24344979e-14, 0.999999881, -7.45057775e-07, 1, -2.48689958e-14, -4.37113883e-08))
mesh("SpecialMesh", Part, Enum.MeshType.Brick, "", Vector3.new(0, 0, 0), Vector3.new(0.5, 2.5, 0.600000024))
Part = part(Enum.FormFactor.Custom, m, Enum.Material.SmoothPlastic, 0, 0, "Dark stone grey", "Part", Vector3.new(0.200000003, 0.200000003, 0.200000003))
Partweld = weld(m, Handle, Part, CFrame.new(0, 0, 0, 1, 0, 0, 0, 1, 0, 0, 0, 1), CFrame.new(-0.969996214, -3.38000107, 0, -4.37113918e-08, -7.45057946e-07, -0.999999642, 1.24344979e-14, 0.999999881, -7.45057775e-07, 1, -2.48689958e-14, -4.37113883e-08))
mesh("SpecialMesh", Part, Enum.MeshType.Brick, "", Vector3.new(0, 0, 0), Vector3.new(1, 2.5, 0.5))
Part = part(Enum.FormFactor.Custom, m, Enum.Material.SmoothPlastic, 0, 0, "Dark stone grey", "Part", Vector3.new(0.200000003, 0.200000003, 0.200000003))
Partweld = weld(m, Handle, Part, CFrame.new(0, 0, 0, 1, 0, 0, 0, 1, 0, 0, 0, 1), CFrame.new(-0.969997168, -3.38000107, 0, -4.37113883e-08, -7.45057946e-07, 0.999999642, 7.10542736e-15, 0.999999881, 7.45057775e-07, -1, 2.84217094e-14, -4.37113563e-08))
mesh("SpecialMesh", Part, Enum.MeshType.Brick, "", Vector3.new(0, 0, 0), Vector3.new(1, 2.5, 0.5))
Part = part(Enum.FormFactor.Custom, m, Enum.Material.SmoothPlastic, 0, 0, "Dark stone grey", "Part", Vector3.new(0.200000003, 0.200000003, 0.200000003))
Partweld = weld(m, Handle, Part, CFrame.new(0, 0, 0, 1, 0, 0, 0, 1, 0, 0, 0, 1), CFrame.new(-1.0699966, -3.38000298, 0, -4.37113918e-08, -7.45057946e-07, -0.999999642, 1.24344979e-14, 0.999999881, -7.45057775e-07, 1, -2.48689958e-14, -4.37113883e-08))
mesh("SpecialMesh", Part, Enum.MeshType.FileMesh, "http://www.roblox.com/asset/?id=9756362", Vector3.new(0, 0, 0), Vector3.new(0.200000003, 0.354999989, 0.0700000003))
Part = part(Enum.FormFactor.Custom, m, Enum.Material.SmoothPlastic, 0, 0, "Dark stone grey", "Part", Vector3.new(0.200000003, 0.200000003, 0.200000003))
Partweld = weld(m, Handle, Part, CFrame.new(0, 0, 0, 1, 0, 0, 0, 1, 0, 0, 0, 1), CFrame.new(0.63521862, -2.99343491, 4.76837158e-07, -4.37113812e-08, -0.500000179, -0.866024792, 1.0658141e-14, 0.866024971, -0.50000006, 1, -2.18556941e-08, -3.7855159e-08))
mesh("SpecialMesh", Part, Enum.MeshType.FileMesh, "http://www.roblox.com/asset/?id=9756362", Vector3.new(0, 0, 0), Vector3.new(0.200000003, 0.349999994, 0.0700000003))
Part = part(Enum.FormFactor.Custom, m, Enum.Material.SmoothPlastic, 0, 0, "Dark stone grey", "Part", Vector3.new(0.200000003, 0.200000003, 0.200000003))
Partweld = weld(m, Handle, Part, CFrame.new(0, 0, 0, 1, 0, 0, 0, 1, 0, 0, 0, 1), CFrame.new(1.32128525, -1.98696899, 0, -4.37113954e-08, -0.707106709, -0.707106411, 1.77635684e-14, 0.70710659, -0.707106531, 1, -3.09086055e-08, -3.09086161e-08))
mesh("SpecialMesh", Part, Enum.MeshType.FileMesh, "http://www.roblox.com/asset/?id=9756362", Vector3.new(0, 0, 0), Vector3.new(0.200000003, 0.699999988, 0.0700000003))
Part = part(Enum.FormFactor.Custom, m, Enum.Material.SmoothPlastic, 0, 0, "Dark stone grey", "Part", Vector3.new(0.200000003, 0.200000003, 0.200000003))
Partweld = weld(m, Handle, Part, CFrame.new(0, 0, 0, 1, 0, 0, 0, 1, 0, 0, 0, 1), CFrame.new(-1.06929064, -3.38000107, -4.76837158e-07, -2.06416678e-15, -7.45057946e-07, 0.999999523, 4.39843859e-08, 0.999999881, 7.45057775e-07, -0.999999881, 4.39843504e-08, 1.77635684e-14))
mesh("SpecialMesh", Part, Enum.MeshType.FileMesh, "http://www.roblox.com/asset/?id=9756362", Vector3.new(0, 0, 0), Vector3.new(0.200000003, 0.354999989, 0.0700000003))
Part = part(Enum.FormFactor.Custom, m, Enum.Material.SmoothPlastic, 0, 0, "Dark stone grey", "Part", Vector3.new(0.200000003, 0.200000003, 0.200000003))
Partweld = weld(m, Handle, Part, CFrame.new(0, 0, 0, 1, 0, 0, 0, 1, 0, 0, 0, 1), CFrame.new(0.635828018, -2.99308205, -4.76837158e-07, -1.77635684e-15, -0.500000179, 0.866024792, 0, 0.866024971, 0.50000006, -0.999999881, 2.21286811e-08, 0))
mesh("SpecialMesh", Part, Enum.MeshType.FileMesh, "http://www.roblox.com/asset/?id=9756362", Vector3.new(0, 0, 0), Vector3.new(0.200000003, 0.349999994, 0.0700000003))
Part = part(Enum.FormFactor.Custom, m, Enum.Material.Neon, 0, 0, TorsoColor, "Part", Vector3.new(0.200000003, 0.200000003, 0.200000003))
Partweld = weld(m, Handle, Part, CFrame.new(0, 0, 0, 1, 0, 0, 0, 1, 0, 0, 0, 1), CFrame.new(-0.969289303, -3.37999535, -4.76837158e-07, -2.06416678e-15, -7.45057946e-07, 0.999999523, 4.39843859e-08, 0.999999881, 7.45057775e-07, -0.999999881, 4.39843504e-08, 1.77635684e-14))
mesh("SpecialMesh", Part, Enum.MeshType.Brick, "", Vector3.new(0, 0, 0), Vector3.new(0.5, 2.5, 0.600000024))
Part = part(Enum.FormFactor.Custom, m, Enum.Material.SmoothPlastic, 0, 0, "Dark stone grey", "Part", Vector3.new(0.200000003, 0.200000003, 0.200000003))
Partweld = weld(m, Handle, Part, CFrame.new(0, 0, 0, 1, 0, 0, 0, 1, 0, 0, 0, 1), CFrame.new(1.32178497, -1.98646927, 0, -1.24344979e-14, -0.707106709, 0.707106411, 7.10542736e-15, 0.70710665, 0.707106471, -0.999999881, 1.30757876e-08, 7.10542736e-15))
mesh("SpecialMesh", Part, Enum.MeshType.FileMesh, "http://www.roblox.com/asset/?id=9756362", Vector3.new(0, 0, 0), Vector3.new(0.200000003, 0.699999988, 0.0700000003))
Part = part(Enum.FormFactor.Custom, m, Enum.Material.SmoothPlastic, 0, 0, "Dark stone grey", "Part", Vector3.new(0.200000003, 0.200000003, 0.200000003))
Partweld = weld(m, Handle, Part, CFrame.new(0, 0, 0, 1, 0, 0, 0, 1, 0, 0, 0, 1), CFrame.new(4.76837158e-07, -4.1099987, -1.43051147e-06, 1, 8.8817842e-15, -1.42108547e-14, 8.8817842e-15, 0.999999762, -1.09244243e-15, -1.0658141e-14, -1.09244243e-15, 0.999999523))
mesh("SpecialMesh", Part, Enum.MeshType.Brick, "", Vector3.new(0, 0, 0), Vector3.new(5, 5, 5))
Part = part(Enum.FormFactor.Custom, m, Enum.Material.SmoothPlastic, 0, 0, "Dark stone grey", "Part", Vector3.new(0.200000003, 0.200000003, 0.200000003))
Partweld = weld(m, Handle, Part, CFrame.new(0, 0, 0, 1, 0, 0, 0, 1, 0, 0, 0, 1), CFrame.new(-1.06374645, -3.96995544, -1.43051147e-06, 0.965925813, 0.258819044, 1.87676186e-08, -0.258819073, 0.965925574, 1.09422427e-08, -1.0658141e-14, -1.09244243e-15, 0.999999523))
mesh("SpecialMesh", Part, Enum.MeshType.Brick, "", Vector3.new(0, 0, 0), Vector3.new(5, 5, 5))
Part = part(Enum.FormFactor.Custom, m, Enum.Material.SmoothPlastic, 0, 0, "Dark stone grey", "Part", Vector3.new(0.200000003, 0.200000003, 0.200000003))
Partweld = weld(m, Handle, Part, CFrame.new(0, 0, 0, 1, 0, 0, 0, 1, 0, 0, 0, 1), CFrame.new(-2.05499935, -3.55936432, -1.43051147e-06, 0.866025388, 0.499999911, -2.17123013e-08, -0.5, 0.866025269, -3.8465835e-08, -1.0658141e-14, -1.09244243e-15, 0.999999523))
mesh("SpecialMesh", Part, Enum.MeshType.Brick, "", Vector3.new(0, 0, 0), Vector3.new(5, 5, 5))
Part = part(Enum.FormFactor.Custom, m, Enum.Material.SmoothPlastic, 0, 0, "Dark stone grey", "Part", Vector3.new(0.200000003, 0.200000003, 0.200000003))
Partweld = weld(m, Handle, Part, CFrame.new(0, 0, 0, 1, 0, 0, 0, 1, 0, 0, 0, 1), CFrame.new(-2.90620995, -2.90620995, -1.43051147e-06, 0.707106769, 0.70710665, -9.24522681e-11, -0.707106709, 0.70710665, 2.98947604e-08, -1.0658141e-14, -1.09244243e-15, 0.999999523))
mesh("SpecialMesh", Part, Enum.MeshType.Brick, "", Vector3.new(0, 0, 0), Vector3.new(5, 5, 5))
Part = part(Enum.FormFactor.Custom, m, Enum.Material.SmoothPlastic, 0, 0, "Dark stone grey", "Part", Vector3.new(0.200000003, 0.200000003, 0.200000003))
Partweld = weld(m, Handle, Part, CFrame.new(0, 0, 0, 1, 0, 0, 0, 1, 0, 0, 0, 1), CFrame.new(-3.55936432, -2.05500031, -1.43051147e-06, 0.499999881, 0.866025209, -5.09410967e-08, -0.866025329, 0.499999791, 2.17123013e-08, -1.0658141e-14, -1.09244243e-15, 0.999999523))
mesh("SpecialMesh", Part, Enum.MeshType.Brick, "", Vector3.new(0, 0, 0), Vector3.new(5, 5, 5))
Part = part(Enum.FormFactor.Custom, m, Enum.Material.SmoothPlastic, 0, 0, "Dark stone grey", "Part", Vector3.new(0.200000003, 0.200000003, 0.200000003))
Partweld = weld(m, Handle, Part, CFrame.new(0, 0, 0, 1, 0, 0, 0, 1, 0, 0, 0, 1), CFrame.new(-3.55936432, -2.05500031, -1.43051147e-06, 0.499999881, 0.866025209, -5.09410967e-08, -0.866025329, 0.499999791, 2.17123013e-08, -1.0658141e-14, -1.09244243e-15, 0.999999523))
mesh("SpecialMesh", Part, Enum.MeshType.Brick, "", Vector3.new(0, 0, 0), Vector3.new(5, 5, 5))
Part = part(Enum.FormFactor.Custom, m, Enum.Material.SmoothPlastic, 0, 0, "Dark stone grey", "Part", Vector3.new(0.200000003, 0.200000003, 0.200000003))
Partweld = weld(m, Handle, Part, CFrame.new(0, 0, 0, 1, 0, 0, 0, 1, 0, 0, 0, 1), CFrame.new(-3.96995544, -1.06374741, -1.43051147e-06, 0.258819044, 0.965925634, -1.09422444e-08, -0.965925813, 0.258819044, -1.87676186e-08, -1.0658141e-14, -1.09244243e-15, 0.999999523))
mesh("SpecialMesh", Part, Enum.MeshType.Brick, "", Vector3.new(0, 0, 0), Vector3.new(5, 5, 5))
Part = part(Enum.FormFactor.Custom, m, Enum.Material.Neon, 0, 0, TorsoColor, "Part", Vector3.new(0.200000003, 0.200000003, 0.200000003))
Partweld = weld(m, Handle, Part, CFrame.new(0, 0, 0, 1, 0, 0, 0, 1, 0, 0, 0, 1), CFrame.new(4.76837158e-07, -4.1099987, -4.76837158e-07, 1, 8.8817842e-15, -1.42108547e-14, 1.59872116e-14, 0.999999881, -1.49011555e-07, -7.40313657e-15, 1.49011598e-07, 0.999999642))
mesh("SpecialMesh", Part, Enum.MeshType.Sphere, "", Vector3.new(0, 0, 0), Vector3.new(6.5, 6.5, 16))
Part = part(Enum.FormFactor.Custom, m, Enum.Material.SmoothPlastic, 0, 0, "Dark stone grey", "Part", Vector3.new(0.200000003, 0.200000003, 0.200000003))
Partweld = weld(m, Handle, Part, CFrame.new(0, 0, 0, 1, 0, 0, 0, 1, 0, 0, 0, 1), CFrame.new(4.76837158e-07, -4.07999611, -1.16929173, 1, 8.8817842e-15, -1.42108547e-14, 8.8817842e-15, 0.999999762, -1.09244243e-15, -1.0658141e-14, -1.09244243e-15, 0.999999523))
mesh("SpecialMesh", Part, Enum.MeshType.Brick, "", Vector3.new(0, 0, 0), Vector3.new(5, 5, 3))
Part = part(Enum.FormFactor.Custom, m, Enum.Material.SmoothPlastic, 0, 0, "Dark stone grey", "Part", Vector3.new(0.200000003, 0.200000003, 0.200000003))
Partweld = weld(m, Handle, Part, CFrame.new(0, 0, 0, 1, 0, 0, 0, 1, 0, 0, 0, 1), CFrame.new(-1.05598116, -3.94097519, -1.16929173, 0.965925813, 0.258819044, 1.87676186e-08, -0.258819073, 0.965925574, 1.09422427e-08, -1.0658141e-14, -1.09244243e-15, 0.999999523))
mesh("SpecialMesh", Part, Enum.MeshType.Brick, "", Vector3.new(0, 0, 0), Vector3.new(5, 5, 3))
Part = part(Enum.FormFactor.Custom, m, Enum.Material.SmoothPlastic, 0, 0, "Dark stone grey", "Part", Vector3.new(0.200000003, 0.200000003, 0.200000003))
Partweld = weld(m, Handle, Part, CFrame.new(0, 0, 0, 1, 0, 0, 0, 1, 0, 0, 0, 1), CFrame.new(-2.03999805, -3.53338242, -1.16929173, 0.866025388, 0.499999911, -2.17123013e-08, -0.5, 0.866025269, -3.8465835e-08, -1.0658141e-14, -1.09244243e-15, 0.999999523))
mesh("SpecialMesh", Part, Enum.MeshType.Brick, "", Vector3.new(0, 0, 0), Vector3.new(5, 5, 3))
Part = part(Enum.FormFactor.Custom, m, Enum.Material.SmoothPlastic, 0, 0, "Dark stone grey", "Part", Vector3.new(0.200000003, 0.200000003, 0.200000003))
Partweld = weld(m, Handle, Part, CFrame.new(0, 0, 0, 1, 0, 0, 0, 1, 0, 0, 0, 1), CFrame.new(-2.88499451, -2.88499451, -1.16929173, 0.707106769, 0.70710665, -9.24522681e-11, -0.707106709, 0.70710665, 2.98947604e-08, -1.0658141e-14, -1.09244243e-15, 0.999999523))
mesh("SpecialMesh", Part, Enum.MeshType.Brick, "", Vector3.new(0, 0, 0), Vector3.new(5, 5, 3))
Part = part(Enum.FormFactor.Custom, m, Enum.Material.SmoothPlastic, 0, 0, "Dark stone grey", "Part", Vector3.new(0.200000003, 0.200000003, 0.200000003))
