Player=game:GetService("Players").LocalPlayer
Character=Player.Character 
PlayerGui=Player.PlayerGui
Backpack=Player.Backpack 
Torso=Character.Torso 
Head=Character.Head 
Humanoid=Character.Humanoid
m=Instance.new('Model',Character)
LeftArm=Character["Left Arm"] 
LeftLeg=Character["Left Leg"] 
RightArm=Character["Right Arm"] 
RightLeg=Character["Right Leg"] 
LS=Torso["Left Shoulder"] 
LH=Torso["Left Hip"] 
RS=Torso["Right Shoulder"] 
RH=Torso["Right Hip"] 
Face = Head.face
Neck=Torso.Neck
it=Instance.new
attacktype=1
vt=Vector3.new
cf=CFrame.new
euler=CFrame.fromEulerAnglesXYZ
angles=CFrame.Angles
cloaked=false
necko=cf(0, 1, 0, -1, -0, -0, 0, 0, 1, 0, 1, 0)
necko2=cf(0, -0.5, 0, -1, -0, -0, 0, 0, 1, 0, 1, 0)
LHC0=cf(-1,-1,0,-0,-0,-1,0,1,0,1,0,0)
LHC1=cf(-0.5,1,0,-0,-0,-1,0,1,0,1,0,0)
RHC0=cf(1,-1,0,0,0,1,0,1,0,-1,-0,-0)
RHC1=cf(0.5,1,0,0,0,1,0,1,0,-1,-0,-0)
RootPart=Character.HumanoidRootPart
RootJoint=RootPart.RootJoint
RootCF=euler(-1.57,0,3.14)
attack = false 
attackdebounce = false 
deb=false
equipped=true
hand=false
MMouse=nil
combo=0
mana=0
trispeed=.2
attackmode='none'
local idle=0
local Anim="Idle"
local Effects={}
local gun=false
local shoot=false
player=nil 
mana=0

mouse=Player:GetMouse()
--save shoulders 
RSH, LSH=nil, nil 
--welds 
RW, LW=Instance.new("Weld"), Instance.new("Weld") 
RW.Name="Right Shoulder" LW.Name="Left Shoulder"
LH=Torso["Left Hip"]
RH=Torso["Right Hip"]
TorsoColor=Torso.BrickColor
function NoOutline(Part)
Part.TopSurface,Part.BottomSurface,Part.LeftSurface,Part.RightSurface,Part.FrontSurface,Part.BackSurface = 10,10,10,10,10,10
end
player=Player 
ch=Character
RSH=ch.Torso["Right Shoulder"] 
LSH=ch.Torso["Left Shoulder"] 
-- 
RSH.Parent=nil 
LSH.Parent=nil 
-- 
RW.Name="Right Shoulder"
RW.Part0=ch.Torso 
RW.C0=cf(1.5, 0.5, 0) --* CFrame.fromEulerAnglesXYZ(1.3, 0, -0.5) 
RW.C1=cf(0, 0.5, 0) 
RW.Part1=ch["Right Arm"] 
RW.Parent=ch.Torso 
-- 
LW.Name="Left Shoulder"
LW.Part0=ch.Torso 
LW.C0=cf(-1.5, 0.5, 0) --* CFrame.fromEulerAnglesXYZ(1.7, 0, 0.8) 
LW.C1=cf(0, 0.5, 0) 
LW.Part1=ch["Left Arm"] 
LW.Parent=ch.Torso 

	Player=game:GetService('Players').LocalPlayer
	Character=Player.Character
	Mouse=Player:GetMouse()
	m=Instance.new('Model',Character)


	local function weldBetween(a, b)
	    local weldd = Instance.new("ManualWeld")
	    weldd.Part0 = a
	    weldd.Part1 = b
	    weldd.C0 = CFrame.new()
	    weldd.C1 = b.CFrame:inverse() * a.CFrame
	    weldd.Parent = a
	    return weldd
	end
	
	function swait(num)
    if num==0 or num==nil then
    game:service'RunService'.Stepped:wait(0)
    else
    for i=0,num do
    game:service'RunService'.Stepped:wait(0)
    end
    end
	    end
	
	function nooutline(part)
		part.TopSurface,part.BottomSurface,part.LeftSurface,part.RightSurface,part.FrontSurface,part.BackSurface = 10,10,10,10,10,10
	end
	
	function part(formfactor,parent,material,reflectance,transparency,brickcolor,name,size)
		local fp=it("Part")
		fp.formFactor=formfactor
		fp.Parent=parent
		fp.Reflectance=reflectance
		fp.Transparency=transparency
		fp.CanCollide=false
		fp.Locked=true
		fp.BrickColor=BrickColor.new(tostring(brickcolor))
		fp.Name=name
		fp.Size=size
		fp.Position=Character.Torso.Position
		nooutline(fp)
		fp.Material=material
		fp:BreakJoints()
		return fp
	end
	
	function mesh(Mesh,part,meshtype,meshid,offset,scale)
		local mesh=it(Mesh)
		mesh.Parent=part
		if Mesh=="SpecialMesh" then
			mesh.MeshType=meshtype
			mesh.MeshId=meshid
		end
		mesh.Offset=offset
		mesh.Scale=scale
		return mesh
	end
	
	function weld(parent,part0,part1,c0,c1)
		local weld=it("Weld")
		weld.Parent=parent
		weld.Part0=part0
		weld.Part1=part1
		weld.C0=c0
		weld.C1=c1
		return weld
	end
	
	
local function CFrameFromTopBack(at, top, back)
local right = top:Cross(back)
return CFrame.new(at.x, at.y, at.z,
right.x, top.x, back.x,
right.y, top.y, back.y,
right.z, top.z, back.z)
end

function Triangle(a, b, c)
local edg1 = (c-a):Dot((b-a).unit)
local edg2 = (a-b):Dot((c-b).unit)
local edg3 = (b-c):Dot((a-c).unit)
if edg1 <= (b-a).magnitude and edg1 >= 0 then
a, b, c = a, b, c
elseif edg2 <= (c-b).magnitude and edg2 >= 0 then
a, b, c = b, c, a
elseif edg3 <= (a-c).magnitude and edg3 >= 0 then
a, b, c = c, a, b
else
assert(false, "unreachable")
end
 
local len1 = (c-a):Dot((b-a).unit)
local len2 = (b-a).magnitude - len1
local width = (a + (b-a).unit*len1 - c).magnitude
 
local maincf = CFrameFromTopBack(a, (b-a):Cross(c-b).unit, -(b-a).unit)
 
local list = {}

local Color = BrickColor.new("Dark grey")
 
if len1 > 0.01 then
local w1 = Instance.new('WedgePart', m)
game:GetService("Debris"):AddItem(w1,5)
w1.Material = "SmoothPlastic"
w1.FormFactor = 'Custom'
w1.BrickColor = BrickColor.new(Color)
w1.Transparency = 0
w1.Reflectance = 0
w1.Material = "SmoothPlastic"
w1.CanCollide = false
NoOutline(w1)
local sz = Vector3.new(0.2, width, len1)
w1.Size = sz
local sp = Instance.new("SpecialMesh",w1)
sp.MeshType = "Wedge"
sp.Scale = Vector3.new(0,1,1) * sz/w1.Size
w1:BreakJoints()
w1.Anchored = true
w1.Parent = workspace
w1.Transparency = 0.7
table.insert(Effects,{w1,"Disappear",.01})
w1.CFrame = maincf*CFrame.Angles(math.pi,0,math.pi/2)*CFrame.new(0,width/2,len1/2)
table.insert(list,w1)
end
 
if len2 > 0.01 then
local w2 = Instance.new('WedgePart', m)
game:GetService("Debris"):AddItem(w2,5)
w2.Material = "SmoothPlastic"
w2.FormFactor = 'Custom'
w2.BrickColor = BrickColor.new(Color)
w2.Transparency = 0
w2.Reflectance = 0
w2.Material = "SmoothPlastic"
w2.CanCollide = false
NoOutline(w2)
local sz = Vector3.new(0.2, width, len2)
w2.Size = sz
local sp = Instance.new("SpecialMesh",w2)
sp.MeshType = "Wedge"
sp.Scale = Vector3.new(0,1,1) * sz/w2.Size
w2:BreakJoints()
w2.Anchored = true
w2.Parent = workspace
w2.Transparency = 0.7
table.insert(Effects,{w2,"Disappear",.01})
w2.CFrame = maincf*CFrame.Angles(math.pi,math.pi,-math.pi/2)*CFrame.new(0,width/2,-len1 - len2/2)
table.insert(list,w2)
end
return unpack(list)
end
	
	
so = function(id,par,vol,pit) 
coroutine.resume(coroutine.create(function()
local sou = Instance.new("Sound",par or workspace)
sou.Volume=vol
sou.Pitch=pit or 1
sou.SoundId=id
swait() 
sou:play() 
game:GetService("Debris"):AddItem(sou,6)
end))
end
 
function clerp(a,b,t) 
local qa = {QuaternionFromCFrame(a)}
local qb = {QuaternionFromCFrame(b)} 
local ax, ay, az = a.x, a.y, a.z 
local bx, by, bz = b.x, b.y, b.z
local _t = 1-t
return QuaternionToCFrame(_t*ax + t*bx, _t*ay + t*by, _t*az + t*bz,QuaternionSlerp(qa, qb, t)) 
end 
 
function QuaternionFromCFrame(cf) 
local mx, my, mz, m00, m01, m02, m10, m11, m12, m20, m21, m22 = cf:components() 
local trace = m00 + m11 + m22 
if trace > 0 then 
local s = math.sqrt(1 + trace) 
local recip = 0.5/s 
return (m21-m12)*recip, (m02-m20)*recip, (m10-m01)*recip, s*0.5 
else 
local i = 0 
if m11 > m00 then
i = 1
end
if m22 > (i == 0 and m00 or m11) then 
i = 2 
end 
if i == 0 then 
local s = math.sqrt(m00-m11-m22+1) 
local recip = 0.5/s 
return 0.5*s, (m10+m01)*recip, (m20+m02)*recip, (m21-m12)*recip 
elseif i == 1 then 
local s = math.sqrt(m11-m22-m00+1) 
local recip = 0.5/s 
return (m01+m10)*recip, 0.5*s, (m21+m12)*recip, (m02-m20)*recip 
elseif i == 2 then 
local s = math.sqrt(m22-m00-m11+1) 
local recip = 0.5/s return (m02+m20)*recip, (m12+m21)*recip, 0.5*s, (m10-m01)*recip 
end 
end 
end
 
function QuaternionToCFrame(px, py, pz, x, y, z, w) 
local xs, ys, zs = x + x, y + y, z + z 
local wx, wy, wz = w*xs, w*ys, w*zs 
local xx = x*xs 
local xy = x*ys 
local xz = x*zs 
local yy = y*ys 
local yz = y*zs 
local zz = z*zs 
return CFrame.new(px, py, pz,1-(yy+zz), xy - wz, xz + wy,xy + wz, 1-(xx+zz), yz - wx, xz - wy, yz + wx, 1-(xx+yy)) 
end
 
function QuaternionSlerp(a, b, t) 
local cosTheta = a[1]*b[1] + a[2]*b[2] + a[3]*b[3] + a[4]*b[4] 
local startInterp, finishInterp; 
if cosTheta >= 0.0001 then 
if (1 - cosTheta) > 0.0001 then 
local theta = math.acos(cosTheta) 
local invSinTheta = 1/math.sin(theta) 
startInterp = math.sin((1-t)*theta)*invSinTheta 
finishInterp = math.sin(t*theta)*invSinTheta  
else 
startInterp = 1-t 
finishInterp = t 
end 
else 
if (1+cosTheta) > 0.0001 then 
local theta = math.acos(-cosTheta) 
local invSinTheta = 1/math.sin(theta) 
startInterp = math.sin((t-1)*theta)*invSinTheta 
finishInterp = math.sin(t*theta)*invSinTheta 
else 
startInterp = t-1 
finishInterp = t 
end 
end 
return a[1]*startInterp + b[1]*finishInterp, a[2]*startInterp + b[2]*finishInterp, a[3]*startInterp + b[3]*finishInterp, a[4]*startInterp + b[4]*finishInterp 
end

--Example: Torso.Weld.C0 = clerp(Torso.Weld.C0, CFrame.new(0, 0, 0) * CFrame.Angles(math.rad(0), math.rad(0), math.rad(0)), 0.4)


function rayCast(Pos, Dir, Max, Ignore)  -- Origin Position , Direction, MaxDistance , IgnoreDescendants
return game:service("Workspace"):FindPartOnRay(Ray.new(Pos, Dir.unit * (Max or 999.999)), Ignore) 
end 

Damagefunc=function(hit,minim,maxim,knockback,Type,Property,Delay,KnockbackType,decreaseblock)
        if hit.Parent==nil then
                return
        end
        h=hit.Parent:FindFirstChild("Humanoid")
        for _,v in pairs(hit.Parent:children()) do
        if v:IsA("Humanoid") then
        h=v
        end
        end
        if hit.Parent.Parent:FindFirstChild("Torso")~=nil then
        h=hit.Parent.Parent:FindFirstChild("Humanoid")
        end
        if hit.Parent.className=="Hat" then
        hit=hit.Parent.Parent:findFirstChild("Head")
        end
        if h~=nil and hit.Parent.Name~=Character.Name and hit.Parent:FindFirstChild("Torso")~=nil then
        if hit.Parent:findFirstChild("DebounceHit")~=nil then if hit.Parent.DebounceHit.Value==true then return end end
        --[[                if game.Players:GetPlayerFromCharacter(hit.Parent)~=nil then
                        return
                end]]
--                        hs(hit,1.2) 
                        c=Instance.new("ObjectValue")
                        c.Name="creator"
                        c.Value=game:service("Players").LocalPlayer
                        c.Parent=h
                        game:GetService("Debris"):AddItem(c,.5)
                Damage=math.random(minim,maxim)
--                h:TakeDamage(Damage)
                blocked=false
                block=hit.Parent:findFirstChild("Block")
                if block~=nil then
                print(block.className)
                if block.className=="NumberValue" then
                if block.Value>0 then
                blocked=true
                if decreaseblock==nil then
                block.Value=block.Value-1
                end
                end
                end
                if block.className=="IntValue" then
                if block.Value>0 then
                blocked=true
                if decreaseblock~=nil then
                block.Value=block.Value-1
                end
                end
                end
                end
                if blocked==false then
--                h:TakeDamage(Damage)
                h.Health=h.Health-Damage
                showDamage(hit.Parent,Damage,.5,BrickColor.new("New Yeller"))
                else
                h.Health=h.Health-(Damage/2)
                showDamage(hit.Parent,Damage/2,.5,BrickColor.new("Bright blue"))
                end
                if Type=="Knockdown" then
                hum=hit.Parent.Humanoid
hum.PlatformStand=true
coroutine.resume(coroutine.create(function(HHumanoid)
swait(1)
HHumanoid.PlatformStand=false
end),hum)
                local angle=(hit.Position-(Property.Position+Vector3.new(0,0,0))).unit
--hit.CFrame=CFrame.new(hit.Position,Vector3.new(angle.x,hit.Position.y,angle.z))*CFrame.fromEulerAnglesXYZ(math.pi/4,0,0)
local bodvol=Instance.new("BodyVelocity")
bodvol.velocity=angle*knockback
bodvol.P=5000
bodvol.maxForce=Vector3.new(8e+003, 8e+003, 8e+003)
bodvol.Parent=hit
rl=Instance.new("BodyAngularVelocity")
rl.P=3000
rl.maxTorque=Vector3.new(500000,500000,500000)*50000000000000
rl.angularvelocity=Vector3.new(math.random(-10,10),math.random(-10,10),math.random(-10,10))
rl.Parent=hit
game:GetService("Debris"):AddItem(bodvol,.5)
game:GetService("Debris"):AddItem(rl,.5)
                elseif Type=="Normal" then
                vp=Instance.new("BodyVelocity")
                vp.P=500
                vp.maxForce=Vector3.new(math.huge,0,math.huge)
--                vp.velocity=Character.Torso.CFrame.lookVector*Knockback
                if KnockbackType==1 then
                vp.velocity=Property.CFrame.lookVector*knockback+Property.Velocity/1.05
                elseif KnockbackType==2 then
                vp.velocity=Property.CFrame.lookVector*knockback
                end
                if knockback>0 then
                        vp.Parent=hit.Parent.Torso
                end
                game:GetService("Debris"):AddItem(vp,.5)
                elseif Type=="Up" then
                local bodyVelocity=Instance.new("BodyVelocity")
                bodyVelocity.velocity=vt(0,60,0)
                bodyVelocity.P=5000
                bodyVelocity.maxForce=Vector3.new(8e+003, 8e+003, 8e+003)
                bodyVelocity.Parent=hit
                game:GetService("Debris"):AddItem(bodyVelocity,1)
                rl=Instance.new("BodyAngularVelocity")
                rl.P=3000
                rl.maxTorque=Vector3.new(500000,500000,500000)*50000000000000
                rl.angularvelocity=Vector3.new(math.random(-30,30),math.random(-30,30),math.random(-30,30))
                rl.Parent=hit
                game:GetService("Debris"):AddItem(rl,.5)
                elseif Type=="Snare" then
                bp=Instance.new("BodyPosition")
                bp.P=2000
                bp.D=100
                bp.maxForce=Vector3.new(math.huge,math.huge,math.huge)
                bp.position=hit.Parent.Torso.Position
                bp.Parent=hit.Parent.Torso
                game:GetService("Debris"):AddItem(bp,1)
                elseif Type=="Target" then
                if Targetting==false then
                ZTarget=hit.Parent.Torso
                coroutine.resume(coroutine.create(function(Part) 
                so("http://www.roblox.com/asset/?id=15666462",Part,1,1.5) 
                swait(5)
                so("http://www.roblox.com/asset/?id=15666462",Part,1,1.5) 
                end),ZTarget)
                TargHum=ZTarget.Parent:findFirstChild("Humanoid")
                targetgui=Instance.new("BillboardGui")
                targetgui.Parent=ZTarget
                targetgui.Size=UDim2.new(10,100,10,100)
                targ=Instance.new("ImageLabel")
                targ.Parent=targetgui
                targ.BackgroundTransparency=1
                targ.Image="rbxassetid://4834067"
                targ.Size=UDim2.new(1,0,1,0)
                cam.CameraType="Scriptable"
                cam.CoordinateFrame=CFrame.new(Head.CFrame.p,ZTarget.Position)
                dir=Vector3.new(cam.CoordinateFrame.lookVector.x,0,cam.CoordinateFrame.lookVector.z)
                workspace.CurrentCamera.CoordinateFrame=CFrame.new(Head.CFrame.p,ZTarget.Position)
                Targetting=true
                RocketTarget=ZTarget
                for i=1,Property do
                --while Targetting==true and Humanoid.Health>0 and Character.Parent~=nil do
                if Humanoid.Health>0 and Character.Parent~=nil and TargHum.Health>0 and TargHum.Parent~=nil and Targetting==true then
                swait()
                end
                --workspace.CurrentCamera.CoordinateFrame=CFrame.new(Head.CFrame.p,Head.CFrame.p+rmdir*100)
                cam.CoordinateFrame=CFrame.new(Head.CFrame.p,ZTarget.Position)
                dir=Vector3.new(cam.CoordinateFrame.lookVector.x,0,cam.CoordinateFrame.lookVector.z)
                cam.CoordinateFrame=CFrame.new(Head.CFrame.p,ZTarget.Position)*cf(0,5,10)*euler(-0.3,0,0)
                end
                Targetting=false
                RocketTarget=nil
                targetgui.Parent=nil
                cam.CameraType="Custom"
                end
                end
                        debounce=Instance.new("BoolValue")
                        debounce.Name="DebounceHit"
                        debounce.Parent=hit.Parent
                        debounce.Value=true
                        game:GetService("Debris"):AddItem(debounce,Delay)
                        c=Instance.new("ObjectValue")
                        c.Name="creator"
                        c.Value=Player
                        c.Parent=h
                        game:GetService("Debris"):AddItem(c,.5)
                CRIT=false
                hitDeb=true
                AttackPos=6
        end
end
 
showDamage=function(Char,Dealt,du,Color)
        m=Instance.new("Model")
        m.Name=tostring(Dealt)
        h=Instance.new("Humanoid")
        h.Health=0
        h.MaxHealth=0
        h.Parent=m
        c=Instance.new("Part")
        c.Transparency=0
        c.BrickColor=Color
        c.Name="Head"
        c.TopSurface=0
        c.BottomSurface=0
        c.formFactor="Plate"
        c.Size=Vector3.new(1,.4,1)
        ms=Instance.new("CylinderMesh")
        ms.Scale=Vector3.new(.8,.8,.8)
        if CRIT==true then
                ms.Scale=Vector3.new(1,1.25,1)
        end
        ms.Parent=c
        c.Reflectance=0
        Instance.new("BodyGyro").Parent=c
        c.Parent=m
        if Char:findFirstChild("Head")~=nil then
        c.CFrame=CFrame.new(Char["Head"].CFrame.p+Vector3.new(0,1.5,0))
        elseif Char.Parent:findFirstChild("Head")~=nil then
        c.CFrame=CFrame.new(Char.Parent["Head"].CFrame.p+Vector3.new(0,1.5,0))
        end
        f=Instance.new("BodyPosition")
        f.P=2000
        f.D=100
        f.maxForce=Vector3.new(math.huge,math.huge,math.huge)
        f.position=c.Position+Vector3.new(0,3,0)
        f.Parent=c
        game:GetService("Debris"):AddItem(m,.5+du)
        c.CanCollide=false
        m.Parent=workspace
        c.CanCollide=false
end

handle=part(Enum.FormFactor.Custom,m,Enum.Material.SmoothPlastic,0,0,"Really black","Handle",Vector3.new(0.356057793, 0.801126003, 0.267042011))
handleweld=weld(m,Character["Right Arm"],handle,CFrame.new(0, 0, 0, 1, 0, 0, 0, 1, 0, 0, 0, 1),CFrame.new(0.516218185, -0.761173248, -0.203582764, -0.000413556583, 0.865570247, -0.500785589, -0.000715887581, -0.50078547, -0.865570009, -0.999999523, 4.89967135e-007, 0.000826762407))
Barrel=part(Enum.FormFactor.Custom,m,Enum.Material.SmoothPlastic,0,0,"Really black","Barrel",Vector3.new(0.356055647, 0.534083903, 0.200000003))
Barrelweld=weld(m,handle,Barrel,CFrame.new(0, 0, 0, 1, 0, 0, 0, 1, 0, 0, 0, 1),CFrame.new(0.993667603, -5.6562829, -0.00450134277, -0.499999255, -0.86602366, 0.000830708072, -0.866023958, 0.499998957, -1.77337063e-006, -0.000413693022, -0.000720331562, -0.999999404))
mesh("CylinderMesh",Barrel,"","",Vector3.new(0, 0, 0),Vector3.new(1, 1, 1.15718198))
Part=part(Enum.FormFactor.Custom,m,Enum.Material.SmoothPlastic,0,0,"Really red","Part",Vector3.new(0.930197001, 0.200000003, 0.453971326))
Partweld=weld(m,handle,Part,CFrame.new(0, 0, 0, 1, 0, 0, 0, 1, 0, 0, 0, 1),CFrame.new(0.00457763672, -0.765160799, 1.5292244, 8.4777188e-005, 0.000156341121, 0.999999702, -0.866025567, 0.499996573, -4.72138709e-006, -0.499996901, -0.866025567, 0.000177754438))
mesh("CylinderMesh",Part,"","",Vector3.new(0, 0, 0),Vector3.new(0.100000001, 0.0890140012, 0.100000001))
Part=part(Enum.FormFactor.Custom,m,Enum.Material.SmoothPlastic,0,0,"Really black","Part",Vector3.new(0.200000003, 0.267042011, 0.200000003))
Partweld=weld(m,handle,Part,CFrame.new(0, 0, 0, 1, 0, 0, 0, 1, 0, 0, 0, 1),CFrame.new(0.71396184, -0.902069092, 0.271377563, 0.8660236, -0.499999017, 1.84802866e-006, 0.499999374, 0.866023779, -4.71902313e-005, 2.19600042e-005, 4.17576521e-005, 0.999999106))
mesh("BlockMesh",Part,"","",Vector3.new(0, 0, 0),Vector3.new(0.445069969, 1, 0.890139937))
Part=part(Enum.FormFactor.Custom,m,Enum.Material.SmoothPlastic,0,0,"Really black","Part",Vector3.new(0.356057793, 2.84844708, 0.200000003))
Partweld=weld(m,handle,Part,CFrame.new(0, 0, 0, 1, 0, 0, 0, 1, 0, 0, 0, 1),CFrame.new(0.0047454834, -2.18133688, 0.323482513, 3.66997556e-005, 6.66387496e-005, 0.999999702, -0.866023839, 0.499998808, -1.47526384e-006, -0.499999315, -0.866023958, 7.61135016e-005))
mesh("BlockMesh",Part,"","",Vector3.new(0, 0, 0),Vector3.new(1, 1, 0.890139937))
Part=part(Enum.FormFactor.Custom,m,Enum.Material.SmoothPlastic,0,0.60000002384186,"Mid gray","Part",Vector3.new(0.445069641, 0.200000003, 0.534083962))
Partweld=weld(m,handle,Part,CFrame.new(0, 0, 0, 1, 0, 0, 0, 1, 0, 0, 0, 1),CFrame.new(1.52576447, -1.15971661, -0.00486755371, -0.499999493, -0.866024137, 2.11432925e-005, -0.866023958, 0.499998957, -1.77337063e-006, -8.95379344e-006, -1.92798325e-005, -0.999999523))
mesh("CylinderMesh",Part,"","",Vector3.new(0, 0, 0),Vector3.new(1, 0.890139997, 1))
Part=part(Enum.FormFactor.Custom,m,Enum.Material.SmoothPlastic,0,0,"Really black","Part",Vector3.new(0.200000003, 0.200000003, 0.200000003))
Partweld=weld(m,handle,Part,CFrame.new(0, 0, 0, 1, 0, 0, 0, 1, 0, 0, 0, 1),CFrame.new(-0.403086185, -0.00352478027, 1.25802231, -0.866025269, 0.499996424, -4.6921532e-006, -9.06756031e-005, -0.000166724145, -0.999999344, -0.499996811, -0.866025388, 0.000189673912))
mesh("BlockMesh",Part,"","",Vector3.new(0, 0, 0),Vector3.new(0.890141726, 0.890139937, 0.445069969))
Part=part(Enum.FormFactor.Custom,m,Enum.Material.SmoothPlastic,0,0,"Really black","Part",Vector3.new(1.78027892, 0.356056005, 0.356055975))
Partweld=weld(m,handle,Part,CFrame.new(0, 0, 0, 1, 0, 0, 0, 1, 0, 0, 0, 1),CFrame.new(-1.28802133, -0.764591217, 0.00480651855, 0.866019368, -0.500006795, 1.81821065e-006, 0.500007212, 0.866019428, -3.18681123e-005, 1.42879144e-005, 2.85067945e-005, 0.999999642))
Part=part(Enum.FormFactor.Custom,m,Enum.Material.SmoothPlastic,0,0,"Really black","Part",Vector3.new(2.04732227, 0.356055945, 0.200000003))
Partweld=weld(m,handle,Part,CFrame.new(0, 0, 0, 1, 0, 0, 0, 1, 0, 0, 0, 1),CFrame.new(-0.892075658, -0.00434875488, 1.16921997, -0.866025567, 0.499996573, -4.72138709e-006, -7.90221384e-005, -0.000146495877, -0.999999702, -0.499996871, -0.866025686, 0.000166340207))
mesh("BlockMesh",Part,"","",Vector3.new(0, 0, 0),Vector3.new(1, 1, 0.445069969))
Part=part(Enum.FormFactor.Custom,m,Enum.Material.SmoothPlastic,0,0,"Really black","Part",Vector3.new(0.26704222, 0.445069999, 0.534084022))
Partweld=weld(m,handle,Part,CFrame.new(0, 0, 0, 1, 0, 0, 0, 1, 0, 0, 0, 1),CFrame.new(2.22940516, -0.813667297, 0.00457763672, 0.866022527, -0.499998182, -2.70454257e-005, 0.499996722, 0.866019726, -0.000830525416, 0.000437630806, 0.000706389663, 0.999996006))
Part=part(Enum.FormFactor.Custom,m,Enum.Material.SmoothPlastic,0,0.69999998807907,"Mid gray","Part",Vector3.new(0.445069641, 0.200000003, 0.534083962))
Partweld=weld(m,handle,Part,CFrame.new(0, 0, 0, 1, 0, 0, 0, 1, 0, 0, 0, 1),CFrame.new(1.52544785, -0.358213902, -0.00482177734, -0.499999493, -0.866024137, 2.40192167e-005, -0.866023958, 0.499998957, -1.77337063e-006, -1.03506318e-005, -2.18485948e-005, -0.999999523))
mesh("CylinderMesh",Part,"","",Vector3.new(0, 0, 0),Vector3.new(1, 0.890139997, 1))
Part=part(Enum.FormFactor.Custom,m,Enum.Material.SmoothPlastic,0,0,"Really black","Part",Vector3.new(0.200000003, 0.445069999, 0.39611277))
Partweld=weld(m,handle,Part,CFrame.new(0, 0, 0, 1, 0, 0, 0, 1, 0, 0, 0, 1),CFrame.new(1.33963394, -0.813163757, 0.0027923584, 0.866024017, -0.499998927, -4.7385638e-005, 0.499999076, 0.866023779, -0.000830544159, 0.000456154085, 0.000695649476, 0.999999225))
mesh("BlockMesh",Part,"","",Vector3.new(0, 0, 0),Vector3.new(0.445071131, 1, 1))
Part=part(Enum.FormFactor.Custom,m,Enum.Material.SmoothPlastic,0,0,"Really black","Part",Vector3.new(0.200000003, 0.445069999, 0.39611277))
Partweld=weld(m,handle,Part,CFrame.new(0, 0, 0, 1, 0, 0, 0, 1, 0, 0, 0, 1),CFrame.new(2.05157065, -0.813426971, 0.00283813477, 0.866022587, -0.499998361, -5.13193481e-005, 0.499996722, 0.866019726, -0.000830421108, 0.000458621944, 0.000694207207, 0.999996126))
mesh("BlockMesh",Part,"","",Vector3.new(0, 0, 0),Vector3.new(0.445071131, 1, 1))
Part=part(Enum.FormFactor.Custom,m,Enum.Material.SmoothPlastic,0,0,"Dark stone grey","Part",Vector3.new(0.356057793, 0.200000003, 0.267042011))
Partweld=weld(m,handle,Part,CFrame.new(0, 0, 0, 1, 0, 0, 0, 1, 0, 0, 0, 1),CFrame.new(1.14440918e-005, 0.489593506, 0, 0.99999845, 1.49011612e-007, -5.02332114e-008, 1.49011612e-007, 0.999998093, 2.11293809e-008, -5.02332114e-008, 2.11293809e-008, 0.999999702))
mesh("BlockMesh",Part,"","",Vector3.new(0, 0, 0),Vector3.new(1, 0.890139997, 1))
Part=part(Enum.FormFactor.Custom,m,Enum.Material.SmoothPlastic,0,0,"Dark stone grey","Part",Vector3.new(0.200000003, 0.890139997, 0.267042011))
Partweld=weld(m,handle,Part,CFrame.new(0, 0, 0, 1, 0, 0, 0, 1, 0, 0, 0, 1),CFrame.new(0.267049789, -0.0444793701, 0, 0.99999845, 1.49011612e-007, -5.02332114e-008, 1.49011612e-007, 0.999998093, 2.11293809e-008, -5.02332114e-008, 2.11293809e-008, 0.999999702))
mesh("BlockMesh",Part,"","",Vector3.new(0, 0, 0),Vector3.new(0.890139997, 1, 1))
Part=part(Enum.FormFactor.Custom,m,Enum.Material.SmoothPlastic,0,0,"Really black","Part",Vector3.new(0.200000003, 0.200000003, 0.267042011))
Partweld=weld(m,handle,Part,CFrame.new(0, 0, 0, 1, 0, 0, 0, 1, 0, 0, 0, 1),CFrame.new(0.267055511, 0.489589691, 0, 0.99999845, 1.49011612e-007, -5.02332114e-008, 1.49011612e-007, 0.999998093, 2.11293809e-008, -5.02332114e-008, 2.11293809e-008, 0.999999702))
mesh("BlockMesh",Part,"","",Vector3.new(0, 0, 0),Vector3.new(0.890139997, 0.890139997, 1))
Part=part(Enum.FormFactor.Custom,m,Enum.Material.SmoothPlastic,0,0,"Really black","Part",Vector3.new(0.801127911, 0.200000003, 0.267042011))
Partweld=weld(m,handle,Part,CFrame.new(0, 0, 0, 1, 0, 0, 0, 1, 0, 0, 0, 1),CFrame.new(1.87227118, 0.47756958, 0.00357055664, 0.866023958, -0.499998957, 1.77337063e-006, 0.499999315, 0.866024077, 2.50057201e-005, -1.41441415e-005, -2.06979457e-005, 0.999999762))
mesh("BlockMesh",Part,"","",Vector3.new(0, 0, 0),Vector3.new(1, 0.890139997, 1))
Part=part(Enum.FormFactor.Custom,m,Enum.Material.SmoothPlastic,0,0,"Really black","Part",Vector3.new(2.13633513, 0.200000003, 0.356055975))
Partweld=weld(m,handle,Part,CFrame.new(0, 0, 0, 1, 0, 0, 0, 1, 0, 0, 0, 1),CFrame.new(-1.1099844, -0.141490936, 0.00482177734, 0.866019368, -0.500006795, 1.81821065e-006, 0.500007212, 0.866019428, -3.18681123e-005, 1.42879144e-005, 2.85067945e-005, 0.999999642))
mesh("BlockMesh",Part,"","",Vector3.new(0, 0, 0),Vector3.new(1, 0.890139997, 1))
Part=part(Enum.FormFactor.Custom,m,Enum.Material.SmoothPlastic,0,0,"Really black","Part",Vector3.new(0.445069999, 0.623098075, 0.445069999))
Partweld=weld(m,handle,Part,CFrame.new(0, 0, 0, 1, 0, 0, 0, 1, 0, 0, 0, 1),CFrame.new(-0.190181732, -0.535319328, 4.57763672e-005, 0.499999255, 0.86602366, -0.000830708072, -0.866023958, 0.499998957, -1.77337063e-006, 0.000413693022, 0.000720331562, 0.999999404))
mesh("SpecialMesh",Part,Enum.MeshType.FileMesh,"http://www.roblox.com/asset/?id=3270017",Vector3.new(0, 0, 0),Vector3.new(0.475334674, 0.4699938, 1.67168295))
Part=part(Enum.FormFactor.Custom,m,Enum.Material.SmoothPlastic,0,0,"Dark stone grey","Part",Vector3.new(0.293745786, 0.71211195, 0.369408011))
Partweld=weld(m,handle,Part,CFrame.new(0, 0, 0, 1, 0, 0, 0, 1, 0, 0, 0, 1),CFrame.new(1.06669998, -0.402664542, 0.0329284668, -0.499999374, -0.866023779, 1.51824788e-005, -0.866023958, 0.499998957, -1.77337063e-006, -5.93662844e-006, -1.40970806e-005, -0.999999642))
mesh("CylinderMesh",Part,"","",Vector3.new(0, 0, 0),Vector3.new(1, 1, 1))
Part=part(Enum.FormFactor.Custom,m,Enum.Material.SmoothPlastic,0,0,"Really black","Part",Vector3.new(0.26704067, 0.445069999, 0.356055915))
Partweld=weld(m,handle,Part,CFrame.new(0, 0, 0, 1, 0, 0, 0, 1, 0, 0, 0, 1),CFrame.new(-0.264636993, -0.812721252, 0.0051574707, 0.866023958, -0.499998957, 1.77337063e-006, 0.499999315, 0.866024017, -5.00066672e-005, 2.3368164e-005, 4.43152385e-005, 0.999999702))
Part=part(Enum.FormFactor.Custom,m,Enum.Material.SmoothPlastic,0,0,"Mid gray","Part",Vector3.new(0.356055647, 0.56968981, 0.200000003))
Partweld=weld(m,handle,Part,CFrame.new(0, 0, 0, 1, 0, 0, 0, 1, 0, 0, 0, 1),CFrame.new(0.821731567, 7.62939453e-005, -1.15725255, -0.500571489, -0.865693092, 0.000803722185, 0.000400191813, 0.000697065494, 0.999999285, -0.86569351, 0.500571311, -2.36438291e-006))
mesh("CylinderMesh",Part,"","",Vector3.new(0, 0, 0),Vector3.new(1, 1, 0.890139997))
Part=part(Enum.FormFactor.Custom,m,Enum.Material.SmoothPlastic,0,0,"Mid gray","Part",Vector3.new(0.356055647, 0.56968981, 0.200000003))
Partweld=weld(m,handle,Part,CFrame.new(0, 0, 0, 1, 0, 0, 0, 1, 0, 0, 0, 1),CFrame.new(0.82062149, 7.62939453e-005, -2.58165002, -0.500571489, -0.865693092, 0.000803722185, 0.000400191813, 0.000697065494, 0.999999285, -0.86569351, 0.500571311, -2.36438291e-006))
mesh("CylinderMesh",Part,"","",Vector3.new(0, 0, 0),Vector3.new(1, 1, 0.890139997))
Part=part(Enum.FormFactor.Custom,m,Enum.Material.SmoothPlastic,0,0,"Really black","Part",Vector3.new(0.200000003, 0.445069999, 0.39611277))
Partweld=weld(m,handle,Part,CFrame.new(0, 0, 0, 1, 0, 0, 0, 1, 0, 0, 0, 1),CFrame.new(2.40779829, -0.813220978, 0.00286865234, 0.866024137, -0.499999076, -5.31224941e-005, 0.499999106, 0.866023898, -0.000830529374, 0.000461086805, 0.000692783156, 0.999999285))
mesh("BlockMesh",Part,"","",Vector3.new(0, 0, 0),Vector3.new(0.445071131, 1, 1))
Part=part(Enum.FormFactor.Custom,m,Enum.Material.SmoothPlastic,0,0,"Dark stone grey","Part",Vector3.new(2.937464, 0.356056005, 0.356055945))
Partweld=weld(m,handle,Part,CFrame.new(0, 0, 0, 1, 0, 0, 0, 1, 0, 0, 0, 1),CFrame.new(-0.708334684, -0.41254425, 0.00485229492, 0.866023958, -0.499998957, 1.77337063e-006, 0.499999404, 0.866023839, -2.39146757e-005, 1.03168713e-005, 2.17378838e-005, 0.999999702))
Part=part(Enum.FormFactor.Custom,m,Enum.Material.SmoothPlastic,0,0,"Really black","Part",Vector3.new(0.712112248, 0.267042011, 0.200000003))
Partweld=weld(m,handle,Part,CFrame.new(0, 0, 0, 1, 0, 0, 0, 1, 0, 0, 0, 1),CFrame.new(0.402770758, -0.902065277, 0.137817383, 0.8660236, -0.499999017, 1.84802866e-006, 0.499999315, 0.866023958, -5.58628235e-005, 2.6284717e-005, 4.92944382e-005, 0.999999166))
mesh("BlockMesh",Part,"","",Vector3.new(0, 0, 0),Vector3.new(1, 1, 0.445069969))
Part=part(Enum.FormFactor.Custom,m,Enum.Material.SmoothPlastic,0,0,"Really black","Part",Vector3.new(0.26704222, 0.445069999, 0.534084022))
Partweld=weld(m,handle,Part,CFrame.new(0, 0, 0, 1, 0, 0, 0, 1, 0, 0, 0, 1),CFrame.new(1.87373841, -0.813194275, 0.00457763672, 0.866024017, -0.499998868, -3.39000762e-005, 0.499999076, 0.866023839, -0.00083060388, 0.000444560981, 0.000702324207, 0.999999285))
Part=part(Enum.FormFactor.Custom,m,Enum.Material.SmoothPlastic,0,0,"Dark stone grey","Part",Vector3.new(0.200000003, 0.445069999, 0.356055915))
Partweld=weld(m,handle,Part,CFrame.new(0, 0, 0, 1, 0, 0, 0, 1, 0, 0, 0, 1),CFrame.new(-0.0422852039, -0.813350677, 0.00514221191, 0.866023958, -0.499998957, 1.77337063e-006, 0.499999374, 0.866023779, -5.29420795e-005, 2.48118013e-005, 4.68230573e-005, 0.999999702))
mesh("BlockMesh",Part,"","",Vector3.new(0, 0, 0),Vector3.new(0.890139937, 1, 1))
Part=part(Enum.FormFactor.Custom,m,Enum.Material.SmoothPlastic,0,0,"Dark stone grey","Part",Vector3.new(0.356055647, 0.356056958, 0.356055915))
Partweld=weld(m,handle,Part,CFrame.new(0, 0, 0, 1, 0, 0, 0, 1, 0, 0, 0, 1),CFrame.new(1.03561783, -4.05199051, -0.00440979004, -0.499999374, -0.866023779, 5.3821248e-005, -0.866023958, 0.499998957, -1.77337063e-006, -2.52545578e-005, -4.75892448e-005, -0.999999702))
mesh("CylinderMesh",Part,"","",Vector3.new(0, 0, 0),Vector3.new(1, 1, 1))
Part=part(Enum.FormFactor.Custom,m,Enum.Material.SmoothPlastic,0,0,"Really black","Part",Vector3.new(0.445069999, 0.623098075, 0.445069999))
Partweld=weld(m,handle,Part,CFrame.new(0, 0, 0, 1, 0, 0, 0, 1, 0, 0, 0, 1),CFrame.new(-1.5254631, -4.57763672e-005, -1.33689678, 0.499999136, 0.866023719, -0.000830871984, -0.000413789938, -0.000720565615, -0.999999225, -0.866023839, 0.499998927, -1.78828543e-006))
mesh("SpecialMesh",Part,Enum.MeshType.FileMesh,"http://www.roblox.com/asset/?id=3270017",Vector3.new(0, 0, 0),Vector3.new(0.551886737, 0.587492347, 2.43898368))
Part=part(Enum.FormFactor.Custom,m,Enum.Material.SmoothPlastic,0,0,"Dark stone grey","Part",Vector3.new(0.445069999, 0.623098075, 0.534084022))
Partweld=weld(m,handle,Part,CFrame.new(0, 0, 0, 1, 0, 0, 0, 1, 0, 0, 0, 1),CFrame.new(-1.52507019, -4.57763672e-005, -0.758278728, 0.499999136, 0.866023719, -0.000830871984, -0.000413789938, -0.000720565615, -0.999999225, -0.866023839, 0.499998927, -1.78828543e-006))
mesh("SpecialMesh",Part,Enum.MeshType.FileMesh,"http://www.roblox.com/asset/?id=3270017",Vector3.new(0, 0, 0),Vector3.new(0.498478353, 0.498478293, 7.21013451))
Part=part(Enum.FormFactor.Custom,m,Enum.Material.SmoothPlastic,0,0,"Really black","Part",Vector3.new(0.267041624, 0.200000003, 0.356055915))
Partweld=weld(m,handle,Part,CFrame.new(0, 0, 0, 1, 0, 0, 0, 1, 0, 0, 0, 1),CFrame.new(0.991195679, -4.27400589, -0.0052947998, -0.499999285, -0.866023958, 3.51352501e-005, -0.866018832, 0.499996156, -1.77348545e-006, -1.60587661e-005, -3.15416837e-005, -0.999993682))
mesh("CylinderMesh",Part,"","",Vector3.new(0, 0, 0),Vector3.new(1, 0.890139997, 1))
Part=part(Enum.FormFactor.Custom,m,Enum.Material.SmoothPlastic,0,0,"Dark stone grey","Part",Vector3.new(0.712112248, 0.200000003, 0.356055915))
Partweld=weld(m,handle,Part,CFrame.new(0, 0, 0, 1, 0, 0, 0, 1, 0, 0, 0, 1),CFrame.new(0.402687311, -0.679267883, 0.00505065918, 0.8660236, -0.499999017, 1.84802866e-006, 0.499999315, 0.866023958, -5.58628235e-005, 2.6284717e-005, 4.92944382e-005, 0.999999166))
mesh("BlockMesh",Part,"","",Vector3.new(0, 0, 0),Vector3.new(1, 0.890140235, 1))
Part=part(Enum.FormFactor.Custom,m,Enum.Material.SmoothPlastic,0,0,"Dark stone grey","Part",Vector3.new(0.356055647, 0.200000003, 0.356055915))
Partweld=weld(m,handle,Part,CFrame.new(0, 0, 0, 1, 0, 0, 0, 1, 0, 0, 0, 1),CFrame.new(1.03623199, 0.0421948433, -0.00440979004, -0.499999255, -0.866023898, 5.00364113e-005, -0.866023958, 0.499998957, -1.77337063e-006, -2.34013132e-005, -4.41999873e-005, -0.999999642))
mesh("CylinderMesh",Part,"","",Vector3.new(0, 0, 0),Vector3.new(1, 0.890139997, 1))
mesh("BlockMesh",Part,"","",Vector3.new(0, 0, 0),Vector3.new(1, 0.99999994, 1))
Part=part(Enum.FormFactor.Custom,m,Enum.Material.SmoothPlastic,0,0,"Really black","Part",Vector3.new(0.200000003, 0.200000003, 0.200000003))
Partweld=weld(m,handle,Part,CFrame.new(0, 0, 0, 1, 0, 0, 0, 1, 0, 0, 0, 1),CFrame.new(-1.11522019, -0.00350952148, 1.25802612, -0.866025269, 0.499996424, -4.6921341e-006, -9.35725402e-005, -0.00017174182, -0.999999344, -0.499996811, -0.866025388, 0.000195467321))
mesh("BlockMesh",Part,"","",Vector3.new(0, 0, 0),Vector3.new(0.890141726, 0.890139937, 0.445069969))
Part=part(Enum.FormFactor.Custom,m,Enum.Material.SmoothPlastic,0,0,"Really black","Part",Vector3.new(0.26704222, 0.445069999, 0.534084022))
Partweld=weld(m,handle,Part,CFrame.new(0, 0, 0, 1, 0, 0, 0, 1, 0, 0, 0, 1),CFrame.new(1.51749039, -0.813407898, 0.00457763672, 0.866024137, -0.499999076, -4.25724756e-005, 0.499999136, 0.866023719, -0.000830633566, 0.000451922766, 0.000698114221, 0.999999344))
Part=part(Enum.FormFactor.Custom,m,Enum.Material.SmoothPlastic,0,0,"Dark stone grey","Part",Vector3.new(2.84844756, 0.623098075, 0.356055915))
Partweld=weld(m,handle,Part,CFrame.new(0, 0, 0, 1, 0, 0, 0, 1, 0, 0, 0, 1),CFrame.new(2.18314743, -0.724628448, 0.00506591797, 0.866023958, -0.499998957, 1.77337063e-006, 0.499999315, 0.866023958, -5.58628235e-005, 2.62502872e-005, 4.93772677e-005, 0.999999642))
Part=part(Enum.FormFactor.Custom,m,Enum.Material.SmoothPlastic,0,0,"Really black","Part",Vector3.new(0.712112248, 0.200000003, 0.200000003))
Partweld=weld(m,handle,Part,CFrame.new(0, 0, 0, 1, 0, 0, 0, 1, 0, 0, 0, 1),CFrame.new(0.403198361, -0.888397217, 0.631103516, 0.8660236, -0.499999017, 1.84802866e-006, 0.43302834, 0.750028789, 0.499940455, -0.249971539, -0.432960272, 0.866058707))
mesh("BlockMesh",Part,"","",Vector3.new(0, 0, 0),Vector3.new(1, 0.890139937, 0.445069969))
Part=part(Enum.FormFactor.Custom,m,Enum.Material.SmoothPlastic,0,0,"Dark stone grey","Part",Vector3.new(0.356055647, 2.84844851, 0.356055915))
Partweld=weld(m,handle,Part,CFrame.new(0, 0, 0, 1, 0, 0, 0, 1, 0, 0, 0, 1),CFrame.new(1.03583908, -2.18302703, -0.0052947998, -0.499999493, -0.866023898, 7.92279025e-005, -0.866023958, 0.499998957, -1.77337063e-006, -3.79744743e-005, -6.95118215e-005, -0.999999642))
mesh("CylinderMesh",Part,"","",Vector3.new(0, 0, 0),Vector3.new(1, 1, 1))
Part=part(Enum.FormFactor.Custom,m,Enum.Material.SmoothPlastic,0,0,"Really black","Part",Vector3.new(0.413914353, 1.00140691, 0.200000003))
Partweld=weld(m,handle,Part,CFrame.new(0, 0, 0, 1, 0, 0, 0, 1, 0, 0, 0, 1),CFrame.new(0.993293762, -4.91016245, -0.00451660156, -0.499999255, -0.86602366, 0.000819979236, -0.866023958, 0.499998957, -1.77337063e-006, -0.000408323831, -0.000711051165, -0.999999464))
mesh("CylinderMesh",Part,"","",Vector3.new(0, 0, 0),Vector3.new(1, 1, 0.890139997))
Part=part(Enum.FormFactor.Custom,m,Enum.Material.SmoothPlastic,0,0,"Really black","Part",Vector3.new(0.267042011, 0.801125944, 0.356055915))
Partweld=weld(m,handle,Part,CFrame.new(0, 0, 0, 1, 0, 0, 0, 1, 0, 0, 0, 1),CFrame.new(3.74128556, -0.635295868, 0.00506591797, 0.866023958, -0.499998957, 1.77337063e-006, 0.499999285, 0.866024017, -3.13802739e-005, 1.40639022e-005, 2.82098772e-005, 0.999999702))
Part=part(Enum.FormFactor.Custom,m,Enum.Material.SmoothPlastic,0,0,"Dark stone grey","Part",Vector3.new(0.801127911, 0.623098075, 0.267042011))
Partweld=weld(m,handle,Part,CFrame.new(0, 0, 0, 1, 0, 0, 0, 1, 0, 0, 0, 1),CFrame.new(1.87227416, 0.0769958496, 0.00352478027, 0.866023958, -0.499998957, 1.77337063e-006, 0.499999315, 0.866024077, 2.50057201e-005, -1.41441415e-005, -2.06979457e-005, 0.999999762))
Part=part(Enum.FormFactor.Custom,m,Enum.Material.SmoothPlastic,0,0,"Really black","Part",Vector3.new(0.356055647, 0.267041951, 0.356055915))
Partweld=weld(m,handle,Part,CFrame.new(0, 0, 0, 1, 0, 0, 0, 1, 0, 0, 0, 1),CFrame.new(1.03563309, 0.264527798, -0.00439453125, -0.499999464, -0.866024137, 5.87239629e-005, -0.866023958, 0.499998957, -1.77337063e-006, -2.77429353e-005, -5.17922454e-005, -0.999999642))
mesh("CylinderMesh",Part,"","",Vector3.new(0, 0, 0),Vector3.new(1, 1, 1))
Part=part(Enum.FormFactor.Custom,m,Enum.Material.SmoothPlastic,0,0,"Really black","Part",Vector3.new(0.445069999, 0.623098075, 0.445069999))
Partweld=weld(m,handle,Part,CFrame.new(0, 0, 0, 1, 0, 0, 0, 1, 0, 0, 0, 1),CFrame.new(-1.525383, -4.57763672e-005, -0.179089904, 0.499999136, 0.866023719, -0.000830871984, -0.000413789938, -0.000720565615, -0.999999225, -0.866023839, 0.499998927, -1.78828543e-006))
mesh("SpecialMesh",Part,Enum.MeshType.FileMesh,"http://www.roblox.com/asset/?id=3270017",Vector3.new(0, 0, 0),Vector3.new(0.551886797, 0.587492406, 2.43898368))
Part=part(Enum.FormFactor.Custom,m,Enum.Material.SmoothPlastic,0,0,"Really black","Part",Vector3.new(0.445069999, 0.623098075, 0.445069999))
Partweld=weld(m,handle,Part,CFrame.new(0, 0, 0, 1, 0, 0, 0, 1, 0, 0, 0, 1),CFrame.new(-0.190181732, -0.535319328, 4.57763672e-005, 0.499999255, 0.86602366, -0.000830708072, -0.866023958, 0.499998957, -1.77337063e-006, 0.000413693022, 0.000720331562, 0.999999404))
mesh("SpecialMesh",Part,Enum.MeshType.FileMesh,"http://www.roblox.com/asset/?id=3270017",Vector3.new(0, 0, 0),Vector3.new(0.516281128, 0.534083903, 1.67168295))
Part=part(Enum.FormFactor.Custom,m,Enum.Material.SmoothPlastic,0,0,"Really black","Part",Vector3.new(0.200000003, 0.445069999, 0.39611277))
Partweld=weld(m,handle,Part,CFrame.new(0, 0, 0, 1, 0, 0, 0, 1, 0, 0, 0, 1),CFrame.new(1.69532752, -0.813652039, 0.00280761719, 0.866024017, -0.499998927, -4.9620794e-005, 0.499999076, 0.866023779, -0.000830544159, 0.000458155992, 0.000694434391, 0.999999464))
