--[[Qaeo Armory. ]]--
wait(1 / 60)
Effects = { }
local Player = game.Players.localPlayer
local Character = Player.Character
local Humanoid = Character.Humanoid
local mouse = Player:GetMouse()
local effect = Instance.new('Model', Character)
effect.Name = "Effects"
local m = Instance.new('Model', Character)
m.Name = "WeaponModel"
local LeftArm = Character["Left Arm"]
local RightArm = Character["Right Arm"]
local LeftLeg = Character["Left Leg"]
local RightLeg = Character["Right Leg"]
local Head = Character.Head
local Torso = Character.Torso
local cam = game.Workspace.CurrentCamera
local RootPart = Character.HumanoidRootPart
local RootJoint = RootPart.RootJoint
local equipped = false
local attack = false
local Anim = 'Idle'
local idle = 0
local attacktype = 1
local vt = Vector3.new
local Torsovelocity = (RootPart.Velocity * Vector3.new(1, 0, 1)).magnitude 
local velocity = RootPart.Velocity.y
local sine = 0
local change = 1
local mana = 0
local it =Instance.new

local grabbed = false
local cf = CFrame.new
local mr = math.rad
local angles = CFrame.Angles
local ud = UDim2.new
local c3 = Color3.new

local NeckCF = cf(0, 1, 0, -1, -0, -0, 0, 0, 1, 0, 1, 0)

local RootCF = CFrame.fromEulerAnglesXYZ(-1.57, 0, 3.14)
local RHCF = CFrame.fromEulerAnglesXYZ(0, 1.6, 0)
local LHCF = CFrame.fromEulerAnglesXYZ(0, -1.6, 0)

RSH, LSH = nil, nil 

RW = Instance.new("Weld") 
LW = Instance.new("Weld")

RH = Torso["Right Hip"]
LH = Torso["Left Hip"]

RSH = Torso["Right Shoulder"] 
LSH = Torso["Left Shoulder"] 

RSH.Parent = nil 
LSH.Parent = nil 

RW.Name = "RW"
RW.Part0 = Torso 
RW.C0 = cf(1.5, 0.5, 0)
RW.C1 = cf(0, 0.5, 0) 
RW.Part1 = RightArm
RW.Parent = Torso 

LW.Name = "LW"
LW.Part0 = Torso 
LW.C0 = cf(-1.5, 0.5, 0)
LW.C1 = cf(0, 0.5, 0) 
LW.Part1 = LeftArm
LW.Parent = Torso 

function clerp(a, b, t)
	return a:lerp(b, t)
end


local RbxUtility = LoadLibrary("RbxUtility")
local Create = RbxUtility.Create

function RemoveOutlines(part)
	part.TopSurface, part.BottomSurface, part.LeftSurface, part.RightSurface, part.FrontSurface, part.BackSurface = 10, 10, 10, 10, 10, 10
end
	
function CreatePart(Parent, Material, Reflectance, Transparency, BColor, Name, Size)
	local Part = Create("Part"){
		Parent = Parent,
		Reflectance = Reflectance,
		Transparency = Transparency,
		CanCollide = false,
		Locked = true,
		BrickColor = BrickColor.new(tostring(BColor)),
		Name = Name,
		Size = Size,
		Material = Material,
	}
	RemoveOutlines(Part)
	return Part
end
	
function CreateMesh(Mesh, Part, MeshType, MeshId, OffSet, Scale)
	local Msh = Create(Mesh){
		Parent = Part,
		Offset = OffSet,
		Scale = Scale,
	}
	if Mesh == "SpecialMesh" then
		Msh.MeshType = MeshType
		Msh.MeshId = MeshId
	end
	return Msh
end

ArtificialHB = Instance.new("BindableEvent", script)
ArtificialHB.Name = "Heartbeat"

script:WaitForChild("Heartbeat")

frame = 1 / 30
tf = 0
allowframeloss = false
tossremainder = false
lastframe = tick()
script.Heartbeat:Fire()

game:GetService("RunService").Heartbeat:connect(function(s, p)
	tf = tf + s
	if tf >= frame then
		if allowframeloss then
			script.Heartbeat:Fire()
			lastframe = tick()
		else
			for i = 1, math.floor(tf / frame) do
				script.Heartbeat:Fire()
			end
			lastframe = tick()
		end
		if tossremainder then
			tf = 0
		else
			tf = tf - frame * math.floor(tf / frame)
		end
	end
end)

function swait(num)
	if num == 0 or num == nil then
		ArtificialHB.Event:wait()
	else
		for i = 0, num do
			ArtificialHB.Event:wait()
		end
	end
end
	
function CreateWeld(Parent, Part0, Part1, C0, C1)
	local Weld = Create("Weld"){
		Parent = Parent,
		Part0 = Part0,
		Part1 = Part1,
		C0 = C0,
		C1 = C1,
	}
	return Weld
end

function rayCast(Position, Direction, Range, Ignore)
	return game:service("Workspace"):FindPartOnRay(Ray.new(Position, Direction.unit * (Range or 999.999)), Ignore) 
end 

function CreateSound(id, par, vol, pit) 
	coroutine.resume(coroutine.create(function()
		local sou = Instance.new("Sound", par or workspace)
		sou.Volume = vol
		sou.Pitch = pit or 1
		sou.SoundId = id
		swait() 
		sou:play() 
		game:GetService("Debris"):AddItem(sou, 6)
	end))
end

local function getclosest(obj, distance)
	local last, lastx = distance + 1
	for i, v in pairs(workspace:GetChildren()) do
		if v:IsA'Model' and v ~= Character and v:findFirstChild('Humanoid') and v:findFirstChild('Torso') and v:findFirstChild('Humanoid').Health > 0 then
			local t = v.Torso
			local dist = (t.Position - obj.Position).magnitude
			if dist <= distance then
				if dist < last then
					last = dist
					lastx = v
				end
			end
		end
	end
	return lastx
end

Damagefunc = function(Part, hit, minim, maxim, knockback, Type, Property, Delay, HitSound, HitPitch)
	if hit.Parent == nil then
		return
	end
	local h = hit.Parent:FindFirstChild("Humanoid")
	for _, v in pairs(hit.Parent:children()) do
		if v:IsA("Humanoid") then
			h = v
		end
	end
	if h ~= nil and hit.Parent.Name ~= Character.Name and hit.Parent:FindFirstChild("Torso") ~= nil then
		if hit.Parent:findFirstChild("DebounceHit") ~= nil then
			if hit.Parent.DebounceHit.Value == true then
				return
			end
		end
		local c = Create("ObjectValue"){
			Name = "creator",
			Value = game:service("Players").LocalPlayer,
			Parent = h,
		}
		game:GetService("Debris"):AddItem(c, .5)
		if HitSound ~= nil and HitPitch ~= nil then
			CreateSound(HitSound, hit, 1, HitPitch) 
		end
		local Damage = math.random(minim, maxim)
		local blocked = false
		local block = hit.Parent:findFirstChild("Block")
		if block ~= nil then
			if block.className == "IntValue" then
				if block.Value > 0 then
					blocked = true
					block.Value = block.Value - 1
					print(block.Value)
				end
			end
		end
		if blocked == false then
			h.Health = h.Health - Damage
			ShowDamage((Part.CFrame * CFrame.new(0, 0, (Part.Size.Z / 2)).p + Vector3.new(0, 1.5, 0)), -Damage, 1.5, Part.BrickColor.Color)
		else
			h.Health = h.Health - (Damage / 2)
			ShowDamage((Part.CFrame * CFrame.new(0, 0, (Part.Size.Z / 2)).p + Vector3.new(0, 1.5, 0)), -Damage, 1.5, Part.BrickColor.Color)
		end
		if Type == "Knockdown" then
			local hum = hit.Parent.Humanoid
			hum.PlatformStand = true
			coroutine.resume(coroutine.create(function(HHumanoid)
				swait(1)
				HHumanoid.PlatformStand = false
			end), hum)
			local angle = (hit.Position - (Property.Position + Vector3.new(0, 0, 0))).unit
			local bodvol = Create("BodyVelocity"){
				velocity = angle * knockback,
				P = 5000,
				maxForce = Vector3.new(8e+003, 8e+003, 8e+003),
				Parent = hit,
			}
			local rl = Create("BodyAngularVelocity"){
				P = 3000,
				maxTorque = Vector3.new(500000, 500000, 500000) * 50000000000000,
				angularvelocity = Vector3.new(math.random(-10, 10), math.random(-10, 10), math.random(-10, 10)),
				Parent = hit,
			}
			game:GetService("Debris"):AddItem(bodvol, .5)
			game:GetService("Debris"):AddItem(rl, .5)
		elseif Type == "Normal" then
			local vp = Create("BodyVelocity"){
				P = 500,
				maxForce = Vector3.new(math.huge, 0, math.huge),
				velocity = Property.CFrame.lookVector * knockback + Property.Velocity / 1.05,
			}
			if knockback > 0 then
				vp.Parent = hit.Parent.Torso
			end
			game:GetService("Debris"):AddItem(vp, .5)
		elseif Type == "Up" then
			local bodyVelocity = Create("BodyVelocity"){
				velocity = vt(0, 20, 0),
				P = 5000,
				maxForce = Vector3.new(8e+003, 8e+003, 8e+003),
				Parent = hit,
			}
			game:GetService("Debris"):AddItem(bodyVelocity, .5)
		elseif Type == "DarkUp" then
			coroutine.resume(coroutine.create(function()
			for i = 0,1,0.1 do
				swait()
			BlockEffect(BrickColor.new("Black"), hit.Parent.Torso.CFrame,5, 5, 5, 1, 1, 1, .08,1)
			end
			end))
			local bodyVelocity = Create("BodyVelocity"){
				velocity = vt(0, 20, 0),
				P = 5000,
				maxForce = Vector3.new(8e+003, 8e+003, 8e+003),
				Parent = hit,
			}
			game:GetService("Debris"):AddItem(bodyVelocity, 1)
		elseif Type == "Snare" then
			local bp = Create("BodyPosition"){
				P = 2000,
				D = 100,
				maxForce = Vector3.new(math.huge, math.huge, math.huge),
				position = hit.Parent.Torso.Position,
				Parent = hit.Parent.Torso,
			}
			game:GetService("Debris"):AddItem(bp, 1)
		elseif Type == "Freeze" then
			local BodPos = Create("BodyPosition"){
				P = 50000,
				D = 1000,
				maxForce = Vector3.new(math.huge, math.huge, math.huge),
				position = hit.Parent.Torso.Position,
				Parent = hit.Parent.Torso,
			}
			local BodGy = Create("BodyGyro") {
				maxTorque = Vector3.new(4e+005, 4e+005, 4e+005) * math.huge ,
				P = 20e+003,
				Parent = hit.Parent.Torso,
				cframe = hit.Parent.Torso.CFrame,
			}
			hit.Parent.Torso.Anchored = true
			coroutine.resume(coroutine.create(function(Part) 
				swait(1.5)
				Part.Anchored = false
			end), hit.Parent.Torso)
			game:GetService("Debris"):AddItem(BodPos, 3)
			game:GetService("Debris"):AddItem(BodGy, 3)
		end
		local debounce = Create("BoolValue"){
			Name = "DebounceHit",
			Parent = hit.Parent,
			Value = true,
		}
		game:GetService("Debris"):AddItem(debounce, Delay)
		c = Instance.new("ObjectValue")
		c.Name = "creator"
		c.Value = Player
		c.Parent = h
		game:GetService("Debris"):AddItem(c, .5)
	end
end

function ShowDamage(Pos, Text, Time, Color)
	local Rate = (1 / 30)
	local Pos = (Pos or Vector3.new(0, 0, 0))
	local Text = (Text or "")
	local Time = (Time or 2)
	local Color = (Color or Color3.new(1, 0, 1))
	local EffectPart = CreatePart(effect, "SmoothPlastic", 0, 1, BrickColor.new(Color), "Effect", vt(0, 0, 0))
	EffectPart.Anchored = true
	local BillboardGui = Create("BillboardGui"){
		Size = UDim2.new(3, 0, 3, 0),
		Adornee = EffectPart,
		Parent = EffectPart,
	}
	local TextLabel = Create("TextLabel"){
		BackgroundTransparency = 1,
		Size = UDim2.new(1, 0, 1, 0),
		Text = Text,
		TextColor3 = Color,
		TextScaled = true,
		Font = Enum.Font.ArialBold,
		Parent = BillboardGui,
	}
	game.Debris:AddItem(EffectPart, (Time + 0.1))
	EffectPart.Parent = game:GetService("Workspace")
	delay(0, function()
		local Frames = (Time / Rate)
		for Frame = 1, Frames do
			wait(Rate)
			local Percent = (Frame / Frames)
			EffectPart.CFrame = CFrame.new(Pos) + Vector3.new(0, Percent, 0)
			TextLabel.TextTransparency = Percent
		end
		if EffectPart and EffectPart.Parent then
			EffectPart:Destroy()
		end
	end)
end
function MagniDamage(Part,magni,mindam,maxdam,knock,Type)
for _,c in pairs(workspace:children()) do
local hum=c:findFirstChild("Humanoid")
if hum~=nil then
local head=c:findFirstChild("Torso")
if head~=nil then
local targ=head.Position-Part.Position
local mag=targ.magnitude
if mag<=magni and c.Name~=Player.Name then 
--Damagefunc(head,mindam,maxdam,knock,Type,RootPart,.2,1,nil,1)
Damagefunc(head, head, mindam,maxdam, knock, Type, RootPart, .1, "http://www.roblox.com/asset/?id=231917784", 1)
end
end
end
end
end

--[[BUILD]]
Handlee=CreatePart(m,Enum.Material.SmoothPlastic,0.20000000298023,1,"Really black","Handlee",Vector3.new(0.33921814, 2.86583948, 0.45149231))
HandleeWeld=CreateWeld(m,Character["Right Arm"],Handlee,CFrame.new(0, 0, 0, 1, 0, 0, 0, 1, 0, 0, 0, 1),CFrame.new(0.00396728516, 0.0971195698, -0.898794174, -1, 1.79275431e-011, 8.69278336e-014, -8.75166164e-014, -3.28425267e-005, -1, -1.79275397e-011, -1, 3.28425267e-005))
FakeHandle=CreatePart(m,Enum.Material.SmoothPlastic,0.20000000298023,1,"Really black","FakeFakeHandle",Vector3.new(0.33921814, 2.86583948, 0.45149231))
FakeHandleWeld=CreateWeld(m,Handlee,FakeHandle,CFrame.new(0, 0, 0, 1, 0, 0, 0, 1, 0, 0, 0, 1),CFrame.new(0, 0, 0, 1, 0, -6.14517233e-019, 0, 1, 0, -6.14517233e-019, 0, 1))
Part=CreatePart(m,Enum.Material.Neon,0.20000000298023,0,"Gold","Part",Vector3.new(0.381157011, 6.75965023, 0.200000018))
PartWeld=CreateWeld(m,FakeHandle,Part,CFrame.new(0, 0, 0, 1, 0, 0, 0, 1, 0, 0, 0, 1),CFrame.new(-0.00273084641, -5.46626663, 0.00212454796, -1, 0, 6.14517233e-019, 0, 1, 0, 6.14517233e-019, 0, -1))
CreateMesh("BlockMesh",Part,"","",Vector3.new(0, 0, 0),Vector3.new(0.850000024, 1, 0.300000012))
Part=CreatePart(m,Enum.Material.SmoothPlastic,0.20000000298023,0,"Really black","Part",Vector3.new(0.725334167, 0.70440042, 1.80000019))
PartWeld=CreateWeld(m,FakeHandle,Part,CFrame.new(0, 0, 0, 1, 0, 0, 0, 1, 0, 0, 0, 1),CFrame.new(-0.00212907791, -1.78311992, -0.000768661499, -1, 0, 6.14517233e-019, 0, 1, 0, 6.14517233e-019, 0, -1))
CreateMesh("BlockMesh",Part,"","",Vector3.new(0, 0, 0),Vector3.new(1, 1, 1))
Hitbox=CreatePart(m,Enum.Material.Neon,0.20000000298023,1,"Gold","Hitbox",Vector3.new(0.381157011, 7.63965034, 2.29999995))
HitboxWeld=CreateWeld(m,FakeHandle,Hitbox,CFrame.new(0, 0, 0, 1, 0, 0, 0, 1, 0, 0, 0, 1),CFrame.new(-0.00273084641, -5.90626621, -0.0378770828, -1, 0, 6.14517233e-019, 0, 1, 0, 6.14517233e-019, 0, -1))
Part=CreatePart(m,Enum.Material.Plastic,0.20000000298023,0,"Gold","Part",Vector3.new(0.562307775, 0.686548591, 0.200000003))
PartWeld=CreateWeld(m,FakeHandle,Part,CFrame.new(0, 0, 0, 1, 0, 0, 0, 1, 0, 0, 0, 1),CFrame.new(0.00158071518, -0.016936779, 1.61802387, 2.84741679e-014, 2.26499105e-006, -1, -1, 6.77626358e-020, -2.84731379e-014, 0, 1, 2.26499105e-006))
CreateMesh("SpecialMesh",Part,Enum.MeshType.FileMesh,"http://www.roblox.com/asset/?id=4770583",Vector3.new(0, 0, 0),Vector3.new(0.899999976, 0.899999976, 0.129999995))
Part=CreatePart(m,Enum.Material.SmoothPlastic,0,0,"Gold","Part",Vector3.new(0.33921814, 0.200000048, 0.45149231))
PartWeld=CreateWeld(m,FakeHandle,Part,CFrame.new(0, 0, 0, 1, 0, 0, 0, 1, 0, 0, 0, 1),CFrame.new(0, -0.0508656502, 1.88350677e-005, 1, 0, -6.14517233e-019, 0, 1, 0, -6.14517233e-019, 0, 1))
CreateMesh("CylinderMesh",Part,"","",Vector3.new(0, 0, 0),Vector3.new(1.10000002, 0.600000024, 1))
Part=CreatePart(m,Enum.Material.SmoothPlastic,0.20000000298023,0,"Dark stone grey","Part",Vector3.new(0.319500059, 0.269196659, 1.32025433))
PartWeld=CreateWeld(m,FakeHandle,Part,CFrame.new(0, 0, 0, 1, 0, 0, 0, 1, 0, 0, 0, 1),CFrame.new(-0.00346326828, -0.67087841, 7.25453424, -1, -8.74233308e-008, -3.05309413e-008, 3.0530888e-008, 5.9604281e-007, -1, 8.74233521e-008, -1, -5.9604281e-007))
CreateMesh("SpecialMesh",Part,Enum.MeshType.Wedge,"",Vector3.new(0, 0, 0),Vector3.new(1, 1, 1))
Part=CreatePart(m,Enum.Material.SmoothPlastic,0.20000000298023,0,"Black","Part",Vector3.new(0.741539001, 0.200000003, 1))
PartWeld=CreateWeld(m,FakeHandle,Part,CFrame.new(0, 0, 0, 1, 0, 0, 0, 1, 0, 0, 0, 1),CFrame.new(0.00035905838, -1.38517022, 0.875938654, 1, 0, -6.14517233e-019, 0, 1, 0, -6.14517233e-019, 0, 1))
CreateMesh("CylinderMesh",Part,"","",Vector3.new(0, 0, 0),Vector3.new(1, 0.5, 0.5))
Part=CreatePart(m,Enum.Material.Neon,0.20000000298023,0,"Gold","Part",Vector3.new(0.631489635, 0.200000003, 1.4000001))
PartWeld=CreateWeld(m,FakeHandle,Part,CFrame.new(0, 0, 0, 1, 0, 0, 0, 1, 0, 0, 0, 1),CFrame.new(2.21565604, -0.265296936, -0.00267910957, -4.37111076e-008, -1, 0, 1, -4.37111076e-008, -1.89778748e-015, 1.89717296e-015, 0, 1))
CreateMesh("CylinderMesh",Part,"","",Vector3.new(0, 0, 0),Vector3.new(1, 1, 1))
Part=CreatePart(m,Enum.Material.SmoothPlastic,0.20000000298023,0,"Really black","Part",Vector3.new(0.521157026, 1.9596504, 0.600000024))
PartWeld=CreateWeld(m,FakeHandle,Part,CFrame.new(0, 0, 0, 1, 0, 0, 0, 1, 0, 0, 0, 1),CFrame.new(-0.00273895264, -2.94859934, 0.00211620331, -1, 0, 6.14517233e-019, 0, 1, 0, 6.14517233e-019, 0, -1))
CreateMesh("BlockMesh",Part,"","",Vector3.new(0, 0, 0),Vector3.new(1, 1, 1))
Part=CreatePart(m,Enum.Material.SmoothPlastic,0.20000000298023,0,"Dark stone grey","Part",Vector3.new(0.321157038, 0.538853288, 0.357489645))
PartWeld=CreateWeld(m,FakeHandle,Part,CFrame.new(0, 0, 0, 1, 0, 0, 0, 1, 0, 0, 0, 1),CFrame.new(0.00273895264, -3.37984514, -4.45166588, 1, -1.98011963e-013, 8.74230821e-008, 6.51354739e-008, 0.666998684, -0.745058894, -5.83109347e-008, 0.745058894, 0.666998684))
CreateMesh("BlockMesh",Part,"","",Vector3.new(0, 0, 0),Vector3.new(1, 1, 1))
Part=CreatePart(m,Enum.Material.SmoothPlastic,0.20000000298023,0,"Really black","Part",Vector3.new(0.531489611, 0.200000003, 1.4000001))
PartWeld=CreateWeld(m,FakeHandle,Part,CFrame.new(0, 0, 0, 1, 0, 0, 0, 1, 0, 0, 0, 1),CFrame.new(2.21496511, -0.266952991, -0.00267910957, -4.37111076e-008, -1, 0, 1, -4.37111076e-008, -1.89778748e-015, 1.89717296e-015, 0, 1))
CreateMesh("CylinderMesh",Part,"","",Vector3.new(0, 0, 0),Vector3.new(1, 1, 1))
Part=CreatePart(m,Enum.Material.Neon,0.20000000298023,0,"Gold","Part",Vector3.new(0.200000003, 0.200000003, 0.200000003))
PartWeld=CreateWeld(m,FakeHandle,Part,CFrame.new(0, 0, 0, 1, 0, 0, 0, 1, 0, 0, 0, 1),CFrame.new(0.268517017, -1.93165433, -0.265628099, -1, 0, 6.14517233e-019, 0, 1, -1.0430449e-007, 6.23584167e-019, -1.0430449e-007, -1))
CreateMesh("BlockMesh",Part,"","",Vector3.new(0, 0, 0),Vector3.new(1, 0.400000006, 0.300000012))
Part=CreatePart(m,Enum.Material.SmoothPlastic,0.20000000298023,0,"Dark stone grey","Part",Vector3.new(0.321157038, 0.538853288, 0.346109927))
PartWeld=CreateWeld(m,FakeHandle,Part,CFrame.new(0, 0, 0, 1, 0, 0, 0, 1, 0, 0, 0, 1),CFrame.new(-0.00273895264, -3.38360691, -4.45658588, -1, 0, 6.14517233e-019, 3.32036915e-019, 0.666996896, 0.745060563, 9.48676901e-020, 0.745060563, -0.666996896))
CreateMesh("BlockMesh",Part,"","",Vector3.new(0, 0, 0),Vector3.new(1, 1, 1))
Part=CreatePart(m,Enum.Material.SmoothPlastic,0.20000000298023,0,"Dark stone grey","Part",Vector3.new(0.321157038, 3.51728535, 1))
PartWeld=CreateWeld(m,FakeHandle,Part,CFrame.new(0, 0, 0, 1, 0, 0, 0, 1, 0, 0, 0, 1),CFrame.new(-0.00273895264, -3.76531887, 0.00210309029, -1, 0, 6.14517233e-019, 0, 1, 0, 6.14517233e-019, 0, -1))
CreateMesh("BlockMesh",Part,"","",Vector3.new(0, 0, 0),Vector3.new(1, 1, 1))
Part=CreatePart(m,Enum.Material.SmoothPlastic,0.20000000298023,0,"Dark stone grey","Part",Vector3.new(0.321157038, 0.538853288, 0.800000012))
PartWeld=CreateWeld(m,FakeHandle,Part,CFrame.new(0, 0, 0, 1, 0, 0, 0, 1, 0, 0, 0, 1),CFrame.new(0.00273942947, 4.73083782, -4.77182007, 1, -7.28675147e-008, 5.48554837e-008, -7.73224684e-009, -0.667000949, -0.745056868, 9.08791051e-008, 0.745056868, -0.667000949))
CreateMesh("BlockMesh",Part,"","",Vector3.new(0, 0, 0),Vector3.new(1, 1, 1))
Part=CreatePart(m,Enum.Material.SmoothPlastic,0,0,"Gold","Part",Vector3.new(0.33921814, 0.200000048, 0.45149231))
PartWeld=CreateWeld(m,FakeHandle,Part,CFrame.new(0, 0, 0, 1, 0, 0, 0, 1, 0, 0, 0, 1),CFrame.new(0, -0.452445388, 1.1920929e-006, 1, 0, -6.14517233e-019, 0, 1, 0, -6.14517233e-019, 0, 1))
CreateMesh("CylinderMesh",Part,"","",Vector3.new(0, 0, 0),Vector3.new(1.10000002, 0.600000024, 1))
Part=CreatePart(m,Enum.Material.SmoothPlastic,0.20000000298023,0,"Dark stone grey","Part",Vector3.new(0.319500059, 0.569196701, 1.32025433))
PartWeld=CreateWeld(m,FakeHandle,Part,CFrame.new(0, 0, 0, 1, 0, 0, 0, 1, 0, 0, 0, 1),CFrame.new(0.00346183777, -0.820907354, -8.92664528, 1, 1.74846832e-007, -3.05309271e-008, -3.05316163e-008, 3.93393566e-006, -1, -1.74846704e-007, 1, 3.93393566e-006))
CreateMesh("SpecialMesh",Part,Enum.MeshType.Wedge,"",Vector3.new(0, 0, 0),Vector3.new(1, 1, 1))
Part=CreatePart(m,Enum.Material.SmoothPlastic,0,0,"Gold","Part",Vector3.new(0.33921814, 0.200000048, 0.45149231))
PartWeld=CreateWeld(m,FakeHandle,Part,CFrame.new(0, 0, 0, 1, 0, 0, 0, 1, 0, 0, 0, 1),CFrame.new(0, 0.754144311, -2.86102295e-006, 1, 0, -6.14517233e-019, 0, 1, 0, -6.14517233e-019, 0, 1))
CreateMesh("CylinderMesh",Part,"","",Vector3.new(0, 0, 0),Vector3.new(1.10000002, 0.600000024, 1))
Part=CreatePart(m,Enum.Material.SmoothPlastic,0.20000000298023,0,"Black","Part",Vector3.new(0.741539001, 0.200000003, 1))
PartWeld=CreateWeld(m,FakeHandle,Part,CFrame.new(0, 0, 0, 1, 0, 0, 0, 1, 0, 0, 0, 1),CFrame.new(0.00035905838, -2.17975187, -0.875278115, 1, 0, -6.14517233e-019, 0, 1, 0, -6.14517233e-019, 0, 1))
CreateMesh("CylinderMesh",Part,"","",Vector3.new(0, 0, 0),Vector3.new(1, 0.5, 0.5))
Part=CreatePart(m,Enum.Material.SmoothPlastic,0,0,"Gold","Part",Vector3.new(0.33921814, 0.200000048, 0.45149231))
PartWeld=CreateWeld(m,FakeHandle,Part,CFrame.new(0, 0, 0, 1, 0, 0, 0, 1, 0, 0, 0, 1),CFrame.new(0, -0.848223805, 6.91413879e-006, 1, 0, -6.14517233e-019, 0, 1, 0, -6.14517233e-019, 0, 1))
CreateMesh("CylinderMesh",Part,"","",Vector3.new(0, 0, 0),Vector3.new(1.10000002, 0.600000024, 1))
Part=CreatePart(m,Enum.Material.SmoothPlastic,0.20000000298023,0,"Black","Part",Vector3.new(0.539218128, 0.200000048, 0.45149231))
PartWeld=CreateWeld(m,FakeHandle,Part,CFrame.new(0, 0, 0, 1, 0, 0, 0, 1, 0, 0, 0, 1),CFrame.new(0, -1.39309406, 9.05990601e-006, 1, 0, -6.14517233e-019, 0, 1, 0, -6.14517233e-019, 0, 1))
CreateMesh("CylinderMesh",Part,"","",Vector3.new(0, 0, 0),Vector3.new(1, 0.5, 1))
Part=CreatePart(m,Enum.Material.SmoothPlastic,0.20000000298023,0,"Dark stone grey","Part",Vector3.new(0.321157038, 0.538853288, 0.800000012))
PartWeld=CreateWeld(m,FakeHandle,Part,CFrame.new(0, 0, 0, 1, 0, 0, 0, 1, 0, 0, 0, 1),CFrame.new(-0.0027384758, 4.72967196, -4.775455, -1, -7.2867465e-008, 3.25675948e-008, 7.28674507e-008, -0.667002797, 0.745055258, -3.25676055e-008, 0.745055258, 0.667002797))
CreateMesh("BlockMesh",Part,"","",Vector3.new(0, 0, 0),Vector3.new(1, 1, 1))
Part=CreatePart(m,Enum.Material.SmoothPlastic,0,0,"Gold","Part",Vector3.new(0.33921814, 0.200000048, 0.45149231))
PartWeld=CreateWeld(m,FakeHandle,Part,CFrame.new(0, 0, 0, 1, 0, 0, 0, 1, 0, 0, 0, 1),CFrame.new(0, -1.34900522, 7.62939453e-006, 1, 0, -6.14517233e-019, 0, 1, 0, -6.14517233e-019, 0, 1))
CreateMesh("CylinderMesh",Part,"","",Vector3.new(0, 0, 0),Vector3.new(1.10000002, 1, 1))
Part=CreatePart(m,Enum.Material.SmoothPlastic,0.20000000298023,0,"Black","Part",Vector3.new(0.741539001, 0.200000003, 1))
PartWeld=CreateWeld(m,FakeHandle,Part,CFrame.new(0, 0, 0, 1, 0, 0, 0, 1, 0, 0, 0, 1),CFrame.new(0.00035905838, -1.38488925, -0.875276089, 1, 0, -6.14517233e-019, 0, 1, 0, -6.14517233e-019, 0, 1))
CreateMesh("CylinderMesh",Part,"","",Vector3.new(0, 0, 0),Vector3.new(1, 0.5, 0.5))
Part=CreatePart(m,Enum.Material.SmoothPlastic,0.20000000298023,0,"Gold","Part",Vector3.new(0.239033937, 0.575354755, 1.4000001))
PartWeld=CreateWeld(m,FakeHandle,Part,CFrame.new(0, 0, 0, 1, 0, 0, 0, 1, 0, 0, 0, 1),CFrame.new(3.4134059, 0.0100169182, -0.00267791748, -4.37111076e-008, -1, 0, 1, -4.37111076e-008, -1.89778748e-015, 1.89717296e-015, 0, 1))
CreateMesh("CylinderMesh",Part,"","",Vector3.new(0, 0, 0),Vector3.new(1, 1, 1))
Part=CreatePart(m,Enum.Material.SmoothPlastic,0.20000000298023,0,"Really black","Part",Vector3.new(0.200000003, 0.200000003, 0.200000003))
PartWeld=CreateWeld(m,FakeHandle,Part,CFrame.new(0, 0, 0, 1, 0, 0, 0, 1, 0, 0, 0, 1),CFrame.new(-0.0325927734, 1.63971984, 0.0875387192, -1, 0, 6.14517233e-019, 0, 1, 0, 6.14517233e-019, 0, -1))
CreateMesh("SpecialMesh",Part,Enum.MeshType.Sphere,"",Vector3.new(0, 0, 0),Vector3.new(0.600000024, 0.100000001, 0.769999981))
Part=CreatePart(m,Enum.Material.Neon,0.20000000298023,0,"Really red","Part",Vector3.new(0.200000003, 0.200000003, 0.200000003))
PartWeld=CreateWeld(m,FakeHandle,Part,CFrame.new(0, 0, 0, 1, 0, 0, 0, 1, 0, 0, 0, 1),CFrame.new(-0.0325927734, 1.64008033, 0.0875387192, -1, 0, 6.14517233e-019, 0, 1, 0, 6.14517233e-019, 0, -1))
CreateMesh("SpecialMesh",Part,Enum.MeshType.Sphere,"",Vector3.new(0, 0, 0),Vector3.new(0.400000006, 0.109999999, 0.100000001))
Part=CreatePart(m,Enum.Material.SmoothPlastic,0.20000000298023,0,"Really black","Part",Vector3.new(0.741539001, 0.704558611, 1))
PartWeld=CreateWeld(m,FakeHandle,Part,CFrame.new(0, 0, 0, 1, 0, 0, 0, 1, 0, 0, 0, 1),CFrame.new(0.00035905838, -1.78379309, 0.875929832, 1, 0, -6.14517233e-019, 0, 1, 0, -6.14517233e-019, 0, 1))
CreateMesh("CylinderMesh",Part,"","",Vector3.new(0, 0, 0),Vector3.new(1, 1, 1))
Part=CreatePart(m,Enum.Material.SmoothPlastic,0.20000000298023,0,"Dark stone grey","Part",Vector3.new(0.319500059, 0.269196659, 1.32025433))
PartWeld=CreateWeld(m,FakeHandle,Part,CFrame.new(0, 0, 0, 1, 0, 0, 0, 1, 0, 0, 0, 1),CFrame.new(0.00346279144, -0.674492598, 7.25208664, 1, 8.74232882e-008, 1.17954158e-007, -1.17954109e-007, -5.9604281e-007, 1, 8.74233592e-008, -1, -5.9604281e-007))
CreateMesh("SpecialMesh",Part,Enum.MeshType.Wedge,"",Vector3.new(0, 0, 0),Vector3.new(1, 1, 1))
Part=CreatePart(m,Enum.Material.SmoothPlastic,0.20000000298023,0,"Dark stone grey","Part",Vector3.new(0.321157038, 0.64256525, 0.200000003))
PartWeld=CreateWeld(m,FakeHandle,Part,CFrame.new(0, 0, 0, 1, 0, 0, 0, 1, 0, 0, 0, 1),CFrame.new(0.00273895264, -6.06056881, 0.0283687115, 1, -1.98011963e-013, 8.74230821e-008, -5.52861801e-009, 0.997998238, 0.0632420629, -8.72480967e-008, -0.0632420704, 0.997998297))
CreateMesh("BlockMesh",Part,"","",Vector3.new(0, 0, 0),Vector3.new(1, 1, 1))
Part=CreatePart(m,Enum.Material.Plastic,0.20000000298023,0,"Really black","Part",Vector3.new(0.562307775, 0.686548591, 0.200000003))
PartWeld=CreateWeld(m,FakeHandle,Part,CFrame.new(0, 0, 0, 1, 0, 0, 0, 1, 0, 0, 0, 1),CFrame.new(0.00158119202, -0.016936779, 1.63143444, 2.84741679e-014, 2.26499105e-006, -1, -1, 6.77626358e-020, -2.84731379e-014, 0, 1, 2.26499105e-006))
CreateMesh("SpecialMesh",Part,Enum.MeshType.FileMesh,"http://www.roblox.com/asset/?id=4770583",Vector3.new(0, 0, 0),Vector3.new(0.800000012, 0.800000012, 0.129999995))
Part=CreatePart(m,Enum.Material.SmoothPlastic,0.20000000298023,0,"Dark stone grey","Part",Vector3.new(0.319500059, 0.269196659, 3.32025433))
PartWeld=CreateWeld(m,FakeHandle,Part,CFrame.new(0, 0, 0, 1, 0, 0, 0, 1, 0, 0, 0, 1),CFrame.new(-0.00346422195, -0.636483908, -3.86316824, -1, -4.76779206e-013, 1.17954137e-007, 1.17954137e-007, -3.93393566e-006, 1, -1.27550761e-014, 1, 3.93393566e-006))
CreateMesh("SpecialMesh",Part,Enum.MeshType.Wedge,"",Vector3.new(0, 0, 0),Vector3.new(1, 1, 1))
Part=CreatePart(m,Enum.Material.SmoothPlastic,0.20000000298023,0,"Really black","Part",Vector3.new(0.741539001, 0.704558611, 1))
PartWeld=CreateWeld(m,FakeHandle,Part,CFrame.new(0, 0, 0, 1, 0, 0, 0, 1, 0, 0, 0, 1),CFrame.new(0.00035905838, -1.78351212, -0.875273943, 1, 0, -6.14517233e-019, 0, 1, 0, -6.14517233e-019, 0, 1))
CreateMesh("CylinderMesh",Part,"","",Vector3.new(0, 0, 0),Vector3.new(1, 1, 1))
Part=CreatePart(m,Enum.Material.SmoothPlastic,0.20000000298023,0,"Gold","Part",Vector3.new(0.239033937, 0.575354755, 1.4000001))
PartWeld=CreateWeld(m,FakeHandle,Part,CFrame.new(0, 0, 0, 1, 0, 0, 0, 1, 0, 0, 0, 1),CFrame.new(3.91034889, 0.0100169182, -0.00268530846, -4.37111076e-008, -1, 0, 1, -4.37111076e-008, -1.89778748e-015, 1.89717296e-015, 0, 1))
CreateMesh("CylinderMesh",Part,"","",Vector3.new(0, 0, 0),Vector3.new(1, 1, 1))
Part=CreatePart(m,Enum.Material.SmoothPlastic,0.20000000298023,0,"Dark stone grey","Part",Vector3.new(0.321157038, 0.64256525, 0.200000003))
PartWeld=CreateWeld(m,FakeHandle,Part,CFrame.new(0, 0, 0, 1, 0, 0, 0, 1, 0, 0, 0, 1),CFrame.new(-0.00273895264, -6.06228876, 0.0318074226, -1, 0, 6.14517233e-019, 5.42101086e-020, 0.997998238, -0.063242048, 7.7588218e-019, -0.063242048, -0.997998238))
CreateMesh("BlockMesh",Part,"","",Vector3.new(0, 0, 0),Vector3.new(1, 1, 1))
Part=CreatePart(m,Enum.Material.SmoothPlastic,0,0,"Gold","Part",Vector3.new(0.33921814, 0.200000048, 0.45149231))
PartWeld=CreateWeld(m,FakeHandle,Part,CFrame.new(0, 0, 0, 1, 0, 0, 0, 1, 0, 0, 0, 1),CFrame.new(0, 0.352551818, 5.7220459e-006, 1, 0, -6.14517233e-019, 0, 1, 0, -6.14517233e-019, 0, 1))
CreateMesh("CylinderMesh",Part,"","",Vector3.new(0, 0, 0),Vector3.new(1.10000002, 0.600000024, 1))
Part=CreatePart(m,Enum.Material.Neon,0.20000000298023,0,"Gold","Part",Vector3.new(0.200000003, 0.200000003, 0.200000003))
PartWeld=CreateWeld(m,FakeHandle,Part,CFrame.new(0, 0, 0, 1, 0, 0, 0, 1, 0, 0, 0, 1),CFrame.new(0.268188953, -1.6106447, 1.15954053, -1, 0, 6.14517233e-019, -1.8973538e-019, 0.748117208, -0.663566589, 7.18283939e-019, -0.663566589, -0.748117268))
CreateMesh("BlockMesh",Part,"","",Vector3.new(0, 0, 0),Vector3.new(1, 0.400000006, 0.800000012))
Part=CreatePart(m,Enum.Material.SmoothPlastic,0.20000000298023,0,"Black","Part",Vector3.new(0.741539001, 0.200000003, 1))
PartWeld=CreateWeld(m,FakeHandle,Part,CFrame.new(0, 0, 0, 1, 0, 0, 0, 1, 0, 0, 0, 1),CFrame.new(0.00035905838, -2.1800313, 0.875934839, 1, 0, -6.14517233e-019, 0, 1, 0, -6.14517233e-019, 0, 1))
CreateMesh("CylinderMesh",Part,"","",Vector3.new(0, 0, 0),Vector3.new(1, 0.5, 0.5))
Part=CreatePart(m,Enum.Material.SmoothPlastic,0.20000000298023,0,"Really black","Part",Vector3.new(1.14153898, 0.725425005, 1.4000001))
PartWeld=CreateWeld(m,FakeHandle,Part,CFrame.new(0, 0, 0, 1, 0, 0, 0, 1, 0, 0, 0, 1),CFrame.new(2.125175, 0.00232696533, -0.0026819706, -4.37111076e-008, -1, 0, 1, -4.37111076e-008, -1.89778748e-015, 1.89717296e-015, 0, 1))
CreateMesh("CylinderMesh",Part,"","",Vector3.new(0, 0, 0),Vector3.new(1, 1, 1))
Part=CreatePart(m,Enum.Material.Neon,0.20000000298023,0,"Gold","Part",Vector3.new(0.381156981, 2.60965014, 0.200000018))
PartWeld=CreateWeld(m,FakeHandle,Part,CFrame.new(0, 0, 0, 1, 0, 0, 0, 1, 0, 0, 0, 1),CFrame.new(-0.00273895264, -3.39129901, 0.402117372, -1, 0, 6.14517233e-019, 0, 1, 0, 6.14517233e-019, 0, -1))
CreateMesh("BlockMesh",Part,"","",Vector3.new(0, 0, 0),Vector3.new(0.850000024, 1, 0.300000012))
Part=CreatePart(m,Enum.Material.SmoothPlastic,0,0,"Gold","Part",Vector3.new(0.33921814, 0.200000048, 0.45149231))
PartWeld=CreateWeld(m,FakeHandle,Part,CFrame.new(0, 0, 0, 1, 0, 0, 0, 1, 0, 0, 0, 1),CFrame.new(0, 1.31565273, 1.40666962e-005, 1, 0, -6.14517233e-019, 0, 1, 0, -6.14517233e-019, 0, 1))
CreateMesh("CylinderMesh",Part,"","",Vector3.new(0, 0, 0),Vector3.new(1.10000002, 1, 1))
Part=CreatePart(m,Enum.Material.SmoothPlastic,0.20000000298023,0,"Dark stone grey","Part",Vector3.new(0.321157038, 1.39978409, 0.600000024))
PartWeld=CreateWeld(m,FakeHandle,Part,CFrame.new(0, 0, 0, 1, 0, 0, 0, 1, 0, 0, 0, 1),CFrame.new(-0.00273895264, -6.08671904, 0.00209593773, -1, 0, 6.14517233e-019, 0, 1, 0, 6.14517233e-019, 0, -1))
CreateMesh("BlockMesh",Part,"","",Vector3.new(0, 0, 0),Vector3.new(1, 1, 1))
Part=CreatePart(m,Enum.Material.SmoothPlastic,0.20000000298023,0,"Dark stone grey","Part",Vector3.new(0.319500059, 0.569196701, 1.32025433))
PartWeld=CreateWeld(m,FakeHandle,Part,CFrame.new(0, 0, 0, 1, 0, 0, 0, 1, 0, 0, 0, 1),CFrame.new(-0.00346231461, -0.824454308, -8.92580223, -1, -1.74847187e-007, 1.17954137e-007, 1.17954826e-007, -3.93393566e-006, 1, -1.74846718e-007, 1, 3.93393566e-006))
CreateMesh("SpecialMesh",Part,Enum.MeshType.Wedge,"",Vector3.new(0, 0, 0),Vector3.new(1, 1, 1))
Part=CreatePart(m,Enum.Material.SmoothPlastic,0.20000000298023,0,"Really black","Part",Vector3.new(0.33921814, 2.86583948, 0.45149231))
PartWeld=CreateWeld(m,FakeHandle,Part,CFrame.new(0, 0, 0, 1, 0, 0, 0, 1, 0, 0, 0, 1),CFrame.new(0, 0, 0, 1, 0, -6.14517233e-019, 0, 1, 0, -6.14517233e-019, 0, 1))
CreateMesh("CylinderMesh",Part,"","",Vector3.new(0, 0, 0),Vector3.new(1, 1, 1))
Part=CreatePart(m,Enum.Material.SmoothPlastic,0.20000000298023,0,"Gold","Part",Vector3.new(0.239033937, 0.575354755, 1.4000001))
PartWeld=CreateWeld(m,FakeHandle,Part,CFrame.new(0, 0, 0, 1, 0, 0, 0, 1, 0, 0, 0, 1),CFrame.new(2.91370201, 0.0100169182, -0.00268602371, -4.37111076e-008, -1, 0, 1, -4.37111076e-008, -1.89778748e-015, 1.89717296e-015, 0, 1))
CreateMesh("CylinderMesh",Part,"","",Vector3.new(0, 0, 0),Vector3.new(1, 1, 1))
Part=CreatePart(m,Enum.Material.Neon,0.20000000298023,0,"Gold","Part",Vector3.new(0.381156981, 2.60965014, 0.200000018))
PartWeld=CreateWeld(m,FakeHandle,Part,CFrame.new(0, 0, 0, 1, 0, 0, 0, 1, 0, 0, 0, 1),CFrame.new(-0.00273895264, -3.39130378, -0.397878885, -1, 0, 6.14517233e-019, 0, 1, 0, 6.14517233e-019, 0, -1))
CreateMesh("BlockMesh",Part,"","",Vector3.new(0, 0, 0),Vector3.new(0.850000024, 1, 0.300000012))
Part=CreatePart(m,Enum.Material.SmoothPlastic,0.20000000298023,0,"Dark stone grey","Part",Vector3.new(0.321157038, 2.79978395, 1.07606506))
PartWeld=CreateWeld(m,FakeHandle,Part,CFrame.new(0, 0, 0, 1, 0, 0, 0, 1, 0, 0, 0, 1),CFrame.new(-0.00273895264, -8.18650246, 0.00182104111, -1, 0, 6.14517233e-019, 0, 1, 0, 6.14517233e-019, 0, -1))
CreateMesh("BlockMesh",Part,"","",Vector3.new(0, 0, 0),Vector3.new(1, 1, 1))
Part=CreatePart(m,Enum.Material.SmoothPlastic,0.20000000298023,0,"Really black","Part",Vector3.new(1.14153898, 0.525424957, 0.599999905))
PartWeld=CreateWeld(m,FakeHandle,Part,CFrame.new(0, 0, 0, 1, 0, 0, 0, 1, 0, 0, 0, 1),CFrame.new(3.9249959, 0.00232696533, -0.00124287605, -4.37111076e-008, -1, 0, 1, -4.37111076e-008, -1.89778748e-015, 1.89717296e-015, 0, 1))
CreateMesh("CylinderMesh",Part,"","",Vector3.new(0, 0, 0),Vector3.new(1, 1, 1))
Part=CreatePart(m,Enum.Material.SmoothPlastic,0.20000000298023,0,"Black","Part",Vector3.new(0.539218128, 0.200000048, 0.45149231))
PartWeld=CreateWeld(m,FakeHandle,Part,CFrame.new(0, 0, 0, 1, 0, 0, 0, 1, 0, 0, 0, 1),CFrame.new(0, 1.44315326, 7.15255737e-007, 1, 0, -6.14517233e-019, 0, 1, 0, -6.14517233e-019, 0, 1))
CreateMesh("CylinderMesh",Part,"","",Vector3.new(0, 0, 0),Vector3.new(1, 0.5, 1))
Part=CreatePart(m,Enum.Material.SmoothPlastic,0.20000000298023,0,"Really black","Part",Vector3.new(0.539218128, 0.200000048, 0.45149231))
PartWeld=CreateWeld(m,FakeHandle,Part,CFrame.new(0, 0, 0, 1, 0, 0, 0, 1, 0, 0, 0, 1),CFrame.new(0, 1.55528629, 1.8119812e-005, 1, 0, -6.14517233e-019, 0, 1, 0, -6.14517233e-019, 0, 1))
CreateMesh("CylinderMesh",Part,"","",Vector3.new(0, 0, 0),Vector3.new(1, 0.800000012, 1.29999995))
Part=CreatePart(m,Enum.Material.SmoothPlastic,0.20000000298023,0,"Dark stone grey","Part",Vector3.new(0.319500059, 0.269196659, 3.32025433))
PartWeld=CreateWeld(m,FakeHandle,Part,CFrame.new(0, 0, 0, 1, 0, 0, 0, 1, 0, 0, 0, 1),CFrame.new(0.00346374512, -0.632480621, -3.86458349, 1, 1.33102405e-013, -3.05309271e-008, -3.05309271e-008, 3.93393566e-006, -1, -1.2995769e-014, 1, 3.93393566e-006))
CreateMesh("SpecialMesh",Part,Enum.MeshType.Wedge,"",Vector3.new(0, 0, 0),Vector3.new(1, 1, 1))
FMotor1=CreatePart(m,Enum.Material.SmoothPlastic,0.20000000298023,1,"Really black","FMotor1",Vector3.new(0.259461552, 0.200000003, 0.443275034))
FMotor1Weld=CreateWeld(m,FakeHandle,FMotor1,CFrame.new(0, 0, 0, 1, 0, 0, 0, 1, 0, 0, 0, 1),CFrame.new(-0.00290632248, -1.92925274, 0.854816198, -1, 0, 6.14517233e-019, -2.98155597e-019, 0.709292948, -0.704913855, -1.55854062e-019, -0.704913914, -0.709293008))
RageEye=CreatePart(m,Enum.Material.Neon,0.20000000298023,1,"Really red","RageEye",Vector3.new(0.200000003, 0.712047398, 0.730000019))
RageEyeWeld=CreateWeld(m,FMotor1,RageEye,CFrame.new(0, 0, 0, 1, 0, 0, 0, 1, 0, 0, 0, 1),CFrame.new(0.0102686882, -0.00314235687, -1.3797977, 1, 2.98155597e-019, 1.55854062e-019, -1.15196481e-019, 0.181945503, -0.983308733, 2.33781093e-019, 0.983308554, 0.181945533))
RorHead=CreatePart(m,Enum.Material.SmoothPlastic,0.20000000298023,0,"Really black","RorHead",Vector3.new(0.259461552, 0.600527585, 0.248030141))
RorHeadWeld=CreateWeld(m,FMotor1,RorHead,CFrame.new(0, 0, 0, 1, 0, 0, 0, 1, 0, 0, 0, 1),CFrame.new(0, -1.19556653, -1.46339369, 1, 2.98155597e-019, 1.55854062e-019, -2.71050543e-020, 0.673291862, -0.739376843, 4.29445704e-019, 0.739376783, 0.673291922))
CreateMesh("BlockMesh",RorHead,"","",Vector3.new(0, 0, 0),Vector3.new(1, 1, 1))
RorHead=CreatePart(m,Enum.Material.SmoothPlastic,0.20000000298023,0,"Gold","RorHead",Vector3.new(0.257089764, 0.200000003, 0.436328739))
RorHeadWeld=CreateWeld(m,FMotor1,RorHead,CFrame.new(0, 0, 0, 1, 0, 0, 0, 1, 0, 0, 0, 1),CFrame.new(-0.000122070313, -2.00194764, 0.593103051, 1, 4.42043486e-008, -3.77835327e-008, -4.96908257e-008, 0.987060785, -0.16034624, 3.02066461e-008, 0.16034621, 0.987061024))
CreateMesh("SpecialMesh",RorHead,Enum.MeshType.Wedge,"",Vector3.new(0, 0, 0),Vector3.new(0.800000012, 0.801630259, 1))
RorHead=CreatePart(m,Enum.Material.SmoothPlastic,0.20000000298023,0,"Really black","RorHead",Vector3.new(0.259461552, 0.200000003, 0.200000003))
RorHeadWeld=CreateWeld(m,FMotor1,RorHead,CFrame.new(0, 0, 0, 1, 0, 0, 0, 1, 0, 0, 0, 1),CFrame.new(0, -2.0995965, -0.408043861, 1, 2.98155597e-019, 1.55854062e-019, -8.13151629e-020, 0.972881794, -0.231302798, -1.01643954e-019, 0.231302828, 0.972881913))
CreateMesh("BlockMesh",RorHead,"","",Vector3.new(0, 0, 0),Vector3.new(1, 0.801630259, 0.96440202))
RorHead=CreatePart(m,Enum.Material.SmoothPlastic,0.20000000298023,0,"Really black","RorHead",Vector3.new(0.259461552, 1.10068381, 0.200000003))
RorHeadWeld=CreateWeld(m,FMotor1,RorHead,CFrame.new(0, 0, 0, 1, 0, 0, 0, 1, 0, 0, 0, 1),CFrame.new(0, 0.501687884, 0.0726778507, 1, 2.98155597e-019, 1.55854062e-019, -3.38813179e-020, 0.375714242, -0.92673564, -1.38913403e-019, 0.92673564, 0.375714242))
CreateMesh("BlockMesh",RorHead,"","",Vector3.new(0, 0, 0),Vector3.new(1, 1, 0.96440202))
RorHead=CreatePart(m,Enum.Material.SmoothPlastic,0.20000000298023,0,"Gold","RorHead",Vector3.new(0.257089764, 0.200000003, 0.325938702))
RorHeadWeld=CreateWeld(m,FMotor1,RorHead,CFrame.new(0, 0, 0, 1, 0, 0, 0, 1, 0, 0, 0, 1),CFrame.new(-0.000122070313, -0.821221769, -0.253873348, 1, 4.42043486e-008, -3.77835327e-008, -5.77089665e-008, 0.834391594, -0.551172316, 7.1620474e-009, 0.551172256, 0.834391654))
CreateMesh("SpecialMesh",RorHead,Enum.MeshType.Wedge,"",Vector3.new(0, 0, 0),Vector3.new(0.800000012, 0.801630259, 1))
RorHead=CreatePart(m,Enum.Material.SmoothPlastic,0.20000000298023,0,"Really black","RorHead",Vector3.new(0.259461552, 0.373064131, 0.200000003))
RorHeadWeld=CreateWeld(m,FMotor1,RorHead,CFrame.new(0, 0, 0, 1, 0, 0, 0, 1, 0, 0, 0, 1),CFrame.new(0, -0.411952317, -1.03767943, 1, 2.98155597e-019, 1.55854062e-019, -1.35525272e-019, 0.416366398, -0.909196973, -7.14895807e-019, 0.909196913, 0.416366428))
CreateMesh("BlockMesh",RorHead,"","",Vector3.new(0, 0, 0),Vector3.new(1, 1, 0.801630259))
RorHead=CreatePart(m,Enum.Material.SmoothPlastic,0.20000000298023,0,"Really black","RorHead",Vector3.new(0.259461552, 0.952061534, 0.294725686))
RorHeadWeld=CreateWeld(m,FMotor1,RorHead,CFrame.new(0, 0, 0, 1, 0, 0, 0, 1, 0, 0, 0, 1),CFrame.new(0, -0.778366327, -1.2443099, 1, 2.98155597e-019, 1.55854062e-019, 4.7433845e-020, 0.889373899, -0.4571805, 2.21075599e-018, 0.4571805, 0.889374018))
CreateMesh("BlockMesh",RorHead,"","",Vector3.new(0, 0, 0),Vector3.new(1, 1, 1))
RorHead=CreatePart(m,Enum.Material.SmoothPlastic,0.20000000298023,0,"Really black","RorHead",Vector3.new(0.259461552, 1.17646503, 1.15327501))
RorHeadWeld=CreateWeld(m,FMotor1,RorHead,CFrame.new(0, 0, 0, 1, 0, 0, 0, 1, 0, 0, 0, 1),CFrame.new(0, -0.488228083, -0.354995251, 1, 2.98155597e-019, 1.55854062e-019, 2.98155597e-019, 1, -2.98023224e-008, 1.55854062e-019, -2.98023224e-008, 1.00000012))
CreateMesh("BlockMesh",RorHead,"","",Vector3.new(0, 0, 0),Vector3.new(1, 1, 1))
RorHead=CreatePart(m,Enum.Material.SmoothPlastic,0.20000000298023,0,"Gold","RorHead",Vector3.new(0.257089764, 0.200000003, 0.325938702))
RorHeadWeld=CreateWeld(m,FMotor1,RorHead,CFrame.new(0, 0, 0, 1, 0, 0, 0, 1, 0, 0, 0, 1),CFrame.new(-0.000122070313, -1.33763683, -0.670316458, 1, 4.42043486e-008, -3.77835327e-008, -5.79921071e-008, 0.709965825, -0.704236209, -4.30528502e-009, 0.704236209, 0.709965944))
CreateMesh("SpecialMesh",RorHead,Enum.MeshType.Wedge,"",Vector3.new(0, 0, 0),Vector3.new(0.800000012, 0.801630259, 1))
RorHead=CreatePart(m,Enum.Material.SmoothPlastic,0.20000000298023,0,"Black","RorHead",Vector3.new(0.257089764, 0.569196641, 1.00732076))
RorHeadWeld=CreateWeld(m,FMotor1,RorHead,CFrame.new(0, 0, 0, 1, 0, 0, 0, 1, 0, 0, 0, 1),CFrame.new(0.00270795822, -1.17435026, 1.52401686, -1, 2.65063633e-008, -1.36255363e-008, 2.94447595e-008, 0.949382961, -0.314121157, 4.60964378e-009, -0.314121097, -0.94938302))
CreateMesh("SpecialMesh",RorHead,Enum.MeshType.Wedge,"",Vector3.new(0, 0, 0),Vector3.new(0.5, 1, 1))
RorHead=CreatePart(m,Enum.Material.SmoothPlastic,0.20000000298023,0,"Gold","RorHead",Vector3.new(0.257089764, 0.200000003, 0.325938702))
RorHeadWeld=CreateWeld(m,FMotor1,RorHead,CFrame.new(0, 0, 0, 1, 0, 0, 0, 1, 0, 0, 0, 1),CFrame.new(-0.000122070313, -1.02115369, -0.608006716, 1, 4.42043486e-008, -3.77835327e-008, -5.78631045e-008, 0.69173193, -0.722154438, -5.78628878e-009, 0.722154379, 0.691731989))
