-- params : ...

wait(0.016666666666667)
local Player = game.Players.localPlayer
local Character = Player.Character
script.Name = "GG"
local Player = game.Players.LocalPlayer
local Character = Player.Character
	local Effects = {}
	local Humanoid = Character.Humanoid
	local mouse = Player:GetMouse()
	local m = Instance.new("Model", Character)
	m.Name = "WeaponModel"
	local can = Instance.new("Model", Character)
	can.Name = "WeaponModel2"
	local g = Instance.new("Model", Character)
	local ge = Instance.new("Model", Character)
	local LeftArm = Character["Left Arm"]
	local RightArm = Character["Right Arm"]
	local LeftLeg = Character["Left Leg"]
	local RightLeg = Character["Right Leg"]
	local Head = Character.Head
	local Torso = Character.Torso
	local cam = game.Workspace.CurrentCamera
	local RootPart = Character.HumanoidRootPart
	local RootJoint = RootPart.RootJoint
	local equipped = false
	local attack = false
	local Anim = "Idle"
	local idle = 0
	local attacktype = 1
	local Torsovelocity = (RootPart.Velocity * Vector3.new(1, 0, 1)).magnitude
	local velocity = RootPart.Velocity.y
	local sine = 0
	local change = 1
	local grabbed = false
	local cn = CFrame.new
	local mr = math.rad
	local angles = CFrame.Angles
	local ud = UDim2.new
	local c3 = Color3.new
	local minigun = false
	local railcannon = false
	Humanoid.Animator.Parent = nil
	Character.Animate.Parent = nil
	local omega = false
	local newMotor = function(part0, part1, c0, c1)
	
	local w = Instance.new("Motor", part0)
	w.Part0 = part0
	w.Part1 = part1
	w.C0 = c0
	w.C1 = c1
	return w
end

	clerp = function(a, b, t)
	
	return a:lerp(b, t)
end

	RootCF = CFrame.fromEulerAnglesXYZ(-1.57, 0, 3.14)
	NeckCF = CFrame.new(0, 1, 0, -1, 0, 0, 0, 0, 1, 0, 1, 0)
	local RW = newMotor(Torso, RightArm, CFrame.new(1.5, 0, 0), CFrame.new(0, 0, 0))
	local LW = newMotor(Torso, LeftArm, CFrame.new(-1.5, 0, 0), CFrame.new(0, 0, 0))
	local RH = newMotor(Torso, RightLeg, CFrame.new(0.5, -2, 0), CFrame.new(0, 0, 0))
	local LH = newMotor(Torso, LeftLeg, CFrame.new(-0.5, -2, 0), CFrame.new(0, 0, 0))
	RootJoint.C1 = CFrame.new(0, 0, 0)
	RootJoint.C0 = CFrame.new(0, 0, 0)
	Torso.Neck.C1 = CFrame.new(0, 0, 0)
	Torso.Neck.C0 = CFrame.new(0, 1.5, 0)
	local rarmc1 = RW.C1
	local larmc1 = LW.C1
	local rlegc1 = RH.C1
	local llegc1 = LH.C1
	local resetc1 = false
	PlayAnimationFromTable = function(table, speed, bool)	
	RootJoint.C0 = clerp(RootJoint.C0, table[1], speed)
	Torso.Neck.C0 = clerp(Torso.Neck.C0, table[2], speed)
	RW.C0 = clerp(RW.C0, table[3], speed)
	LW.C0 = clerp(LW.C0, table[4], speed)
	RH.C0 = clerp(RH.C0, table[5], speed)
	LH.C0 = clerp(LH.C0, table[6], speed)
	if bool == true and resetc1 == false then
		resetc1 = true
		RootJoint.C1 = RootJoint.C1
		Torso.Neck.C1 = Torso.Neck.C1
		RW.C1 = rarmc1
		LW.C1 = larmc1
		RH.C1 = rlegc1
		LH.C1 = llegc1
	end
end

	ArtificialHB = Instance.new("BindableEvent", Player.PlayerGui)
	ArtificialHB.Name = "Heartbeat"
	Player.PlayerGui:WaitForChild("Heartbeat")
	frame = 0.033333333333333
	tf = 0
	allowframeloss = false
	tossremainder = false
	lastframe = tick()
	Player.PlayerGui.Heartbeat:Fire()
	local gg = false
	game:GetService("RunService").Heartbeat:connect(function(s, p)
	
	if Player.PlayerGui:FindFirstChild("Heartbeat") == nil then
		gg = true
	end
	if gg == true then
		return 
	end
	tf = tf + s
	if frame <= tf then
		if allowframeloss then
			Player.PlayerGui.Heartbeat:Fire()
			lastframe = tick()
		else
			for i = 1, math.floor(tf / frame) do
				Player.PlayerGui.Heartbeat:Fire()
			end
			lastframe = tick()
		end
		if tossremainder then
			tf = 0
		else
			tf = tf - frame * math.floor(tf / frame)
		end
	end
end
)
	swait = function(num)
	
	if num == 0 or num == nil then
		ArtificialHB.Event:wait()
	else
		for i = 0, num do
			ArtificialHB.Event:wait()
		end
	end
end

	local RbxUtility = LoadLibrary("RbxUtility")
	local Create = RbxUtility.Create
	RemoveOutlines = function(part)
	
	part.TopSurface = 10
end

	local co1 = 5
	local co2 = 15
	local co3 = 15
	local co4 = 15
	local cooldown1 = 0
	local cooldown2 = 0
	local cooldown3 = 0
	local cooldown4 = 0
	local co5 = 12
	local co6 = 18
	local co7 = 20
	local co8 = 30
	local cooldown5 = 0
	local cooldown6 = 0
	local cooldown7 = 0
	local cooldown8 = 0
	local skillcolorscheme = BrickColor.new("Bright red").Color
	local scrn = Instance.new("ScreenGui", Player.PlayerGui)
	makeframe = function(par, trans, pos, size, color)
	
	local frame = Instance.new("Frame", par)
	frame.BackgroundTransparency = trans
	frame.BorderSizePixel = 0
	frame.Position = pos
	frame.Size = size
	frame.BackgroundColor3 = color
	return frame
end

	makelabel = function(par, text)
	
	local label = Instance.new("TextLabel", par)
	label.BackgroundTransparency = 1
	label.Size = UDim2.new(1, 0, 1, 0)
	label.Position = UDim2.new(0, 0, 0, 0)
	label.TextColor3 = Color3.new(255, 255, 255)
	label.TextStrokeTransparency = 0
	label.FontSize = Enum.FontSize.Size32
	label.Font = Enum.Font.SourceSansLight
	label.BorderSizePixel = 0
	label.TextScaled = true
	label.Text = text
end

	framesk1 = makeframe(scrn, 0.5, UDim2.new(0.8, 0, 0.85, 0), UDim2.new(0.16, 0, 0.1, 0), skillcolorscheme)
	framesk2 = makeframe(scrn, 0.5, UDim2.new(0.8, 0, 0.74, 0), UDim2.new(0.16, 0, 0.1, 0), skillcolorscheme)
	framesk3 = makeframe(scrn, 0.5, UDim2.new(0.8, 0, 0.63, 0), UDim2.new(0.16, 0, 0.1, 0), skillcolorscheme)
	framesk4 = makeframe(scrn, 0.5, UDim2.new(0.8, 0, 0.52, 0), UDim2.new(0.16, 0, 0.1, 0), skillcolorscheme)
	bar1 = makeframe(framesk1, 0, UDim2.new(0, 0, 0, 0), UDim2.new(1, 0, 1, 0), skillcolorscheme)
	bar2 = makeframe(framesk2, 0, UDim2.new(0, 0, 0, 0), UDim2.new(1, 0, 1, 0), skillcolorscheme)
	bar3 = makeframe(framesk3, 0, UDim2.new(0, 0, 0, 0), UDim2.new(1, 0, 1, 0), skillcolorscheme)
	bar4 = makeframe(framesk4, 0, UDim2.new(0, 0, 0, 0), UDim2.new(1, 0, 1, 0), skillcolorscheme)
	text1 = Instance.new("TextLabel", framesk1)
	text1.BackgroundTransparency = 1
	text1.Size = UDim2.new(1, 0, 1, 0)
	text1.Position = UDim2.new(0, 0, 0, 0)
	text1.TextColor3 = Color3.new(255, 255, 255)
	text1.TextStrokeTransparency = 0
	text1.FontSize = Enum.FontSize.Size18
	text1.Font = Enum.Font.SourceSansLight
	text1.BorderSizePixel = 0
	text1.TextScaled = true
	text1.Text = "[Z]\n Charger"
	text2 = Instance.new("TextLabel", framesk2)
	text2.BackgroundTransparency = 1
	text2.Size = UDim2.new(1, 0, 1, 0)
	text2.Position = UDim2.new(0, 0, 0, 0)
	text2.TextColor3 = Color3.new(255, 255, 255)
	text2.TextStrokeTransparency = 0
	text2.FontSize = Enum.FontSize.Size18
	text2.Font = Enum.Font.SourceSansLight
	text2.BorderSizePixel = 0
	text2.TextScaled = true
	text2.Text = "[X]\n Equip DDJ Multishot"
	text3 = Instance.new("TextLabel", framesk3)
	text3.BackgroundTransparency = 1
	text3.Size = UDim2.new(1, 0, 1, 0)
	text3.Position = UDim2.new(0, 0, 0, 0)
	text3.TextColor3 = Color3.new(255, 255, 255)
	text3.TextStrokeTransparency = 0
	text3.FontSize = Enum.FontSize.Size18
	text3.Font = Enum.Font.SourceSansLight
	text3.BorderSizePixel = 0
	text3.TextScaled = false
	text3.Text = "[C]\n Equip QRR-3 Railcannon"
	text4 = Instance.new("TextLabel", framesk4)
	text4.BackgroundTransparency = 1
	text4.Size = UDim2.new(1, 0, 1, 0)
	text4.Position = UDim2.new(0, 0, 0, 0)
	text4.TextColor3 = Color3.new(255, 255, 255)
	text4.TextStrokeTransparency = 0
	text4.FontSize = Enum.FontSize.Size18
	text4.Font = Enum.Font.SourceSansLight
	text4.BorderSizePixel = 0
	text4.TextScaled = true
	text4.Text = "[V]\n Equip RRE3 Blackout"
	CreatePart = function(Parent, Material, Reflectance, Transparency, BColor, Name, Size)
	
	local Part = Create("Part")({Parent = Parent, Reflectance = Reflectance, Transparency = Transparency, CanCollide = false, Locked = true, BrickColor = BrickColor.new(tostring(BColor)), Name = Name, Size = Size, Material = Material})
	RemoveOutlines(Part)
	return Part
end

	CreateMesh = function(Mesh, Part, MeshType, MeshId, OffSet, Scale)
	
	local Msh = Create(Mesh)({Parent = Part, Offset = OffSet, Scale = Scale})
	if Mesh == "SpecialMesh" then
		Msh.MeshType = MeshType
		Msh.MeshId = MeshId
	end
	return Msh
end

	CreateWeld = function(Parent, Part0, Part1, C0, C1)
	
	local Weld = Create("Weld")({Parent = Parent, Part0 = Part0, Part1 = Part1, C0 = C0, C1 = C1})
	return Weld
end

	CFuncs = {
Part = {Create = function(Parent, Material, Reflectance, Transparency, BColor, Name, Size)
	
	local Part = Create("Part")({Parent = Parent, Reflectance = Reflectance, Transparency = Transparency, CanCollide = false, Locked = true, BrickColor = BrickColor.new(tostring(BColor)), Name = Name, Size = Size, Material = Material})
	RemoveOutlines(Part)
	return Part
end
}
, 
Mesh = {Create = function(Mesh, Part, MeshType, MeshId, OffSet, Scale)
	
	local Msh = Create(Mesh)({Parent = Part, Offset = OffSet, Scale = Scale})
	if Mesh == "SpecialMesh" then
		Msh.MeshType = MeshType
		Msh.MeshId = MeshId
	end
	return Msh
end
}
, 
Mesh = {Create = function(Mesh, Part, MeshType, MeshId, OffSet, Scale)
	
	local Msh = Create(Mesh)({Parent = Part, Offset = OffSet, Scale = Scale})
	if Mesh == "SpecialMesh" then
		Msh.MeshType = MeshType
		Msh.MeshId = MeshId
	end
	return Msh
end
}
, 
Weld = {Create = function(Parent, Part0, Part1, C0, C1)
	
	local Weld = Create("Weld")({Parent = Parent, Part0 = Part0, Part1 = Part1, C0 = C0, C1 = C1})
	return Weld
end
}
, 
Sound = {Create = function(id, par, vol, pit)
	
	coroutine.resume(coroutine.create(function()
		
		local S = Create("Sound")({Volume = vol, Pitch = pit or 1, SoundId = id, Parent = par or workspace})
		wait()
		S:play()
		game:GetService("Debris"):AddItem(S, 6)
	end
))
end
}
, 
ParticleEmitter = {Create = function(Parent, Color1, Color2, LightEmission, Size, Texture, Transparency, ZOffset, Accel, Drag, LockedToPart, VelocityInheritance, EmissionDirection, Enabled, LifeTime, Rate, Rotation, RotSpeed, Speed, VelocitySpread)
	
	local fp = Create("ParticleEmitter")({Parent = Parent, Color = ColorSequence.new(Color1, Color2), LightEmission = LightEmission, Size = Size, Texture = Texture, Transparency = Transparency, ZOffset = ZOffset, Acceleration = Accel, Drag = Drag, LockedToPart = LockedToPart, VelocityInheritance = VelocityInheritance, EmissionDirection = EmissionDirection, Enabled = Enabled, Lifetime = LifeTime, Rate = Rate, Rotation = Rotation, RotSpeed = RotSpeed, Speed = Speed, VelocitySpread = VelocitySpread})
	return fp
end
}
}
	Handle = CreatePart(m, Enum.Material.Plastic, 0, 0, "Black", "Handle", Vector3.new(1.01000023, 1.36000001, 1.02999997))
	HandleWeld = CreateWeld(m, Character["Left Arm"], Handle, CFrame.new(0, 0, 0, 1, 0, 0, 0, 1, 0, 0, 0, 1), CFrame.new(5.7220459e-06, 0.33297348, 0.00253295898, 0, 0, -1, 0, 0.999999881, 0, 1, 0, 0))
	Part = CreatePart(m, Enum.Material.Neon, 0, 0, "Maroon", "Part", Vector3.new(1.09000027, 0.320000052, 0.959999979))
	PartWeld = CreateWeld(m, Handle, Part, CFrame.new(0, 0, 0, 1, 0, 0, 0, 1, 0, 0, 0, 1), CFrame.new(0, -0.0750000477, -0.0100097656, 1, 0, 0, 0, 1, 0, 0, 0, 1))
	Part = CreatePart(m, Enum.Material.Plastic, 0, 0, "Black", "Part", Vector3.new(1.24000025, 0.200000003, 0.200000003))
	PartWeld = CreateWeld(m, Handle, Part, CFrame.new(0, 0, 0, 1, 0, 0, 0, 1, 0, 0, 0, 1), CFrame.new(0, -0.579999924, 0.5050354, 1, 0, 0, 0, 1, 0, 0, 0, 1))
	Part = CreatePart(m, Enum.Material.Plastic, 0, 0, "Black", "Part", Vector3.new(0.410000205, 1.5, 0.200000003))
	PartWeld = CreateWeld(m, Handle, Part, CFrame.new(0, 0, 0, 1, 0, 0, 0, 1, 0, 0, 0, 1), CFrame.new(0.0378875732, 0.0699999332, 0.743743896, 0.529920995, 0, -0.848047018, 0, 1, 0, 0.848047018, 0, 0.529920995))
	Part = CreatePart(m, Enum.Material.Plastic, 0, 0, "Black", "Part", Vector3.new(0.410000205, 1.5, 0.200000003))
	PartWeld = CreateWeld(m, Handle, Part, CFrame.new(0, 0, 0, 1, 0, 0, 0, 1, 0, 0, 0, 1), CFrame.new(0.0110931396, 0.0699999332, -0.743213654, -0.499998987, 0, -0.866025984, 0, 1, 0, 0.866025984, 0, -0.499998987))
	Part = CreatePart(m, Enum.Material.Plastic, 0, 0, "Black", "Part", Vector3.new(1.24000025, 0.200000003, 0.200000003))
	PartWeld = CreateWeld(m, Handle, Part, CFrame.new(0, 0, 0, 1, 0, 0, 0, 1, 0, 0, 0, 1), CFrame.new(0, 0.699999809, 0.5050354, 1, 0, 0, 0, 1, 0, 0, 0, 1))
	Part = CreatePart(m, Enum.Material.Neon, 0, 0, "Maroon", "Part", Vector3.new(0.590000272, 0.320000052, 0.519999981))
	PartWeld = CreateWeld(m, Handle, Part, CFrame.new(0, 0, 0, 1, 0, 0, 0, 1, 0, 0, 0, 1), CFrame.new(0, 0.55499959, -0.0950164795, 1, 0, 0, 0, 1, 0, 0, 0, 1))
	Part = CreatePart(m, Enum.Material.Neon, 0, 0, "Bright red", "Part", Vector3.new(1.24000025, 1.13000011, 0.200000003))
	PartWeld = CreateWeld(m, Handle, Part, CFrame.new(0, 0, 0, 1, 0, 0, 0, 1, 0, 0, 0, 1), CFrame.new(0, 0.0550000668, 0.465042114, 1, 0, 0, 0, 1, 0, 0, 0, 1))
	Handle2 = CreatePart(m, Enum.Material.Plastic, 0, 0, "Black", "Handle2", Vector3.new(1.01000023, 1.36000001, 1.02999997))
	Handle2Weld = CreateWeld(m, Character["Right Arm"], Handle2, CFrame.new(0, 0, 0, 1, 0, 0, 0, 1, 0, 0, 0, 1), CFrame.new(0.00157546997, 0.332973957, 0.00706481934, 0, 0, 1, 0, 0.999999881, 0, -1, 0, 0))
	Part = CreatePart(m, Enum.Material.Plastic, 0, 0, "Black", "Part", Vector3.new(1.24000025, 0.200000003, 0.200000003))
	PartWeld = CreateWeld(m, Handle2, Part, CFrame.new(0, 0, 0, 1, 0, 0, 0, 1, 0, 0, 0, 1), CFrame.new(0, -0.579999924, 0.5050354, 1, 0, 0, 0, 1, 0, 0, 0, 1))
	Part = CreatePart(m, Enum.Material.Plastic, 0, 0, "Black", "Part", Vector3.new(1.24000025, 0.200000003, 0.200000003))
	PartWeld = CreateWeld(m, Handle2, Part, CFrame.new(0, 0, 0, 1, 0, 0, 0, 1, 0, 0, 0, 1), CFrame.new(0, 0.699998975, 0.5050354, 1, 0, 0, 0, 1, 0, 0, 0, 1))
	Part = CreatePart(m, Enum.Material.Plastic, 0, 0, "Black", "Part", Vector3.new(0.410000205, 1.5, 0.200000003))
	PartWeld = CreateWeld(m, Handle2, Part, CFrame.new(0, 0, 0, 1, 0, 0, 0, 1, 0, 0, 0, 1), CFrame.new(0.037902832, 0.0699999332, 0.743736267, 0.529920995, 0, -0.848047018, 0, 1, 0, 0.848047018, 0, 0.529920995))
	Part = CreatePart(m, Enum.Material.Neon, 0, 0, "Maroon", "Part", Vector3.new(0.590000272, 0.320000052, 0.519999981))
	PartWeld = CreateWeld(m, Handle2, Part, CFrame.new(0, 0, 0, 1, 0, 0, 0, 1, 0, 0, 0, 1), CFrame.new(0, 0.554999113, -0.0950164795, 1, 0, 0, 0, 1, 0, 0, 0, 1))
	Part = CreatePart(m, Enum.Material.Neon, 0, 0, "Bright red", "Part", Vector3.new(1.24000025, 1.13000011, 0.200000003))
	PartWeld = CreateWeld(m, Handle2, Part, CFrame.new(0, 0, 0, 1, 0, 0, 0, 1, 0, 0, 0, 1), CFrame.new(0, 0.0550000668, 0.465042114, 1, 0, 0, 0, 1, 0, 0, 0, 1))
	Part = CreatePart(m, Enum.Material.Neon, 0, 0, "Maroon", "Part", Vector3.new(1.09000027, 0.320000052, 0.959999979))
	PartWeld = CreateWeld(m, Handle2, Part, CFrame.new(0, 0, 0, 1, 0, 0, 0, 1, 0, 0, 0, 1), CFrame.new(0, -0.0750000477, -0.0100097656, 1, 0, 0, 0, 1, 0, 0, 0, 1))
	Part = CreatePart(m, Enum.Material.Plastic, 0, 0, "Black", "Part", Vector3.new(0.410000205, 1.5, 0.200000003))
	PartWeld = CreateWeld(m, Handle2, Part, CFrame.new(0, 0, 0, 1, 0, 0, 0, 1, 0, 0, 0, 1), CFrame.new(0.0110931396, 0.0699999332, -0.743202209, -0.499998987, 0, -0.866025984, 0, 1, 0, 0.866025984, 0, -0.499998987))
	Misc = CreatePart(m, Enum.Material.Plastic, 0, 0, "Black", "Misc", Vector3.new(1.08000004, 2.74999976, 1.13999987))
	MiscWeld = CreateWeld(m, Character.Torso, Misc, CFrame.new(0, 0, 0, 1, 0, 0, 0, 1, 0, 0, 0, 1), CFrame.new(-0.318688393, 0.211323738, 0.0388641357, 0.00561500341, 0.999839604, 0.0170100089, -0.0775420293, 0.0173944011, -0.996837378, -0.996973336, 0.0042782547, 0.0776272565))
	CreateMesh("CylinderMesh", Misc, "", "", Vector3.new(0, 0, 0), Vector3.new(1, 1, 1))
	Part = CreatePart(m, Enum.Material.Plastic, 0, 0, "Black", "Part", Vector3.new(0.779999971, 1.21000004, 0.200000003))
	PartWeld = CreateWeld(m, Misc, Part, CFrame.new(0, 0, 0, 1, 0, 0, 0, 1, 0, 0, 0, 1), CFrame.new(-2.84437561, 0.305374146, 1.68695641, 0.554451048, 0.0740119815, 0.828918874, 0.832042634, -0.0289405994, -0.553956509, -0.0170100089, 0.996837378, -0.0776272565))
	Part = CreatePart(m, Enum.Material.Plastic, 0, 0, "Black", "Part", Vector3.new(0.589999974, 1.21000004, 0.200000003))
	PartWeld = CreateWeld(m, Misc, Part, CFrame.new(0, 0, 0, 1, 0, 0, 0, 1, 0, 0, 0, 1), CFrame.new(-3.20437622, 0.42061615, 1.80695152, 0.690509677, 0.0678621382, 0.720132947, 0.723123312, -0.0413529053, -0.689480186, -0.0170100089, 0.996837378, -0.0776272565))
	Part = CreatePart(m, Enum.Material.Plastic, 0, 0, "Black", "Part", Vector3.new(0.859999955, 1.21000004, 0.200000003))
	PartWeld = CreateWeld(m, Misc, Part, CFrame.new(0, 0, 0, 1, 0, 0, 0, 1, 0, 0, 0, 1), CFrame.new(-2.80438232, 0.305374146, -0.203042984, 0.554451048, 0.0740119815, 0.828918874, 0.832042634, -0.0289405994, -0.553956509, -0.0170100089, 0.996837378, -0.0776272565))
	Part = CreatePart(m, Enum.Material.Plastic, 0, 0, "Black", "Part", Vector3.new(0.200000003, 1.21000004, 2.32999992))
	PartWeld = CreateWeld(m, Misc, Part, CFrame.new(0, 0, 0, 1, 0, 0, 0, 1, 0, 0, 0, 1), CFrame.new(-3.39937592, 0.42061615, 0.741949081, 0.690509677, 0.0678621382, 0.720132947, 0.723123312, -0.0413529053, -0.689480186, -0.0170100089, 0.996837378, -0.0776272565))
	Part = CreatePart(m, Enum.Material.Plastic, 0, 0, "Black", "Part", Vector3.new(2.90999985, 1.21000004, 0.879999876))
	PartWeld = CreateWeld(m, Misc, Part, CFrame.new(0, 0, 0, 1, 0, 0, 0, 1, 0, 0, 0, 1), CFrame.new(-1.56022644, 0.36340332, 0.746948242, 0.554451048, 0.0740119815, 0.828918874, 0.832042634, -0.0289405994, -0.553956509, -0.0170100089, 0.996837378, -0.0776272565))
	Part = CreatePart(m, Enum.Material.Plastic, 0, 0, "Black", "Part", Vector3.new(0.859999955, 1.21000004, 0.200000003))
	PartWeld = CreateWeld(m, Misc, Part, CFrame.new(0, 0, 0, 1, 0, 0, 0, 1, 0, 0, 0, 1), CFrame.new(-2.79576111, 0.299560547, -1.68694878, 0.563761175, -0.0545582324, -0.824134052, 0.825762749, 0.0577817485, 0.561050117, 0.0170100089, -0.996837378, 0.0776272565))
	Part = CreatePart(m, Enum.Material.Plastic, 0, 0, "Black", "Part", Vector3.new(0.779999971, 1.21000004, 0.200000003))
	PartWeld = CreateWeld(m, Misc, Part, CFrame.new(0, 0, 0, 1, 0, 0, 0, 1, 0, 0, 0, 1), CFrame.new(-2.83575439, 0.299560547, 0.203050613, 0.563761175, -0.0545582324, -0.824134052, 0.825762749, 0.0577817485, 0.561050117, 0.0170100089, -0.996837378, 0.0776272565))
	Part = CreatePart(m, Enum.Material.Plastic, 0, 0, "Black", "Part", Vector3.new(0.589999974, 1.21000004, 0.200000003))
	PartWeld = CreateWeld(m, Misc, Part, CFrame.new(0, 0, 0, 1, 0, 0, 0, 1, 0, 0, 0, 1), CFrame.new(-3.19690704, 0.413391113, -1.80695724, 0.698587894, -0.0436957441, -0.714189053, 0.715322256, 0.0663778186, 0.6956352, 0.0170100089, -0.996837378, 0.0776272565))
	Part = CreatePart(m, Enum.Material.Plastic, 0, 0, "Black", "Part", Vector3.new(2.89999986, 1.21000004, 0.879999995))
	PartWeld = CreateWeld(m, Misc, Part, CFrame.new(0, 0, 0, 1, 0, 0, 0, 1, 0, 0, 0, 1), CFrame.new(-1.57575989, 0.299560547, -0.741949081, 0.563761175, -0.0545582324, -0.824134052, 0.825762749, 0.0577817485, 0.561050117, 0.0170100089, -0.996837378, 0.0776272565))
	Part = CreatePart(m, Enum.Material.Plastic, 0, 0, "Black", "Part", Vector3.new(0.589999974, 1.21000004, 0.200000003))
	PartWeld = CreateWeld(m, Misc, Part, CFrame.new(0, 0, 0, 1, 0, 0, 0, 1, 0, 0, 0, 1), CFrame.new(-3.20437622, 0.42061615, -0.32305336, 0.690509677, 0.0678621382, 0.720132947, 0.723123312, -0.0413529053, -0.689480186, -0.0170100089, 0.996837378, -0.0776272565))
	Part = CreatePart(m, Enum.Material.Plastic, 0, 0, "Black", "Part", Vector3.new(0.589999974, 1.21000004, 0.200000003))
	PartWeld = CreateWeld(m, Misc, Part, CFrame.new(0, 0, 0, 1, 0, 0, 0, 1, 0, 0, 0, 1), CFrame.new(-3.19690704, 0.413391113, 0.323051453, 0.698587894, -0.0436957441, -0.714189053, 0.715322256, 0.0663778186, 0.6956352, 0.0170100089, -0.996837378, 0.0776272565))
	Part = CreatePart(m, Enum.Material.Plastic, 0, 0, "Black", "Part", Vector3.new(0.799999952, 0.71999979, 1.75999999))
	PartWeld = CreateWeld(m, Misc, Part, CFrame.new(0, 0, 0, 1, 0, 0, 0, 1, 0, 0, 0, 1), CFrame.new(-0.413290024, 2.14399338, 0.378707886, 0.927011371, 0.354349732, 0.122825913, -0.37498194, 0.870347321, 0.319193125, 0.00620479928, -0.341953099, 0.93969661))
	CreateMesh("CylinderMesh", Part, "", "", Vector3.new(0, 0, 0), Vector3.new(1, 1, 1))
	Part = CreatePart(m, Enum.Material.SmoothPlastic, 0, 0, "Black", "Part", Vector3.new(0.940000057, 0.210000008, 0.889999866))
	PartWeld = CreateWeld(m, Misc, Part, CFrame.new(0, 0, 0, 1, 0, 0, 0, 1, 0, 0, 0, 1), CFrame.new(0, -1.29999924, 0, 1, 1.45519152e-10, 0, 1.45519152e-10, 1.00000012, 0, 0, 0, 1.00000012))
	CreateMesh("CylinderMesh", Part, "", "", Vector3.new(0, 0, 0), Vector3.new(1, 1, 1))
	Part = CreatePart(m, Enum.Material.Plastic, 0, 0, "Black", "Part", Vector3.new(0.910000086, 2.90999985, 0.869999886))
	PartWeld = CreateWeld(m, Misc, Part, CFrame.new(0, 0, 0, 1, 0, 0, 0, 1, 0, 0, 0, 1), CFrame.new(-0.380825043, -0.954467773, -0.803100586, 0.839223146, 0.434805185, 0.326571941, 0.543739617, -0.663012385, -0.514550328, -0.00720792357, 0.609392464, -0.79283601))
	CreateMesh("CylinderMesh", Part, "", "", Vector3.new(0, 0, 0), Vector3.new(1, 1, 1))
	Part = CreatePart(m, Enum.Material.Plastic, 0, 0, "Black", "Part", Vector3.new(2.7900002, 1.21000004, 0.779999971))
	PartWeld = CreateWeld(m, Misc, Part, CFrame.new(0, 0, 0, 1, 0, 0, 0, 1, 0, 0, 0, 1), CFrame.new(0.0898132324, -0.600757599, -0.691949844, -0.0292818137, -0.0781018436, -0.996515393, 0.999426603, 0.014677668, -0.0305177197, 0.0170100089, -0.996837378, 0.0776272565))
	Part = CreatePart(m, Enum.Material.Plastic, 0, 0, "Really black", "Part", Vector3.new(0.589999914, 0.529999852, 0.609999895))
	PartWeld = CreateWeld(m, Misc, Part, CFrame.new(0, 0, 0, 1, 0, 0, 0, 1, 0, 0, 0, 1), CFrame.new(-0.413282394, -2.26901627, -0.378753662, 0.927011371, 0.354349732, 0.122825913, 0.37498194, -0.870347321, -0.319193125, -0.00620479928, 0.341953099, -0.93969661))
	CreateMesh("CylinderMesh", Part, "", "", Vector3.new(0, 0, 0), Vector3.new(1, 1, 1))
	Part = CreatePart(m, Enum.Material.Plastic, 0, 0, "Black", "Part", Vector3.new(0.200000003, 1.21000004, 2.08999991))
	PartWeld = CreateWeld(m, Misc, Part, CFrame.new(0, 0, 0, 1, 0, 0, 0, 1, 0, 0, 0, 1), CFrame.new(-3.13438416, 0.305381775, 0.741949081, 0.554451048, 0.0740119815, 0.828918874, 0.832042634, -0.0289405994, -0.553956509, -0.0170100089, 0.996837378, -0.0776272565))
	Part = CreatePart(m, Enum.Material.Neon, 0, 0, "Really red", "Part", Vector3.new(0.940000057, 0.200000003, 1.13999987))
	PartWeld = CreateWeld(m, Misc, Part, CFrame.new(0, 0, 0, 1, 0, 0, 0, 1, 0, 0, 0, 1), CFrame.new(0, -1.29499912, 0, 1, 1.45519152e-10, 0, 1.45519152e-10, 1.00000012, 0, 0, 0, 1.00000012))
	CreateMesh("CylinderMesh", Part, "", "", Vector3.new(0, 0, 0), Vector3.new(1, 1, 1))
	Part = CreatePart(m, Enum.Material.Plastic, 0, 0, "Smoky grey", "Part", Vector3.new(0.759999812, 0.709999859, 1.70999992))
	PartWeld = CreateWeld(m, Misc, Part, CFrame.new(0, 0, 0, 1, 0, 0, 0, 1, 0, 0, 0, 1), CFrame.new(-0.47265625, 2.13467407, -0.390716553, 0.928664148, 0.330795914, -0.167801037, -0.370842725, 0.818673849, -0.438462138, -0.00766716897, 0.46941179, 0.882946134))
	CreateMesh("CylinderMesh", Part, "", "", Vector3.new(0, 0, 0), Vector3.new(1, 1, 1))
	Part = CreatePart(m, Enum.Material.Plastic, 0, 0, "Black", "Part", Vector3.new(1.79999995, 0.71999979, 1.8499999))
	PartWeld = CreateWeld(m, Misc, Part, CFrame.new(0, 0, 0, 1, 0, 0, 0, 1, 0, 0, 0, 1), CFrame.new(-0.532877922, 1.96745396, -0.0040435791, 0.927311003, 0.373456627, -0.0249933787, -0.374290138, 0.92502141, -0.06513381, -0.0012052455, 0.0697540641, 0.997563541))
	CreateMesh("CylinderMesh", Part, "", "", Vector3.new(0, 0, 0), Vector3.new(1, 1, 1))
	Part = CreatePart(m, Enum.Material.Plastic, 0, 0, "Smoky grey", "Part", Vector3.new(1.79999995, 0.71999985, 1.70999992))
	PartWeld = CreateWeld(m, Misc, Part, CFrame.new(0, 0, 0, 1, 0, 0, 0, 1, 0, 0, 0, 1), CFrame.new(-0.532875061, 1.98745728, -0.0040435791, 0.927311003, 0.373456627, -0.0249933787, -0.374290138, 0.92502141, -0.06513381, -0.0012052455, 0.0697540641, 0.997563541))
	CreateMesh("CylinderMesh", Part, "", "", Vector3.new(0, 0, 0), Vector3.new(1, 1, 1))
	Part = CreatePart(m, Enum.Material.Plastic, 0, 0, "Black", "Part", Vector3.new(0.200000003, 1.21000004, 2.32999992))
	PartWeld = CreateWeld(m, Misc, Part, CFrame.new(0, 0, 0, 1, 0, 0, 0, 1, 0, 0, 0, 1), CFrame.new(-3.39190674, 0.413391113, -0.741949081, 0.698587894, -0.0436957441, -0.714189053, 0.715322256, 0.0663778186, 0.6956352, 0.0170100089, -0.996837378, 0.0776272565))
	Part = CreatePart(m, Enum.Material.Plastic, 0, 0, "Black", "Part", Vector3.new(1.60000002, 1.34999979, 1.8499999))
	PartWeld = CreateWeld(m, Misc, Part, CFrame.new(0, 0, 0, 1, 0, 0, 0, 1, 0, 0, 0, 1), CFrame.new(-0.532877922, 1.27745056, -0.00405883789, 0.927311003, 0.373456627, -0.0249933787, -0.374290138, 0.92502141, -0.06513381, -0.0012052455, 0.0697540641, 0.997563541))
	CreateMesh("CylinderMesh", Part, "", "", Vector3.new(0, 0, 0), Vector3.new(1, 1, 1))
	Part = CreatePart(m, Enum.Material.Plastic, 0, 0, "Black", "Part", Vector3.new(0.910000086, 2.71999979, 0.869999886))
	PartWeld = CreateWeld(m, Misc, Part, CFrame.new(0, 0, 0, 1, 0, 0, 0, 1, 0, 0, 0, 1), CFrame.new(-0.634326935, 0.970718384, -0.636886597, 0.73713702, 0.672070861, -0.0703546554, -0.603258193, 0.607577503, -0.516651869, -0.304480761, 0.423285276, 0.853300214))
	CreateMesh("CylinderMesh", Part, "", "", Vector3.new(0, 0, 0), Vector3.new(1, 1, 1))
	Part = CreatePart(m, Enum.Material.Plastic, 0, 0, "Black", "Part", Vector3.new(0.200000003, 1.21000004, 2.08999991))
	PartWeld = CreateWeld(m, Misc, Part, CFrame.new(0, 0, 0, 1, 0, 0, 0, 1, 0, 0, 0, 1), CFrame.new(-3.12574768, 0.299560547, -0.741949081, 0.563761175, -0.0545582324, -0.824134052, 0.825762749, 0.0577817485, 0.561050117, 0.0170100089, -0.996837378, 0.0776272565))
	Part = CreatePart(m, Enum.Material.Plastic, 0, 0, "Black", "Part", Vector3.new(0.740000069, 1.34999979, 0.559999943))
	PartWeld = CreateWeld(m, Misc, Part, CFrame.new(0, 0, 0, 1, 0, 0, 0, 1, 0, 0, 0, 1), CFrame.new(-0.413281441, 1.45401764, 0.378753662, 0.927011371, 0.354349732, 0.122825913, -0.37498194, 0.870347321, 0.319193125, 0.00620479928, -0.341953099, 0.93969661))
	CreateMesh("CylinderMesh", Part, "", "", Vector3.new(0, 0, 0), Vector3.new(1, 1, 1))
	Part = CreatePart(m, Enum.Material.Plastic, 0, 0, "Black", "Part", Vector3.new(0.799999952, 0.71999979, 1.75999999))
	PartWeld = CreateWeld(m, Misc, Part, CFrame.new(0, 0, 0, 1, 0, 0, 0, 1, 0, 0, 0, 1), CFrame.new(-0.472660065, 2.11967468, -0.390686035, 0.928664148, 0.330795914, -0.167801037, -0.370842725, 0.818673849, -0.438462138, -0.00766716897, 0.46941179, 0.882946134))
	CreateMesh("CylinderMesh", Part, "", "", Vector3.new(0, 0, 0), Vector3.new(1, 1, 1))
	Part = CreatePart(m, Enum.Material.Plastic, 0, 0, "Black", "Part", Vector3.new(0.740000069, 1.34999979, 0.559999943))
	PartWeld = CreateWeld(m, Misc, Part, CFrame.new(0, 0, 0, 1, 0, 0, 0, 1, 0, 0, 0, 1), CFrame.new(-0.47265625, 1.42967987, -0.390686035, 0.928664148, 0.330795914, -0.167801037, -0.370842725, 0.818673849, -0.438462138, -0.00766716897, 0.46941179, 0.882946134))
	CreateMesh("CylinderMesh", Part, "", "", Vector3.new(0, 0, 0), Vector3.new(1, 1, 1))
	Part = CreatePart(m, Enum.Material.Plastic, 0, 0, "Really black", "Part", Vector3.new(1.79999995, 0.529999852, 1.6099999))
	PartWeld = CreateWeld(m, Misc, Part, CFrame.new(0, 0, 0, 1, 0, 0, 0, 1, 0, 0, 0, 1), CFrame.new(-0.532876015, -2.09245396, 0.0040435791, 0.927311003, 0.373456627, -0.0249933787, 0.374290138, -0.92502141, 0.06513381, 0.0012052455, -0.0697540641, -0.997563541))
	CreateMesh("CylinderMesh", Part, "", "", Vector3.new(0, 0, 0), Vector3.new(1, 1, 1))
	Thruster1 = CreatePart(m, Enum.Material.Plastic, 0, 0, "Really black", "Thruster1", Vector3.new(0.200000003, 0.529999852, 0.200000003))
	Thruster1Weld = CreateWeld(m, Misc, Thruster1, CFrame.new(0, 0, 0, 1, 0, 0, 0, 1, 0, 0, 0, 1), CFrame.new(-0.532876015, -2.09245396, 0.0040435791, 0.927311003, 0.373456627, -0.0249933787, 0.374290138, -0.92502141, 0.06513381, 0.0012052455, -0.0697540641, -0.997563541))
	CreateMesh("CylinderMesh", Thruster1, "", "", Vector3.new(0, 0, 0), Vector3.new(1, 1, 1))
	Part = CreatePart(m, Enum.Material.Plastic, 0, 0, "Smoky grey", "Part", Vector3.new(0.759999812, 0.709999859, 0.73999995))
	PartWeld = CreateWeld(m, Misc, Part, CFrame.new(0, 0, 0, 1, 0, 0, 0, 1, 0, 0, 0, 1), CFrame.new(-0.413290024, 2.15899658, 0.378692627, 0.927011371, 0.354349732, 0.122825913, -0.37498194, 0.870347321, 0.319193125, 0.00620479928, -0.341953099, 0.93969661))
	CreateMesh("CylinderMesh", Part, "", "", Vector3.new(0, 0, 0), Vector3.new(1, 1, 1))
	Part = CreatePart(m, Enum.Material.Plastic, 0, 0, "Really black", "Part", Vector3.new(0.589999914, 0.529999852, 0.609999895))
	PartWeld = CreateWeld(m, Misc, Part, CFrame.new(0, 0, 0, 1, 0, 0, 0, 1, 0, 0, 0, 1), CFrame.new(0.472652435, 2.24468994, 0.39074707, -0.928664148, -0.330795914, 0.167801037, -0.370842725, 0.818673849, -0.438462138, 0.0076671592, -0.46941179, -0.882946134))
	CreateMesh("CylinderMesh", Part, "", "", Vector3.new(0, 0, 0), Vector3.new(1, 1, 1))
	Thruster2 = CreatePart(m, Enum.Material.Plastic, 0, 0, "Smoky grey", "Thruster2", Vector3.new(0.200000003, 0.709999859, 0.200000003))
	Thruster2Weld = CreateWeld(m, Misc, Thruster2, CFrame.new(0, 0, 0, 1, 0, 0, 0, 1, 0, 0, 0, 1), CFrame.new(-0.413290024, 2.15899658, 0.378692627, 0.927011371, 0.354349732, 0.122825913, -0.37498194, 0.870347321, 0.319193125, 0.00620479928, -0.341953099, 0.93969661))
	CreateMesh("CylinderMesh", Thruster2, "", "", Vector3.new(0, 0, 0), Vector3.new(1, 1, 1))
	Thruster3 = CreatePart(m, Enum.Material.Plastic, 0, 0, "Really black", "Thruster3", Vector3.new(0.200000003, 0.529999852, 0.200000003))
	Thruster3Weld = CreateWeld(m, Misc, Thruster3, CFrame.new(0, 0, 0, 1, 0, 0, 0, 1, 0, 0, 0, 1), CFrame.new(0.472652435, 2.24468994, 0.39074707, -0.928664148, -0.330795914, 0.167801037, -0.370842725, 0.818673849, -0.438462138, 0.0076671592, -0.46941179, -0.882946134))
	CreateMesh("CylinderMesh", Thruster3, "", "", Vector3.new(0, 0, 0), Vector3.new(1, 1, 1))
	AMotor = CreatePart(g, Enum.Material.Neon, 0, 1, "Bright red", "AMotor", Vector3.new(1.13, 1.13, 1.13999999))
	AMotorWeld = CreateWeld(g, Character.HumanoidRootPart, AMotor, CFrame.new(0, 0, 0, 1, 0, 0, 0, 1, 0, 0, 0, 1), CFrame.new(-4.78009033, 1.56501913, -2.5500164, -1, 0, 0, 0, -1, 0, 0, 0, 1))
	AFMotor = CreatePart(g, Enum.Material.Neon, 0, 0, "Bright red", "Part", Vector3.new(1.13, 1.13, 1.13999999))
	AFMotorWeld = CreateWeld(g, AMotor, AFMotor, CFrame.new(0, 0, 0, 1, 0, 0, 0, 1, 0, 0, 0, 1), CFrame.new(0, 0, 0, 1, 0, 0, 0, 1, 0, 0, 0, 1))
	CreateMesh("SpecialMesh", AFMotor, Enum.MeshType.Sphere, "", Vector3.new(0, 0, 0), Vector3.new(1, 1, 1))
	Part = CreatePart(g, Enum.Material.Plastic, 0, 0, "Black", "Part", Vector3.new(0.420000017, 0.550000012, 3.5))
	PartWeld = CreateWeld(g, AFMotor, Part, CFrame.new(0, 0, 0, 1, 0, 0, 0, 1, 0, 0, 0, 1), CFrame.new(-0.568473816, 0.0246200562, 2.22000694, 0.788011909, -0.615659952, 0, 0.615659952, 0.788011909, 0, 0, 0, 1))
	Part = CreatePart(g, Enum.Material.Plastic, 0, 0, "Black", "Part", Vector3.new(0.200000003, 0.550000012, 3.5))
	PartWeld = CreateWeld(g, AFMotor, Part, CFrame.new(0, 0, 0, 1, 0, 0, 0, 1, 0, 0, 0, 1), CFrame.new(-0.724983215, 0.0370483398, 2.21999931, -0.374605179, -0.927184403, 0, 0.927184463, -0.374605179, 0, 0, 0, 1))
	Part = CreatePart(g, Enum.Material.Plastic, 0, 0, "Black", "Part", Vector3.new(0.200000003, 0.550000012, 3.5))
	PartWeld = CreateWeld(g, AFMotor, Part, CFrame.new(0, 0, 0, 1, 0, 0, 0, 1, 0, 0, 0, 1), CFrame.new(0.75, 4.76837158e-06, 2.22000694, 1, 0, 0, 0, 1, 0, 0, 0, 1))
	Part = CreatePart(g, Enum.Material.Plastic, 0, 0, "Black", "Part", Vector3.new(0.200000003, 0.550000012, 3))
	PartWeld = CreateWeld(g, AFMotor, Part, CFrame.new(0, 0, 0, 1, 0, 0, 0, 1, 0, 0, 0, 1), CFrame.new(0.695045471, 0.0371246338, 2.47000504, -0.374605179, -0.927184403, 0, 0.927184463, -0.374605179, 0, 0, 0, 1))
	Part = CreatePart(g, Enum.Material.Plastic, 0, 0, "Black", "Part", Vector3.new(0.200000003, 0.550000012, 3))
	PartWeld = CreateWeld(g, AFMotor, Part, CFrame.new(0, 0, 0, 1, 0, 0, 0, 1, 0, 0, 0, 1), CFrame.new(-0.700344086, 0.038772583, 2.47000885, 0.241925001, -0.970295012, 0, 0.970295012, 0.241925001, 0, 0, 0, 1))
	Part = CreatePart(g, Enum.Material.Plastic, 0, 0, "Black", "Part", Vector3.new(0.200000003, 0.550000012, 3.5))
	PartWeld = CreateWeld(g, AFMotor, Part, CFrame.new(0, 0, 0, 1, 0, 0, 0, 1, 0, 0, 0, 1), CFrame.new(0.676864624, 0.0224075317, 2.22001076, -0.829035699, -0.559195817, 0, 0.559195757, -0.82903564, 0, 0, 0, 1))
	Part = CreatePart(g, Enum.Material.Plastic, 0, 0, "Black", "Part", Vector3.new(0.200000003, 0.550000012, 3.5))
	PartWeld = CreateWeld(g, AFMotor, Part, CFrame.new(0, 0, 0, 1, 0, 0, 0, 1, 0, 0, 0, 1), CFrame.new(0.719696045, 0.0388336182, 2.21999931, 0.241925001, -0.970295012, 0, 0.970295012, 0.241925001, 0, 0, 0, 1))
	Part = CreatePart(g, Enum.Material.Plastic, 0, 0, "Black", "Part", Vector3.new(0.200000003, 0.550000012, 3))
	PartWeld = CreateWeld(g, AFMotor, Part, CFrame.new(0, 0, 0, 1, 0, 0, 0, 1, 0, 0, 0, 1), CFrame.new(-0.669952393, -2.86102295e-06, 2.47000122, 1, 0, 0, 0, 1, 0, 0, 0, 1))
	Part = CreatePart(g, Enum.Material.Plastic, 0, 0, "Really black", "Part", Vector3.new(1.70000005, 1.48000002, 1.53999996))
	PartWeld = CreateWeld(g, AFMotor, Part, CFrame.new(0, 0, 0, 1, 0, 0, 0, 1, 0, 0, 0, 1), CFrame.new(2.060009, -0.0500030518, -5.7220459e-06, 0, 0, 1, -1, 0, 0, 0, -1, 0))
	CreateMesh("SpecialMesh", Part, Enum.MeshType.Cylinder, "", Vector3.new(0, 0, 0), Vector3.new(1, 1, 1))
	Part = CreatePart(g, Enum.Material.Plastic, 0, 0, "Black", "Part", Vector3.new(0.200000003, 0.550000012, 3))
	PartWeld = CreateWeld(g, AFMotor, Part, CFrame.new(0, 0, 0, 1, 0, 0, 0, 1, 0, 0, 0, 1), CFrame.new(-0.743179321, 0.0223388672, 2.47000504, -0.829035699, -0.559195817, 0, 0.559195757, -0.82903564, 0, 0, 0, 1))
	Part = CreatePart(g, Enum.Material.Plastic, 0, 0, "Black", "Part", Vector3.new(0.200000003, 0.550000012, 3))
	PartWeld = CreateWeld(g, AFMotor, Part, CFrame.new(0, 0, 0, 1, 0, 0, 0, 1, 0, 0, 0, 1), CFrame.new(0.741523743, 0.0246429443, 2.47000504, 0.788011909, -0.615659952, 0, 0.615659952, 0.788011909, 0, 0, 0, 1))
	Part = CreatePart(g, Enum.Material.Plastic, 0, 0, "Black", "Part", Vector3.new(0.200000003, 0.380000025, 5.11000013))
	PartWeld = CreateWeld(g, AFMotor, Part, CFrame.new(0, 0, 0, 1, 0, 0, 0, 1, 0, 0, 0, 1), CFrame.new(-0.415756226, 0.0135955811, 3.91500664, -0.309016854, -0.95105654, 0, 0.95105654, -0.309016854, 0, 0, 0, 1))
	Part = CreatePart(g, Enum.Material.Plastic, 0, 0, "Black", "Part", Vector3.new(0.200000003, 0.350000024, 5.17000008))
	PartWeld = CreateWeld(g, AFMotor, Part, CFrame.new(0, 0, 0, 1, 0, 0, 0, 1, 0, 0, 0, 1), CFrame.new(0.396598816, -0.00938415527, 3.88500595, -0.309016854, -0.95105654, 0, 0.95105654, -0.309016854, 0, 0, 0, 1))
	Part = CreatePart(g, Enum.Material.Plastic, 0, 0, "Black", "Part", Vector3.new(0.200000003, 0.350000024, 5.21000004))
	PartWeld = CreateWeld(g, AFMotor, Part, CFrame.new(0, 0, 0, 1, 0, 0, 0, 1, 0, 0, 0, 1), CFrame.new(0.391353607, -0.00505065918, 3.8650074, 0.374606907, -0.927183747, 0, 0.927183747, 0.374606907, 0, 0, 0, 1))
	Part = CreatePart(g, Enum.Material.Plastic, 0, 0, "Black", "Part", Vector3.new(0.200000003, 0.370000035, 5.17000008))
	PartWeld = CreateWeld(g, AFMotor, Part, CFrame.new(0, 0, 0, 1, 0, 0, 0, 1, 0, 0, 0, 1), CFrame.new(-0.412441254, -0.0043182373, 3.88500595, 0.374606907, -0.927183747, 0, 0.927183747, 0.374606907, 0, 0, 0, 1))
	Part = CreatePart(g, Enum.Material.Plastic, 0, 0, "Black", "Part", Vector3.new(0.200000003, 0.26000002, 5.19000006))
	PartWeld = CreateWeld(g, AFMotor, Part, CFrame.new(0, 0, 0, 1, 0, 0, 0, 1, 0, 0, 0, 1), CFrame.new(-0.245681763, -0.301566601, 3.87500763, -1, 0, 0, 0, -1, 0, 0, 0, 1))
	Part = CreatePart(g, Enum.Material.Plastic, 0, 0, "Black", "Part", Vector3.new(0.230000004, 0.230000019, 5.23000002))
	PartWeld = CreateWeld(g, AFMotor, Part, CFrame.new(0, 0, 0, 1, 0, 0, 0, 1, 0, 0, 0, 1), CFrame.new(0.261567116, 0.234344482, 3.85500717, 0, 1, 0, -1, 0, 0, 0, 0, 1))
	Part = CreatePart(g, Enum.Material.Plastic, 0, 0, "Black", "Part", Vector3.new(0.200000003, 0.200000003, 5.19000006))
	PartWeld = CreateWeld(g, AFMotor, Part, CFrame.new(0, 0, 0, 1, 0, 0, 0, 1, 0, 0, 0, 1), CFrame.new(-0.245697021, 0.278434277, 3.87500763, -1, 0, 0, 0, -1, 0, 0, 0, 1))
	Part = CreatePart(g, Enum.Material.Plastic, 0, 0, "Black", "Part", Vector3.new(0.200000003, 0.200000003, 5.19000006))
	PartWeld = CreateWeld(g, AFMotor, Part, CFrame.new(0, 0, 0, 1, 0, 0, 0, 1, 0, 0, 0, 1), CFrame.new(0.234344482, 0.288434505, 3.87500763, -1, 0, 0, 0, -1, 0, 0, 0, 1))
	Part = CreatePart(g, Enum.Material.Plastic, 0, 0, "Black", "Part", Vector3.new(0.200000003, 0.360000014, 2.76999998))
	PartWeld = CreateWeld(g, AFMotor, Part, CFrame.new(0, 0, 0, 1, 0, 0, 0, 1, 0, 0, 0, 1), CFrame.new(-0.245681763, 0.00843334198, 2.66500854, -1, 0, 0, 0, -1, 0, 0, 0, 1))
	Part = CreatePart(g, Enum.Material.Plastic, 0, 0, "Black", "Part", Vector3.new(0.200000003, 0.380000025, 2.46999979))
	PartWeld = CreateWeld(g, AFMotor, Part, CFrame.new(0, 0, 0, 1, 0, 0, 0, 1, 0, 0, 0, 1), CFrame.new(0.234329224, -0.0015668869, 2.81500816, -1, 0, 0, 0, -1, 0, 0, 0, 1))
	Part = CreatePart(g, Enum.Material.Plastic, 0, 0, "Black", "Part", Vector3.new(0.200000003, 0.360000014, 0.200000003))
	PartWeld = CreateWeld(g, AFMotor, Part, CFrame.new(0, 0, 0, 1, 0, 0, 0, 1, 0, 0, 0, 1), CFrame.new(-0.245681763, 0.00843334198, 4.39000511, -1, 0, 0, 0, -1, 0, 0, 0, 1))
	Part = CreatePart(g, Enum.Material.Plastic, 0, 0, "Black", "Part", Vector3.new(0.200000003, 0.360000014, 0.200000003))
	PartWeld = CreateWeld(g, AFMotor, Part, CFrame.new(0, 0, 0, 1, 0, 0, 0, 1, 0, 0, 0, 1), CFrame.new(-0.245681763, 0.00843334198, 4.88000298, -1, 0, 0, 0, -1, 0, 0, 0, 1))
	Part = CreatePart(g, Enum.Material.Plastic, 0, 0, "Black", "Part", Vector3.new(0.200000003, 0.360000014, 0.200000003))
	PartWeld = CreateWeld(g, AFMotor, Part, CFrame.new(0, 0, 0, 1, 0, 0, 0, 1, 0, 0, 0, 1), CFrame.new(-0.245681763, 0.00843334198, 5.34000778, -1, 0, 0, 0, -1, 0, 0, 0, 1))
	Part = CreatePart(g, Enum.Material.Plastic, 0, 0, "Black", "Part", Vector3.new(0.200000003, 0.360000014, 0.200000003))
	PartWeld = CreateWeld(g, AFMotor, Part, CFrame.new(0, 0, 0, 1, 0, 0, 0, 1, 0, 0, 0, 1), CFrame.new(-0.245681763, 0.00843334198, 5.83000565, -1, 0, 0, 0, -1, 0, 0, 0, 1))
	Part = CreatePart(g, Enum.Material.Plastic, 0, 0, "Black", "Part", Vector3.new(0.200000003, 0.360000014, 0.200000003))
	PartWeld = CreateWeld(g, AFMotor, Part, CFrame.new(0, 0, 0, 1, 0, 0, 0, 1, 0, 0, 0, 1), CFrame.new(-0.245681763, 0.00843334198, 6.34000969, -1, 0, 0, 0, -1, 0, 0, 0, 1))
	Part = CreatePart(g, Enum.Material.Plastic, 0, 0, "Black", "Part", Vector3.new(0.200000003, 0.360000014, 0.200000003))
	PartWeld = CreateWeld(g, AFMotor, Part, CFrame.new(0, 0, 0, 1, 0, 0, 0, 1, 0, 0, 0, 1), CFrame.new(0.244277954, 0.00843334198, 4.39000511, -1, 0, 0, 0, -1, 0, 0, 0, 1))
	Part = CreatePart(g, Enum.Material.Plastic, 0, 0, "Black", "Part", Vector3.new(0.200000003, 0.360000014, 0.200000003))
	PartWeld = CreateWeld(g, AFMotor, Part, CFrame.new(0, 0, 0, 1, 0, 0, 0, 1, 0, 0, 0, 1), CFrame.new(0.244277954, 0.00843334198, 5.34000778, -1, 0, 0, 0, -1, 0, 0, 0, 1))
	Part = CreatePart(g, Enum.Material.Plastic, 0, 0, "Black", "Part", Vector3.new(0.200000003, 0.360000014, 0.200000003))
	PartWeld = CreateWeld(g, AFMotor, Part, CFrame.new(0, 0, 0, 1, 0, 0, 0, 1, 0, 0, 0, 1), CFrame.new(0.244277954, 0.00843334198, 6.34000969, -1, 0, 0, 0, -1, 0, 0, 0, 1))
	Part = CreatePart(g, Enum.Material.Plastic, 0, 0, "Black", "Part", Vector3.new(0.200000003, 0.360000014, 0.200000003))
	PartWeld = CreateWeld(g, AFMotor, Part, CFrame.new(0, 0, 0, 1, 0, 0, 0, 1, 0, 0, 0, 1), CFrame.new(0.244277954, 0.00843334198, 5.83000565, -1, 0, 0, 0, -1, 0, 0, 0, 1))
