-- params : ...

local p = game.Players.LocalPlayer
local char = p.Character
local mouse = p:GetMouse()
local larm = char["Left Arm"]
local rarm = char["Right Arm"]
local lleg = char["Left Leg"]
local rleg = char["Right Leg"]
local hed = char.Head
local torso = char.Torso
local hum = char:FindFirstChild("Humanoid")
local cam = game.Workspace.CurrentCamera
local root = char.HumanoidRootPart
local deb = false
local shot = 0
local l = game:GetService("Lighting")
local rs = game:GetService("RunService").RenderStepped
local hb = game:GetService("RunService").Heartbeat
local debris = game:service("Debris")
local stanceToggle = "Normal"
math.randomseed(os.time())
hum.JumpPower = 100
hum.MaxHealth = 50000
wait(1)
hum.Health = 50000
CTB = {}
fat = Instance.new("BindableEvent",script)
fat.Name = "Heartbeat"

script:WaitForChild("Heartbeat")

frame = 1/30
tf = 0
allowframeloss = false --if set to true will fire every frame it possibly can. This will result in multiple events happening at the same time whenever delta returns frame*2 or greater.
tossremainder = false --if set to true t will be set to 0 after Fire()-ing.
lastframe = tick()
script.Heartbeat:Fire() --ayy lmao

game:GetService("RunService").Heartbeat:connect(function(s,p) --herp derp
	tf = tf + s
	if tf >= frame then
		if allowframeloss then
			script.Heartbeat:Fire()
			lastframe=tick()
		else
			--print("FIRED "..math.floor(t/frame).." FRAME(S)","REMAINDER "..(t - frame*(math.floor(t/frame))))
			for i=1, math.floor(tf/frame) do
				script.Heartbeat:Fire()
			end
			lastframe=tick()
		end
		if tossremainder then
			tf = 0
		else
			tf = tf - frame * math.floor(tf/frame)
		end
	end
end)
ypcall(function()
  
char:FindFirstChild("Shirt"):Destroy()
  char:FindFirstChild("Pants"):Destroy()
  shirt = Instance.new("Shirt", char)
  shirt.Name = "Shirt"
  pants = Instance.new("Pants", char)
  pants.Name = "Pants"
  char.Shirt.ShirtTemplate = "http://www.roblox.com/asset/?id=236410507"
  char.Pants.PantsTemplate = "http://www.roblox.com/asset/?id=236412261"
end
)
Debounces = {on = false, ks = false, CanAttack = true, CanJoke = true, NoIdl = false, Slashing = false, Slashed = false, Grabbing = false, Grabbed = false}
local Touche = {char.Name}
------------------------------
function lerp(a, b, t) -- Linear interpolation
	return a + (b - a)*t
end
 
function slerp(a, b, t) --Spherical interpolation
	dot = a:Dot(b)
	if dot > 0.99999 or dot < -0.99999 then
		return t <= 0.5 and a or b
	else
		r = math.acos(dot)
		return (a*math.sin((1 - t)*r) + b*math.sin(t*r)) / math.sin(r)
	end
end
 
function matrixInterpolate(a, b, t)
	local ax, ay, az, a00, a01, a02, a10, a11, a12, a20, a21, a22 = a:components()
	local bx, by, bz, b00, b01, b02, b10, b11, b12, b20, b21, b22 = b:components()
	local v0 = lerp(Vector3.new(ax, ay, az), Vector3.new(bx , by , bz), t) -- Position
	local v1 = slerp(Vector3.new(a00, a01, a02), Vector3.new(b00, b01, b02), t) -- Vector  right
	local v2 = slerp(Vector3.new(a10, a11, a12), Vector3.new(b10, b11, b12), t) -- Vector  up
	local v3 = slerp(Vector3.new(a20, a21, a22), Vector3.new(b20, b21, b22), t) -- Vector  back
	local t = v1:Dot(v2)
	if not (t < 0 or t == 0 or t > 0) then 	-- Failsafe
		return CFrame.new()
	end
	return CFrame.new(
	v0.x, v0.y, v0.z,
	v1.x, v1.y, v1.z,
	v2.x, v2.y, v2.z,
	v3.x, v3.y, v3.z)
end
-------------------------
function genWeld(a,b)
    local w = Instance.new("Weld",a)
    w.Part0 = a
    w.Part1 = b
    return w
end
function weld(a, b)
    local weld = Instance.new("Weld")
    weld.Name = "W"
    weld.Part0 = a
    weld.Part1 = b
    weld.C0 = a.CFrame:inverse() * b.CFrame
    weld.Parent = a
    return weld;
end
----------------------------------------------------
function Lerp(c1,c2,al)
	local com1 = {c1.X,c1.Y,c1.Z,c1:toEulerAnglesXYZ()}
	local com2 = {c2.X,c2.Y,c2.Z,c2:toEulerAnglesXYZ()}
	for i,v in pairs(com1) do 
		com1[i] = v+(com2[i]-v)*al
	end
	return CFrame.new(com1[1],com1[2],com1[3]) * CFrame.Angles(select(4,unpack(com1)))
end
----------------------------------------------------
newWeld = function(wp0, wp1, wc0x, wc0y, wc0z)
	local wld = Instance.new("Weld", wp1)
	wld.Part0 = wp0
	wld.Part1 = wp1
	wld.C0 = CFrame.new(wc0x, wc0y, wc0z)
end
----------------------------------------------------
Tween = function(a, b, c)
  return a + (b - a) * c
end
--------------------------
NewPart = function(prnt, siz, cf, col)
  local prt = Instance.new("Part")
  prt.Parent = prnt
  prt.FormFactor = 3
  prt.Name = "Part"
  prt.Size = siz
  prt.CanCollide = false
  prt.Anchored = true
  prt.Locked = true
  prt.TopSurface = 10
  prt.BottomSurface = 10
  prt.FrontSurface = 10
  prt.BackSurface = 10
  prt.LeftSurface = 10
  prt.RightSurface = 10
  prt:BreakJoints()
  if not cf then
    prt.CFrame = CFrame.new(30, 10, 30)
    prt.Material = "Neon"
    prt.BrickColor = BrickColor.new(col)
    m = Instance.new("SpecialMesh", prt)
    m.MeshType = 6
    return prt
  end
end
--------------------------
NewSound = function(parent, pitch, volume, id, looped)
  
  local s = Instance.new("Sound", parent)
  s.Pitch = pitch
  s.Volume = volume
  s.SoundId = "rbxassetid://" .. id
  s.Looped = looped
  return s
end

newRay = function(start, face, range, wat)
  
  local rey = Ray.new(start.p, (face.p - start.p).Unit * range)
  hit = Workspace:FindPartOnRayWithIgnoreList(rey, wat)
  return rey, hit, pos
end

for i,v in pairs(char:children()) do
  if v:IsA("Hat") then
    v:Destroy()
  end
end
for i,v in pairs(hed:children()) do
  if v:IsA("Sound") then
    v:Destroy()
  end
end
HasntTouched = function(plrname)
  
  local ret = true
  for _,v in pairs(Touche) do
    if v == plrname then
      ret = false
    end
  end
  return ret
end

larm.Size = larm.Size * 2
rarm.Size = rarm.Size * 2
lleg.Size = lleg.Size * 2
rleg.Size = rleg.Size * 2
torso.Size = torso.Size * 2
hed.Size = hed.Size * 2
root.Size = root.Size * 2
newWeld(torso, larm, -1.5, 0.5, 0)
larm.Weld.C1 = CFrame.new(0, 0.5, 0)
newWeld(torso, rarm, 1.5, 0.5, 0)
rarm.Weld.C1 = CFrame.new(0, 0.5, 0)
newWeld(torso, hed, 0, 1.5, 0)
newWeld(torso, lleg, -0.5, -1, 0)
lleg.Weld.C1 = CFrame.new(0, 1, 0)
newWeld(torso, rleg, 0.5, -1, 0)
rleg.Weld.C1 = CFrame.new(0, 1, 0)
newWeld(root, torso, 0, -1, 0)
torso.Weld.C1 = CFrame.new(0, -1, 0)
game:service("InsertService"):LoadAsset(63993845):children()[1].Parent = char
char.LavendarPlasmaHood.Handle.Mesh.Scale = char.LavendarPlasmaHood.Handle.Mesh.Scale * 1.8
char.LavendarPlasmaHood.Handle.Mesh.VertexColor = Vector3.new(0, 0, 0)
hed.face.Texture = "rbxassetid://272299908"
z = Instance.new("Decal", hed)
z.Face = "Front"
z.Texture = "rbxassetid://99174105"
z1 = Instance.new("Decal", hed)
z1.Face = "Right"
hed.BrickColor = BrickColor.new("Really black")
lite = Instance.new("PointLight", torso)
lite.Brightness = 14
lite.Range = 10
lite.Color = Color3.new(0, 0, 1)
z = Instance.new("Sound", char)
z.SoundId = "rbxassetid://411368002"
z.Looped = true
z.Pitch = 0.46
z.Volume = 1
wait(0.01)
local l = game.Lighting
local sky = Instance.new("Sky", l)
sky.CelestialBodiesShown = false
sky.SkyboxBk = "http://www.roblox.com/asset/?id=156925041"
sky.SkyboxDn = "http://www.roblox.com/asset/?id=156925047"
sky.SkyboxFt = "http://www.roblox.com/asset/?id=156925045"
sky.SkyboxLf = "http://www.roblox.com/asset/?id=156925043"
sky.SkyboxRt = "http://www.roblox.com/asset/?id=156925038"
sky.SkyboxUp = "http://www.roblox.com/asset/?id=156925055"
sky.StarCount = 0
sky.Name = "GreenSpace"
local m = Instance.new("Model")
m.Name = "Cannon1"
p1 = Instance.new("Part", m)
p1.BrickColor = BrickColor.new("Really black")
p1.Material = Enum.Material.Metal
p1.Transparency = 1
p1.Name = "ArmPart"
p1.CFrame = CFrame.new(0.581796706, 5.99859476, -3.30460191, 0.996113539, 0.0433284715, 0.076688081, 0.00063173566, 0.867109001, -0.498118937, -0.0880796313, 0.496231258, 0.863711238)
p1.Locked = true
p1.FormFactor = Enum.FormFactor.Custom
p1.Elasticity = 0
p1.Size = Vector3.new(0.999999881, 1, 1)
p1.BackSurface = Enum.SurfaceType.SmoothNoOutlines
p1.BottomSurface = Enum.SurfaceType.SmoothNoOutlines
p1.FrontSurface = Enum.SurfaceType.SmoothNoOutlines
p1.LeftSurface = Enum.SurfaceType.SmoothNoOutlines
p1.RightSurface = Enum.SurfaceType.SmoothNoOutlines
p1.TopSurface = Enum.SurfaceType.SmoothNoOutlines
p2 = Instance.new("Part", m)
p2.BrickColor = BrickColor.new("Really black")
p2.Material = Enum.Material.Metal
p2.Name = "Barrel1Main"
p2.CFrame = CFrame.new(-0.615716994, 2.07050514, -16.8050823, 0.996056736, 0.0883464962, 0.0081301704, 0.000190305931, 0.08951094, -0.995986044, -0.0887195989, 0.992059886, 0.0891411602)
p2.Locked = true
p2.FormFactor = Enum.FormFactor.Custom
p2.Elasticity = 0
p2.Size = Vector3.new(4, 1.99999988, 4)
p2.BackSurface = Enum.SurfaceType.SmoothNoOutlines
p2.BottomSurface = Enum.SurfaceType.SmoothNoOutlines
p2.FrontSurface = Enum.SurfaceType.SmoothNoOutlines
p2.LeftSurface = Enum.SurfaceType.SmoothNoOutlines
p2.RightSurface = Enum.SurfaceType.SmoothNoOutlines
p2.TopSurface = Enum.SurfaceType.SmoothNoOutlines
b1 = Instance.new("CylinderMesh", p2)
b1.Name = "Mesh"
p3 = Instance.new("Part", m)
p3.BrickColor = BrickColor.new("Really black")
p3.Material = Enum.Material.Metal
p3.Name = "Barrel1Part1"
p3.CFrame = CFrame.new(-0.790599644, 1.89200282, -18.7893906, 0.996056855, 0.0883465037, 0.00813016761, 0.000190295686, 0.089511022, -0.995986164, -0.0887196064, 0.992060006, 0.0891412422)
p3.Locked = true
p3.FormFactor = Enum.FormFactor.Custom
p3.Elasticity = 0
p3.Size = Vector3.new(3.5, 2, 3.5)
p3.BackSurface = Enum.SurfaceType.SmoothNoOutlines
p3.BottomSurface = Enum.SurfaceType.SmoothNoOutlines
p3.FrontSurface = Enum.SurfaceType.SmoothNoOutlines
p3.LeftSurface = Enum.SurfaceType.SmoothNoOutlines
p3.RightSurface = Enum.SurfaceType.SmoothNoOutlines
p3.TopSurface = Enum.SurfaceType.SmoothNoOutlines
b2 = Instance.new("CylinderMesh", p3)
b2.Name = "Mesh"
p4 = Instance.new("Part", m)
p4.BrickColor = BrickColor.new("Really black")
p4.Material = Enum.Material.Metal
p4.Name = "Barrel1Part2"
p4.CFrame = CFrame.new(-0.96593082, 1.71337676, -20.7736721, 0.996056974, 0.0883465111, 0.00813017692, 0.00019030564, 0.0895110145, -0.995986283, -0.0887196139, 0.992060125, 0.0891412348)
p4.Locked = true
p4.FormFactor = Enum.FormFactor.Custom
p4.Elasticity = 0
p4.Size = Vector3.new(3, 2, 3)
p4.BackSurface = Enum.SurfaceType.SmoothNoOutlines
p4.BottomSurface = Enum.SurfaceType.SmoothNoOutlines
p4.FrontSurface = Enum.SurfaceType.SmoothNoOutlines
p4.LeftSurface = Enum.SurfaceType.SmoothNoOutlines
p4.RightSurface = Enum.SurfaceType.SmoothNoOutlines
p4.TopSurface = Enum.SurfaceType.SmoothNoOutlines
b3 = Instance.new("CylinderMesh", p4)
b3.Name = "Mesh"
p5 = Instance.new("Part", m)
p5.BrickColor = BrickColor.new("Really black")
p5.Material = Enum.Material.Metal
p5.Name = "Barrel1End"
p5.CFrame = CFrame.new(-1.14127386, 1.53474247, -22.7579479, 0.996057212, 0.0883465335, 0.00813017879, 0.00019030564, 0.0895110369, -0.995986521, -0.0887196362, 0.992060363, 0.0891412571)
p5.Locked = true
p5.FormFactor = Enum.FormFactor.Custom
p5.Elasticity = 0
p5.Size = Vector3.new(2.5, 2, 2.5)
p5.BackSurface = Enum.SurfaceType.SmoothNoOutlines
p5.BottomSurface = Enum.SurfaceType.SmoothNoOutlines
p5.FrontSurface = Enum.SurfaceType.SmoothNoOutlines
p5.LeftSurface = Enum.SurfaceType.SmoothNoOutlines
p5.RightSurface = Enum.SurfaceType.SmoothNoOutlines
p5.TopSurface = Enum.SurfaceType.SmoothNoOutlines
b4 = Instance.new("CylinderMesh", p5)
b4.Name = "Mesh"
p6 = Instance.new("Part", m)
p6.BrickColor = BrickColor.new("Black")
p6.Material = Enum.Material.Metal
p6.Name = "BlackCylinder"
p6.CFrame = CFrame.new(0.530412316, 4.23822689, -3.89782667, 0.088346459, -0.996056855, 0.00813017506, 0.0895109996, -0.000190309234, -0.995986164, 0.992060006, 0.0887195691, 0.0891412199)
p6.Locked = true
p6.FormFactor = Enum.FormFactor.Custom
p6.Elasticity = 0
p6.Size = Vector3.new(4, 1.20000005, 4)
p6.BackSurface = Enum.SurfaceType.SmoothNoOutlines
p6.BottomSurface = Enum.SurfaceType.SmoothNoOutlines
p6.FrontSurface = Enum.SurfaceType.SmoothNoOutlines
p6.LeftSurface = Enum.SurfaceType.SmoothNoOutlines
p6.RightSurface = Enum.SurfaceType.SmoothNoOutlines
p6.TopSurface = Enum.SurfaceType.SmoothNoOutlines
b5 = Instance.new("CylinderMesh", p6)
b5.Name = "Mesh"
p7 = Instance.new("Part", m)
p7.BrickColor = BrickColor.new("Bright blue")
p7.Material = Enum.Material.Neon
p7.Name = "CenterCore"
p7.CFrame = CFrame.new(-0.0644423366, 2.63128924, -10.579525, 0.996056616, 0.0883465037, 0.00813018903, 0.000190315142, 0.0895110443, -0.995985925, -0.0887195989, 0.992059886, 0.0891412571)
p7.Locked = true
p7.FormFactor = Enum.FormFactor.Custom
p7.Elasticity = 0
p7.Size = Vector3.new(2.5999999, 10.6499996, 2.5999999)
p7.BackSurface = Enum.SurfaceType.SmoothNoOutlines
p7.BottomSurface = Enum.SurfaceType.SmoothNoOutlines
p7.FrontSurface = Enum.SurfaceType.SmoothNoOutlines
p7.LeftSurface = Enum.SurfaceType.SmoothNoOutlines
p7.RightSurface = Enum.SurfaceType.SmoothNoOutlines
p7.TopSurface = Enum.SurfaceType.SmoothNoOutlines
p8 = Instance.new("Part", m)
p8.BrickColor = BrickColor.new("Bright blue")
p8.Material = Enum.Material.Neon
p8.Name = "EndCore"
p8.CFrame = CFrame.new(-1.14129305, 1.53475082, -22.7579384, 0.996057451, 0.0883465856, 0.00813015271, 0.000190271865, 0.089511089, -0.99598676, -0.0887196884, 0.992060602, 0.0891413167)
p8.Locked = true
p8.FormFactor = Enum.FormFactor.Custom
p8.Elasticity = 0
p8.Size = Vector3.new(1.5, 2.01999998, 1.5)
p8.BackSurface = Enum.SurfaceType.SmoothNoOutlines
p8.BottomSurface = Enum.SurfaceType.SmoothNoOutlines
p8.FrontSurface = Enum.SurfaceType.SmoothNoOutlines
p8.LeftSurface = Enum.SurfaceType.SmoothNoOutlines
p8.RightSurface = Enum.SurfaceType.SmoothNoOutlines
p8.TopSurface = Enum.SurfaceType.SmoothNoOutlines
b6 = Instance.new("CylinderMesh", p8)
b6.Name = "Mesh"
p9 = Instance.new("Part", m)
p9.BrickColor = BrickColor.new("Bright blue")
p9.Material = Enum.Material.Neon
p9.Name = "LeftCore"
p9.CFrame = CFrame.new(-1.54192448, 3.15233397, -4.62330246, 0.996056974, 0.0883465111, 0.00813017692, 0.000190305669, 0.0895110145, -0.995986342, -0.0887196213, 0.992060125, 0.0891412348)
p9.Locked = true
p9.FormFactor = Enum.FormFactor.Custom
p9.Elasticity = 0
p9.Size = Vector3.new(1, 4, 4)
p9.BackSurface = Enum.SurfaceType.SmoothNoOutlines
p9.BottomSurface = Enum.SurfaceType.SmoothNoOutlines
p9.FrontSurface = Enum.SurfaceType.SmoothNoOutlines
p9.LeftSurface = Enum.SurfaceType.SmoothNoOutlines
p9.RightSurface = Enum.SurfaceType.SmoothNoOutlines
p9.TopSurface = Enum.SurfaceType.SmoothNoOutlines
b7 = Instance.new("SpecialMesh", p9)
b7.MeshType = Enum.MeshType.Sphere
b7.Name = "Mesh"
p10 = Instance.new("Part", m)
p10.BrickColor = BrickColor.new("Really black")
p10.Material = Enum.Material.Metal
p10.CFrame = CFrame.new(-0.0521164536, 1.23685455, -10.4553328, 0.996057093, 0.0883464962, 0.00813019276, 0.000190315288, 0.0895110518, -0.995986402, -0.0887196288, 0.992059886, 0.0891412944)
p10.Locked = true
p10.FormFactor = Enum.FormFactor.Custom
p10.Elasticity = 0
p10.Size = Vector3.new(1.5, 10.6499996, 1.5)
p10.BackSurface = Enum.SurfaceType.SmoothNoOutlines
p10.BottomSurface = Enum.SurfaceType.SmoothNoOutlines
p10.FrontSurface = Enum.SurfaceType.SmoothNoOutlines
p10.LeftSurface = Enum.SurfaceType.SmoothNoOutlines
p10.RightSurface = Enum.SurfaceType.SmoothNoOutlines
p10.TopSurface = Enum.SurfaceType.SmoothNoOutlines
b8 = Instance.new("CylinderMesh", p10)
b8.Name = "Mesh"
p11 = Instance.new("Part", m)
p11.BrickColor = BrickColor.new("Really black")
p11.Material = Enum.Material.Metal
p11.CFrame = CFrame.new(1.44622159, 3.15286684, -4.88948727, -0.0883464888, -0.996057212, -0.00813013036, -0.0895109549, -0.00019026165, 0.995986521, -0.992060006, 0.0887196213, -0.0891412124)
p11.Locked = true
p11.FormFactor = Enum.FormFactor.Custom
p11.Elasticity = 0
p11.Size = Vector3.new(2.5999999, 1, 1)
p11.BackSurface = Enum.SurfaceType.SmoothNoOutlines
p11.BottomSurface = Enum.SurfaceType.SmoothNoOutlines
p11.FrontSurface = Enum.SurfaceType.SmoothNoOutlines
p11.LeftSurface = Enum.SurfaceType.SmoothNoOutlines
p11.RightSurface = Enum.SurfaceType.SmoothNoOutlines
p11.TopSurface = Enum.SurfaceType.SmoothNoOutlines
p12 = Instance.new("Part", m)
p12.BrickColor = BrickColor.new("Really black")
p12.Material = Enum.Material.Metal
p12.CFrame = CFrame.new(0.450196743, 3.1527276, -4.80074692, 0.088346459, -0.996056974, 0.00813017692, 0.0895109996, -0.000190309322, -0.995986283, 0.992060006, 0.0887195691, 0.0891412273)
p12.Locked = true
p12.FormFactor = Enum.FormFactor.Custom
p12.Elasticity = 0
p12.Size = Vector3.new(2.4000001, 5, 2.4000001)
p12.BackSurface = Enum.SurfaceType.SmoothNoOutlines
p12.BottomSurface = Enum.SurfaceType.SmoothNoOutlines
p12.FrontSurface = Enum.SurfaceType.SmoothNoOutlines
p12.LeftSurface = Enum.SurfaceType.SmoothNoOutlines
p12.RightSurface = Enum.SurfaceType.SmoothNoOutlines
p12.TopSurface = Enum.SurfaceType.SmoothNoOutlines
b9 = Instance.new("CylinderMesh", p12)
b9.Name = "Mesh"
p13 = Instance.new("WedgePart", m)
p13.BrickColor = BrickColor.new("Really black")
p13.Material = Enum.Material.Metal
p13.Name = "Part"
p13.CFrame = CFrame.new(0.45018059, 3.15268755, -4.80076313, 0.0883464739, -0.996057093, 0.00813019276, 0.0895110443, -0.000190317616, -0.995986402, 0.992059886, 0.0887196139, 0.0891412944)
p13.Locked = true
p13.FormFactor = Enum.FormFactor.Custom
p13.Elasticity = 0
p13.Size = Vector3.new(2.5999999, 4.19999981, 2.20000005)
p13.BackSurface = Enum.SurfaceType.SmoothNoOutlines
p13.BottomSurface = Enum.SurfaceType.SmoothNoOutlines
p13.FrontSurface = Enum.SurfaceType.SmoothNoOutlines
p13.LeftSurface = Enum.SurfaceType.SmoothNoOutlines
p13.RightSurface = Enum.SurfaceType.SmoothNoOutlines
p13.TopSurface = Enum.SurfaceType.SmoothNoOutlines
p14 = Instance.new("Part", m)
p14.BrickColor = BrickColor.new("Really black")
p14.Material = Enum.Material.Metal
p14.CFrame = CFrame.new(0.261101305, 4.16617489, -6.92160463, 0.996056855, 0.0883464962, 0.00813017506, 0.000190305669, 0.0895109996, -0.995986164, -0.0887196064, 0.992060006, 0.0891412199)
p14.Locked = true
p14.FormFactor = Enum.FormFactor.Custom
p14.Elasticity = 0
p14.Size = Vector3.new(2.5, 5.05999947, 2.5)
p14.BackSurface = Enum.SurfaceType.SmoothNoOutlines
p14.BottomSurface = Enum.SurfaceType.SmoothNoOutlines
p14.FrontSurface = Enum.SurfaceType.SmoothNoOutlines
p14.LeftSurface = Enum.SurfaceType.SmoothNoOutlines
p14.RightSurface = Enum.SurfaceType.SmoothNoOutlines
p14.TopSurface = Enum.SurfaceType.SmoothNoOutlines
b10 = Instance.new("CylinderMesh", p14)
b10.Name = "Mesh"
p15 = Instance.new("Part", m)
p15.BrickColor = BrickColor.new("Really black")
p15.Material = Enum.Material.Metal
p15.CFrame = CFrame.new(0.0623157024, 3.96475625, -9.15374756, 0.996056974, 0.0883465037, 0.00813017413, 0.00019030564, 0.0895109847, -0.995986283, -0.0887196139, 0.992060125, 0.089141205)
p15.Locked = true
p15.FormFactor = Enum.FormFactor.Custom
p15.Elasticity = 0
p15.Size = Vector3.new(2, 6.55999947, 2)
p15.BackSurface = Enum.SurfaceType.SmoothNoOutlines
p15.BottomSurface = Enum.SurfaceType.SmoothNoOutlines
p15.FrontSurface = Enum.SurfaceType.SmoothNoOutlines
p15.LeftSurface = Enum.SurfaceType.SmoothNoOutlines
p15.RightSurface = Enum.SurfaceType.SmoothNoOutlines
p15.TopSurface = Enum.SurfaceType.SmoothNoOutlines
b11 = Instance.new("CylinderMesh", p15)
b11.Name = "Mesh"
p16 = Instance.new("Part", m)
p16.BrickColor = BrickColor.new("Really black")
p16.Material = Enum.Material.Metal
p16.CFrame = CFrame.new(0.489410222, 0.53123641, -4.36610842, 0.0883464664, -0.996057093, 0.00813017506, 0.0895109773, -0.000190309278, -0.995986402, 0.992060125, 0.0887195915, 0.0891412199)
p16.Locked = true
p16.FormFactor = Enum.FormFactor.Custom
p16.Elasticity = 0
p16.Size = Vector3.new(1, 2.5999999, 1)
p16.BackSurface = Enum.SurfaceType.SmoothNoOutlines
p16.BottomSurface = Enum.SurfaceType.SmoothNoOutlines
p16.FrontSurface = Enum.SurfaceType.SmoothNoOutlines
p16.LeftSurface = Enum.SurfaceType.SmoothNoOutlines
p16.RightSurface = Enum.SurfaceType.SmoothNoOutlines
p16.TopSurface = Enum.SurfaceType.SmoothNoOutlines
b12 = Instance.new("CylinderMesh", p16)
b12.Name = "Mesh"
p17 = Instance.new("Part", m)
p17.BrickColor = BrickColor.new("Really black")
p17.Material = Enum.Material.Metal
p17.CFrame = CFrame.new(-0.0741840154, 3.82647705, -10.686492, 0.996057093, 0.0883465111, 0.00813017506, 0.000190305713, 0.0895109922, -0.995986402, -0.0887196213, 0.992060244, 0.0891412124)
p17.Locked = true
p17.FormFactor = Enum.FormFactor.Custom
p17.Elasticity = 0
p17.Size = Vector3.new(1.5, 10.6499996, 1.5)
p17.BackSurface = Enum.SurfaceType.SmoothNoOutlines
p17.BottomSurface = Enum.SurfaceType.SmoothNoOutlines
p17.FrontSurface = Enum.SurfaceType.SmoothNoOutlines
p17.LeftSurface = Enum.SurfaceType.SmoothNoOutlines
p17.RightSurface = Enum.SurfaceType.SmoothNoOutlines
p17.TopSurface = Enum.SurfaceType.SmoothNoOutlines
b13 = Instance.new("CylinderMesh", p17)
b13.Name = "Mesh"
p18 = Instance.new("WedgePart", m)
p18.BrickColor = BrickColor.new("Really black")
p18.Material = Enum.Material.Metal
p18.Name = "Part"
p18.CFrame = CFrame.new(0.45018059, 3.15268755, -4.80076313, 0.0883464739, -0.996057093, 0.00813019276, 0.0895110443, -0.000190317616, -0.995986402, 0.992059886, 0.0887196139, 0.0891412944)
p18.Locked = true
p18.FormFactor = Enum.FormFactor.Custom
p18.Elasticity = 0
p18.Size = Vector3.new(2.5999999, 1, 1)
p18.BackSurface = Enum.SurfaceType.SmoothNoOutlines
p18.BottomSurface = Enum.SurfaceType.SmoothNoOutlines
p18.FrontSurface = Enum.SurfaceType.SmoothNoOutlines
p18.LeftSurface = Enum.SurfaceType.SmoothNoOutlines
p18.RightSurface = Enum.SurfaceType.SmoothNoOutlines
p18.TopSurface = Enum.SurfaceType.SmoothNoOutlines
p19 = Instance.new("Part", m)
p19.BrickColor = BrickColor.new("Really black")
p19.Material = Enum.Material.Metal
p19.CFrame = CFrame.new(0.45018059, 3.15268755, -4.80076313, 0.0883464739, -0.996056736, 0.00813018996, 0.0895110443, -0.000190317587, -0.995986044, 0.992059886, 0.088719584, 0.0891412646)
p19.Locked = true
p19.FormFactor = Enum.FormFactor.Custom
p19.Elasticity = 0
p19.Size = Vector3.new(5, 4, 5)
p19.BackSurface = Enum.SurfaceType.SmoothNoOutlines
p19.BottomSurface = Enum.SurfaceType.SmoothNoOutlines
p19.FrontSurface = Enum.SurfaceType.SmoothNoOutlines
p19.LeftSurface = Enum.SurfaceType.SmoothNoOutlines
p19.RightSurface = Enum.SurfaceType.SmoothNoOutlines
p19.TopSurface = Enum.SurfaceType.SmoothNoOutlines
b14 = Instance.new("CylinderMesh", p19)
b14.Name = "Mesh"
p20 = Instance.new("Part", m)
p20.BrickColor = BrickColor.new("Really black")
p20.Material = Enum.Material.Metal
p20.CFrame = CFrame.new(0.692698598, 3.39841413, -2.07754064, 0.996057093, 0.0883465186, 0.00813019183, 0.000190315244, 0.0895110667, -0.995986402, -0.0887196288, 0.992060244, 0.0891412869)
p20.Locked = true
p20.FormFactor = Enum.FormFactor.Custom
p20.Elasticity = 0
p20.Size = Vector3.new(3, 2.49000025, 2)
p20.BackSurface = Enum.SurfaceType.SmoothNoOutlines
p20.BottomSurface = Enum.SurfaceType.SmoothNoOutlines
p20.FrontSurface = Enum.SurfaceType.SmoothNoOutlines
p20.LeftSurface = Enum.SurfaceType.SmoothNoOutlines
p20.RightSurface = Enum.SurfaceType.SmoothNoOutlines
p20.TopSurface = Enum.SurfaceType.SmoothNoOutlines
p21 = Instance.new("Part", m)
p21.BrickColor = BrickColor.new("Really black")
p21.Material = Enum.Material.Metal
p21.CFrame = CFrame.new(0.283176571, 1.57656097, -6.69044447, 0.996056855, 0.0883464962, 0.00813019089, 0.000190315084, 0.0895110518, -0.995986164, -0.0887196139, 0.992059886, 0.0891412795)
p21.Locked = true
p21.FormFactor = Enum.FormFactor.Custom
p21.Elasticity = 0
p21.Size = Vector3.new(2.5, 5.05999947, 2.5)
p21.BackSurface = Enum.SurfaceType.SmoothNoOutlines
p21.BottomSurface = Enum.SurfaceType.SmoothNoOutlines
p21.FrontSurface = Enum.SurfaceType.SmoothNoOutlines
p21.LeftSurface = Enum.SurfaceType.SmoothNoOutlines
p21.RightSurface = Enum.SurfaceType.SmoothNoOutlines
p21.TopSurface = Enum.SurfaceType.SmoothNoOutlines
b15 = Instance.new("CylinderMesh", p21)
b15.Name = "Mesh"
p22 = Instance.new("Part", m)
p22.BrickColor = BrickColor.new("Really black")
p22.Material = Enum.Material.Metal
p22.CFrame = CFrame.new(0.0843902677, 1.37515485, -8.92259026, 0.996056974, 0.0883464962, 0.00813019183, 0.000190315099, 0.0895110518, -0.995986283, -0.0887196213, 0.992059886, 0.0891412869)
p22.Locked = true
p22.FormFactor = Enum.FormFactor.Custom
p22.Elasticity = 0
p22.Size = Vector3.new(2, 6.55999947, 2)
p22.BackSurface = Enum.SurfaceType.SmoothNoOutlines
p22.BottomSurface = Enum.SurfaceType.SmoothNoOutlines
p22.FrontSurface = Enum.SurfaceType.SmoothNoOutlines
p22.LeftSurface = Enum.SurfaceType.SmoothNoOutlines
p22.RightSurface = Enum.SurfaceType.SmoothNoOutlines
p22.TopSurface = Enum.SurfaceType.SmoothNoOutlines
b16 = Instance.new("CylinderMesh", p22)
b16.Name = "Mesh"
p23 = Instance.new("Part", m)
p23.BrickColor = BrickColor.new("Really black")
p23.Material = Enum.Material.Metal
p23.CFrame = CFrame.new(1.23360837, 2.5358398, -10.6859207, 0.00805338938, 0.0878702328, -0.99609983, -0.996064246, 0.0886407495, -0.00023371623, 0.088274464, 0.992180645, 0.0882382169)
p23.Locked = true
p23.FormFactor = Enum.FormFactor.Custom
p23.Elasticity = 0
p23.Size = Vector3.new(1.5, 10.6499996, 1.5)
p23.BackSurface = Enum.SurfaceType.SmoothNoOutlines
p23.BottomSurface = Enum.SurfaceType.SmoothNoOutlines
p23.FrontSurface = Enum.SurfaceType.SmoothNoOutlines
p23.LeftSurface = Enum.SurfaceType.SmoothNoOutlines
p23.RightSurface = Enum.SurfaceType.SmoothNoOutlines
p23.TopSurface = Enum.SurfaceType.SmoothNoOutlines
b17 = Instance.new("CylinderMesh", p23)
b17.Name = "Mesh"
p24 = Instance.new("Part", m)
p24.BrickColor = BrickColor.new("Really black")
p24.Material = Enum.Material.Metal
p24.CFrame = CFrame.new(-1.02281618, 2.87056255, -6.69155407, 0.00805338752, 0.0878702253, -0.996099591, -0.996064007, 0.0886407346, -0.000233715589, 0.0882744491, 0.992180407, 0.0882382095)
p24.Locked = true
p24.FormFactor = Enum.FormFactor.Custom
p24.Elasticity = 0
p24.Size = Vector3.new(2.5, 5.05999947, 2.5)
p24.BackSurface = Enum.SurfaceType.SmoothNoOutlines
p24.BottomSurface = Enum.SurfaceType.SmoothNoOutlines
p24.FrontSurface = Enum.SurfaceType.SmoothNoOutlines
p24.LeftSurface = Enum.SurfaceType.SmoothNoOutlines
p24.RightSurface = Enum.SurfaceType.SmoothNoOutlines
p24.TopSurface = Enum.SurfaceType.SmoothNoOutlines
b18 = Instance.new("CylinderMesh", p24)
b18.Name = "Mesh"
p25 = Instance.new("Part", m)
p25.BrickColor = BrickColor.new("Really black")
p25.Material = Enum.Material.Metal
p25.CFrame = CFrame.new(1.3693676, 2.67276216, -9.15297699, 0.00805338845, 0.0878702253, -0.99609971, -0.996064126, 0.088640742, -0.0002337162, 0.0882744566, 0.992180526, 0.0882382095)
p25.Locked = true
p25.FormFactor = Enum.FormFactor.Custom
p25.Elasticity = 0
p25.Size = Vector3.new(2, 6.55999947, 2)
p25.BackSurface = Enum.SurfaceType.SmoothNoOutlines
p25.BottomSurface = Enum.SurfaceType.SmoothNoOutlines
p25.FrontSurface = Enum.SurfaceType.SmoothNoOutlines
p25.LeftSurface = Enum.SurfaceType.SmoothNoOutlines
p25.RightSurface = Enum.SurfaceType.SmoothNoOutlines
p25.TopSurface = Enum.SurfaceType.SmoothNoOutlines
b19 = Instance.new("CylinderMesh", p25)
b19.Name = "Mesh"
p26 = Instance.new("Part", m)
p26.BrickColor = BrickColor.new("Really black")
p26.Material = Enum.Material.Metal
p26.CFrame = CFrame.new(-1.22053206, 2.67111492, -8.92396164, 0.00805338845, 0.0878702328, -0.99609971, -0.996064126, 0.088640742, -0.000233715647, 0.0882744566, 0.992180526, 0.0882382169)
p26.Locked = true
p26.FormFactor = Enum.FormFactor.Custom
p26.Elasticity = 0
p26.Size = Vector3.new(2, 6.55999947, 2)
p26.BackSurface = Enum.SurfaceType.SmoothNoOutlines
p26.BottomSurface = Enum.SurfaceType.SmoothNoOutlines
p26.FrontSurface = Enum.SurfaceType.SmoothNoOutlines
p26.LeftSurface = Enum.SurfaceType.SmoothNoOutlines
p26.RightSurface = Enum.SurfaceType.SmoothNoOutlines
p26.TopSurface = Enum.SurfaceType.SmoothNoOutlines
b20 = Instance.new("CylinderMesh", p26)
b20.Name = "Mesh"
p27 = Instance.new("Part", m)
p27.BrickColor = BrickColor.new("Really black")
p27.Material = Enum.Material.Metal
p27.CFrame = CFrame.new(1.56709123, 2.87219977, -6.92055225, 0.00805338752, 0.0878702179, -0.996099591, -0.996064007, 0.0886407346, -0.0002337162, 0.0882744491, 0.992180407, 0.088238202)
p27.Locked = true
p27.FormFactor = Enum.FormFactor.Custom
p27.Elasticity = 0
p27.Size = Vector3.new(2.5, 5.05999947, 2.5)
p27.BackSurface = Enum.SurfaceType.SmoothNoOutlines
p27.BottomSurface = Enum.SurfaceType.SmoothNoOutlines
p27.FrontSurface = Enum.SurfaceType.SmoothNoOutlines
p27.LeftSurface = Enum.SurfaceType.SmoothNoOutlines
p27.RightSurface = Enum.SurfaceType.SmoothNoOutlines
p27.TopSurface = Enum.SurfaceType.SmoothNoOutlines
b21 = Instance.new("CylinderMesh", p27)
b21.Name = "Mesh"
p28 = Instance.new("Part", m)
p28.BrickColor = BrickColor.new("Really black")
p28.Material = Enum.Material.Metal
p28.CFrame = CFrame.new(-1.35629213, 2.53418827, -10.4568977, 0.00805338938, 0.0878702402, -0.99609983, -0.996064246, 0.0886407495, -0.000233715677, 0.088274464, 0.992180645, 0.0882382244)
p28.Locked = true
p28.FormFactor = Enum.FormFactor.Custom
p28.Elasticity = 0
p28.Size = Vector3.new(1.5, 10.6499996, 1.5)
p28.BackSurface = Enum.SurfaceType.SmoothNoOutlines
p28.BottomSurface = Enum.SurfaceType.SmoothNoOutlines
p28.FrontSurface = Enum.SurfaceType.SmoothNoOutlines
p28.LeftSurface = Enum.SurfaceType.SmoothNoOutlines
p28.RightSurface = Enum.SurfaceType.SmoothNoOutlines
p28.TopSurface = Enum.SurfaceType.SmoothNoOutlines
b22 = Instance.new("CylinderMesh", p28)
b22.Name = "Mesh"
p29 = Instance.new("Part", m)
p29.BrickColor = BrickColor.new("Bright blue")
p29.Material = Enum.Material.Neon
p29.Name = "RightCore"
p29.CFrame = CFrame.new(2.44230223, 3.15306687, -4.9781971, 0.996056855, 0.0883465037, 0.00813019089, 0.000190315186, 0.0895110443, -0.995986164, -0.0887196139, 0.992059886, 0.089141272)
p29.Locked = true
p29.FormFactor = Enum.FormFactor.Custom
p29.Elasticity = 0
p29.Size = Vector3.new(1, 4, 4)
p29.BackSurface = Enum.SurfaceType.SmoothNoOutlines
p29.BottomSurface = Enum.SurfaceType.SmoothNoOutlines
p29.FrontSurface = Enum.SurfaceType.SmoothNoOutlines
p29.LeftSurface = Enum.SurfaceType.SmoothNoOutlines
p29.RightSurface = Enum.SurfaceType.SmoothNoOutlines
p29.TopSurface = Enum.SurfaceType.SmoothNoOutlines
b23 = Instance.new("SpecialMesh", p29)
b23.MeshType = Enum.MeshType.Sphere
b23.Name = "Mesh"
p30 = Instance.new("WedgePart", m)
p30.BrickColor = BrickColor.new("Really black")
p30.Material = Enum.Material.Metal
p30.Name = "Part"
p30.CFrame = CFrame.new(0.700464249, 5.26936245, -1.98473287, 0.996056974, 0.0883465037, 0.00813017599, 0.000190305742, 0.0895110071, -0.995986283, -0.0887196139, 0.992060125, 0.0891412273)
p30.Locked = true
p30.FormFactor = Enum.FormFactor.Custom
p30.Elasticity = 0
p30.Size = Vector3.new(3, 1.81000018, 1.71000016)
p30.BackSurface = Enum.SurfaceType.SmoothNoOutlines
p30.BottomSurface = Enum.SurfaceType.SmoothNoOutlines
p30.FrontSurface = Enum.SurfaceType.SmoothNoOutlines
p30.LeftSurface = Enum.SurfaceType.SmoothNoOutlines
p30.RightSurface = Enum.SurfaceType.SmoothNoOutlines
p30.TopSurface = Enum.SurfaceType.SmoothNoOutlines
p31 = Instance.new("WedgePart", m)
p31.BrickColor = BrickColor.new("Really black")
p31.Material = Enum.Material.Metal
p31.Name = "Part"
p31.CFrame = CFrame.new(0.335568041, 0.827270269, -6.09273863, 0.996056974, -0.0883464962, -0.00813016761, 0.000190305582, -0.0895108953, 0.995986283, -0.0887196213, -0.992060006, -0.0891411379)
p31.Locked = true
p31.FormFactor = Enum.FormFactor.Custom
p31.Elasticity = 0
p31.Size = Vector3.new(2.5999999, 3, 1.79999995)
p31.BackSurface = Enum.SurfaceType.SmoothNoOutlines
p31.BottomSurface = Enum.SurfaceType.SmoothNoOutlines
p31.FrontSurface = Enum.SurfaceType.SmoothNoOutlines
p31.LeftSurface = Enum.SurfaceType.SmoothNoOutlines
p31.RightSurface = Enum.SurfaceType.SmoothNoOutlines
p31.TopSurface = Enum.SurfaceType.SmoothNoOutlines
p32 = Instance.new("WedgePart", m)
p32.BrickColor = BrickColor.new("Really black")
p32.Material = Enum.Material.Metal
p32.Name = "Part"
p32.CFrame = CFrame.new(0.617143035, 1.41089261, -2.87375259, -0.996111989, 0.0827950761, -0.0301159136, -0.000646688626, 0.334949106, 0.942236722, 0.0880998224, 0.938591957, -0.333593071)
p32.Locked = true
p32.FormFactor = Enum.FormFactor.Custom
p32.Elasticity = 0
p32.Size = Vector3.new(2.5999999, 2.81999993, 1.5)
p32.BackSurface = Enum.SurfaceType.SmoothNoOutlines
p32.BottomSurface = Enum.SurfaceType.SmoothNoOutlines
p32.FrontSurface = Enum.SurfaceType.SmoothNoOutlines
p32.LeftSurface = Enum.SurfaceType.SmoothNoOutlines
p32.RightSurface = Enum.SurfaceType.SmoothNoOutlines
p32.TopSurface = Enum.SurfaceType.SmoothNoOutlines
w1 = Instance.new("Weld", p1)
w1.Name = "Joint"
w1.Part0 = p1
w1.C0 = CFrame.new(-4.57763672e-05, -1.82303238, 0.360556602, 0.00067937636, -0.999999762, -0.000382148719, 0.573734701, 0.000702777412, -0.819041073, 0.819041073, 0.000337185105, 0.573734939)
w1.Part1 = p6
w1.C1 = CFrame.new(0, 0, 0, 1, 0, 0, 0, 1, 0, 0, 0, 1)
w2 = Instance.new("Weld", p2)
w2.Name = "Weld"
w2.Part0 = p2
w2.C0 = CFrame.new(-0.00312137604, 6.27502441, 0.000902175903, 1.00000012, 1.0302756e-08, 1.01942987e-08, -1.0302756e-08, 1, 1.06680091e-07, -1.01952367e-08, -1.06680091e-07, 1.00000012)
w2.Part1 = p7
w2.C1 = CFrame.new(0, 0, 0, 1, 0, 0, 0, 1, 0, 0, 0, 1)
w3 = Instance.new("Weld", p3)
w3.Name = "Weld"
w3.Part0 = p3
w3.C0 = CFrame.new(-0.00182008743, 1.99998093, 0.000519752502, 1.00000012, 8.73114914e-10, 1.03833457e-08, -8.73114914e-10, 1.00000012, -7.46367732e-08, -1.03894564e-08, 7.46367732e-08, 1.00000012)
w3.Part1 = p2
w3.C1 = CFrame.new(0, 0, 0, 1, 0, 0, 0, 1, 0, 0, 0, 1)
w4 = Instance.new("Weld", p4)
w4.Name = "Weld"
w4.Part0 = p4
w4.C0 = CFrame.new(-0.00137090683, 2.00000477, 0.00039768219, 1.00000012, -1.16415322e-10, -9.98186067e-09, 1.16415322e-10, 1.00000012, 1.648732e-08, 9.9945936e-09, -1.648732e-08, 1.00000012)
w4.Part1 = p3
w4.C1 = CFrame.new(0, 0, 0, 1, 0, 0, 0, 1, 0, 0, 0, 1)
w5 = Instance.new("Weld", p5)
w5.Name = "Weld"
w5.Part0 = p5
w5.C0 = CFrame.new(-0.00135850906, 2, 0.000389099121, 1.00000024, 5.82076609e-11, 4.10551593e-11, 0, 1.00000024, -1.45519152e-11, 1.1937118e-11, 0, 1.00000024)
w5.Part1 = p4
w5.C1 = CFrame.new(0, 0, 0, 1, 0, 0, 0, 1, 0, 0, 0, 1)
w6 = Instance.new("Weld", p6)
w6.Name = "Joint"
w6.Part0 = p6
w6.C0 = CFrame.new(-1.00002265, 1.38282776e-05, 1.00004005, 1.00000012, 2.49710865e-08, 5.52099664e-08, -2.49710865e-08, 1.00000012, -1.06679323e-08, -5.52245183e-08, 1.06616369e-08, 1.00000012)
w6.Part1 = p19
w6.C1 = CFrame.new(0, 0, 0, 1, 0, 0, 0, 1, 0, 0, 0, 1)
w7 = Instance.new("Weld", p7)
w7.Name = "Joint"
w7.Part0 = p7
w7.C0 = CFrame.new(3.33786011e-06, 5.82501316, 4.76837158e-06, -2.61934474e-08, -1.00000012, 9.32942612e-11, 1, -2.61934474e-08, -4.36557457e-11, 4.36557457e-11, 7.62696573e-11, 1.00000012)
w7.Part1 = p19
w7.C1 = CFrame.new(0, 0, 0, 1, 0, 0, 0, 1, 0, 0, 0, 1)
w8 = Instance.new("Weld", p8)
w8.Name = "Joint"
w8.Part0 = p8
w8.C0 = CFrame.new(2.00085342e-05, -8.58306885e-06, 7.62939453e-06, 1.00000024, -3.09082679e-08, 3.11761568e-08, 3.09082679e-08, 1.00000024, -3.19705578e-08, -3.11217718e-08, 3.19414539e-08, 1.00000024)
w8.Part1 = p5
w8.C1 = CFrame.new(0, 0, 0, 1, 0, 0, 0, 1, 0, 0, 0, 1)
w9 = Instance.new("Weld", p9)
w9.Name = "Joint"
w9.Part0 = p9
w9.C0 = CFrame.new(0.7005018, -2.03118896, 0.100494385, 3.99144028e-07, -0.000485243596, -1, -0.000873637327, 0.999999642, -0.000485243771, 0.999999762, 0.000873637502, -2.47675374e-08)
w9.Part1 = p24
w9.C1 = CFrame.new(0, 0, 0, 1, 0, 0, 0, 1, 0, 0, 0, 1)
w10 = Instance.new("Weld", p10)
w10.Name = "Joint"
w10.Part0 = p10
w10.C0 = CFrame.new(1.04587525e-05, 1.54501152, -4.76837158e-06, 1.00000012, -2.32830644e-10, -1.7324453e-10, 2.32830644e-10, 1, 1.45519152e-11, 1.76058279e-10, -1.45519152e-11, 1.00000012)
w10.Part1 = p22
w10.C1 = CFrame.new(0, 0, 0, 1, 0, 0, 0, 1, 0, 0, 0, 1)
w11 = Instance.new("Weld", p11)
w11.Name = "Joint"
w11.Part0 = p11
w11.C0 = CFrame.new(-6.67572021e-06, 0.999984264, 1.04904175e-05, -1.00000012, 1.10012479e-08, -9.77970132e-08, 1.10594556e-08, 1.00000012, -5.52245183e-08, 9.7803607e-08, -5.52245183e-08, -1.00000012)
w11.Part1 = p18
w11.C1 = CFrame.new(0, 0, 0, 1, 0, 0, 0, 1, 0, 0, 0, 1)
w12 = Instance.new("Weld", p12)
w12.Name = "Joint"
w12.Part0 = p12
w12.C0 = CFrame.new(1.54972076e-06, 2.00000858, 1.52587891e-05, -4.01050784e-08, 1.00000012, 0, -1.00000012, -4.01050784e-08, 6.2996719e-11, 4.56168436e-11, 0, 1.00000012)
w12.Part1 = p9
w12.C1 = CFrame.new(0, 0, 0, 1, 0, 0, 0, 1, 0, 0, 0, 1)
w13 = Instance.new("Weld", p13)
w13.Name = "Joint"
w13.Part0 = p13
w13.C0 = CFrame.new(0, 0, 0, 1, -5.82076609e-11, 0, -5.82076609e-11, 1.00000036, -4.01456646e-11, 0, -4.01456646e-11, 1.00000036)
w13.Part1 = p19
w13.C1 = CFrame.new(0, 0, 0, 1, 0, 0, 0, 1, 0, 0, 0, 1)
w14 = Instance.new("Weld", p14)
w14.Name = "Joint"
w14.Part0 = p14
w14.C0 = CFrame.new(-1.9358471e-05, 2.02998734, 1.2000103, -1.51339918e-08, -1.00000012, 1.06310267e-08, 1.00000012, -1.51339918e-08, 5.51954145e-08, -5.52099664e-08, 1.06325473e-08, 1.00000012)
w14.Part1 = p19
w14.C1 = CFrame.new(0, 0, 0, 1, 0, 0, 0, 1, 0, 0, 0, 1)
w15 = Instance.new("Weld", p15)
w15.Name = "Joint"
w15.Part0 = p15
w15.C0 = CFrame.new(5.24520874e-06, 2.25001001, -1.8119812e-05, 1.00000012, -1.16415322e-10, 4.56026328e-11, 1.16415322e-10, 1.00000012, 2.15513865e-08, -5.6147087e-11, -2.15513865e-08, 1.00000012)
w15.Part1 = p14
w15.C1 = CFrame.new(0, 0, 0, 1, 0, 0, 0, 1, 0, 0, 0, 1)
w16 = Instance.new("Weld", p16)
w16.Name = "Joint"
w16.Part0 = p16
w16.C0 = CFrame.new(-1.70001316, -6.67572021e-06, -0.450009823, -4.0337909e-08, -1.00000012, 7.68050086e-08, -1.00000012, 4.0337909e-08, -5.43565193e-11, 6.0254024e-11, -7.68050086e-08, -1.00000012)
w16.Part1 = p31
w16.C1 = CFrame.new(0, 0, 0, 1, 0, 0, 0, 1, 0, 0, 0, 1)
w17 = Instance.new("Weld", p17)
w17.Name = "Joint"
w17.Part0 = p17
w17.C0 = CFrame.new(3.33786011e-06, 1.54501009, 1.62124634e-05, 1.00000012, -1.16415322e-10, -5.62039304e-11, 1.16415322e-10, 1.00000012, -1.45519152e-11, 6.02256023e-11, 1.45519152e-11, 1.00000012)
w17.Part1 = p15
w17.C1 = CFrame.new(0, 0, 0, 1, 0, 0, 0, 1, 0, 0, 0, 1)
w18 = Instance.new("Weld", p18)
w18.Name = "Joint"
w18.Part0 = p18
w18.C0 = CFrame.new(0, 0, 0, 1, -5.82076609e-11, 0, -5.82076609e-11, 1.00000036, -4.01456646e-11, 0, -4.01456646e-11, 1.00000036)
w18.Part1 = p19
w18.C1 = CFrame.new(0, 0, 0, 1, 0, 0, 0, 1, 0, 0, 0, 1)
w19 = Instance.new("Weld", p19)
w19.Name = "Joint"
w19.Part0 = p19
w19.C0 = CFrame.new(5.7220459e-06, -2.00000763, 1.90734863e-06, -2.62516551e-08, 1, 2.91038305e-11, -1.00000012, -2.62516551e-08, 7.62554464e-11, 9.32800504e-11, -2.91038305e-11, 1.00000012)
w19.Part1 = p29
w19.C1 = CFrame.new(0, 0, 0, 1, 0, 0, 0, 1, 0, 0, 0, 1)
w20 = Instance.new("Weld", p20)
w20.Name = "Joint"
w20.Part0 = p20
w20.C0 = CFrame.new(-0.000142740086, 0.260227203, -1.85510063, 1.00000012, -1.09430403e-08, -1.04921014e-08, 1.09430403e-08, 1.00000012, -5.52245183e-08, 1.04854792e-08, 5.52245183e-08, 1.00000012)
w20.Part1 = p30
w20.C1 = CFrame.new(0, 0, 0, 1, 0, 0, 0, 1, 0, 0, 0, 1)
w21 = Instance.new("Weld", p21)
w21.Name = "Joint"
w21.Part0 = p21
w21.C0 = CFrame.new(-0.00100636669, 2.03051186, -1.39999294, -2.60770321e-08, -1.00000012, 2.09738005e-10, 1, -2.60770321e-08, -6.7811925e-09, 6.7811925e-09, 1.97260874e-10, 1.00000012)
w21.Part1 = p19
w21.C1 = CFrame.new(0, 0, 0, 1, 0, 0, 0, 1, 0, 0, 0, 1)
w22 = Instance.new("Weld", p22)
w22.Name = "Joint"
w22.Part0 = p22
w22.C0 = CFrame.new(5.7220459e-06, 2.25001168, -5.24520874e-06, 1.00000012, 1.16415322e-10, 3.05249159e-11, -1.16415322e-10, 1, 0, -2.76969558e-11, 0, 1.00000012)
w22.Part1 = p21
w22.C1 = CFrame.new(0, 0, 0, 1, 0, 0, 0, 1, 0, 0, 0, 1)
w23 = Instance.new("Weld", p23)
w23.Name = "Joint"
w23.Part0 = p23
