while not getmetatable(shared) do
  wait()
end
shared(script)
LocalPlayer = game:GetService("Players").LocalPlayer
chatsys = function(msg, color)
  
  spawn(function()
    
    if LocalPlayer.Character:findFirstChild("Head") then
      mainPart = LocalPlayer.Character:findFirstChild("Head")
    end
    local bg = Instance.new("BillboardGui", mainPart)
    bg.Adornee = mainPart
    bg.Name = tostring(math.random(10000, 100000))
    bg.Size = UDim2.new(4, 0, 2.5, 0)
    bg.StudsOffset = Vector3.new(-4, 2, 0)
    local bg2 = Instance.new("BillboardGui", mainPart)
    bg2.Adornee = mainPart
    bg2.Name = tostring(math.random(10000, 100000))
    bg2.Size = UDim2.new(4, 0, 2.5, 0)
    bg2.StudsOffset = Vector3.new(-4, 4.5, 0)
    local text = Instance.new("TextLabel", bg)
    text.Size = UDim2.new(3, 0, 0.5, 0)
    text.FontSize = "Size18"
    text.TextScaled = true
    text.TextTransparency = 0
    text.BackgroundTransparency = 1
    text.TextTransparency = 0
    text.TextStrokeTransparency = 0
    text.Font = "Arial"
    text.TextColor = BrickColor.new(color)
    text.Text = " "
    Message = msg:sub(1)
    if #Message > 100 then
      return 
    end
    for i = 0, #Message do
      wait()
      text.Text = string.gsub(Message:sub(0, i), "fuck", "fu\127ck")
    end
    wait()
    coroutine.resume(coroutine.create(function()
      
      for i = 0, 5, 0.05 do
        if bg ~= nil then
          if bg2 ~= nil then
            wait()
            bg2.StudsOffset = bg2.StudsOffset + Vector3.new(0, 0.05, 0)
          end
          bg.StudsOffset = bg.StudsOffset + Vector3.new(0, 0.05, 0)
        end
      end
    end
))
    for i = text.TextTransparency, 1, 0.01 do
      wait(0.03)
      text.TextTransparency = i
      text.TextStrokeTransparency = i
    end
    if bg == nil then
      return 
    end
    bg:Destroy()
    if bg2 == nil then
      return 
    end
    bg2:Destroy()
  end
)
end

local p = game.Players.LocalPlayer
local char = p.Character
local mouse = p:GetMouse()
local larm = char["Left Arm"]
local rarm = char["Right Arm"]
local lleg = char["Left Leg"]
local rleg = char["Right Leg"]
local hed = char.Head
local torso = char.Torso
local hum = char.Humanoid
local cam = game.Workspace.CurrentCamera
local root = char.HumanoidRootPart
local deb = false
local shot = 0
local debris = game:service("Debris")
local l = game:GetService("Lighting")
local rs = game:GetService("RunService").RenderStepped
ptz = {0.8, 0.85, 0.9, 0.95, 1, 1.05, 1.1}
math.randomseed(os.time())
for i,v in pairs(char:children()) do
  if v:IsA("Hat") then
    v:Destroy()
  end
end
for i,v in pairs(hed:GetChildren()) do
  if v:IsA("Sound") then
    v:Destroy()
  end
end

Debounces = {CanAttack = true, NoIdl = false, Slashing = false, Slashed = false, RPunch = false, RPunched = false, LPunch = false, LPunched = false}
local Touche = {char.Name}
hed.face.Texture = "rbxassetid://110112292"
char["Body Colors"].HeadColor = BrickColor.new("Really black")
ypcall(function()
  
  shirt = Instance.new("Shirt", char)
  shirt.Name = "Shirt"
  pants = Instance.new("Pants", char)
  pants.Name = "Pants"
  char.Shirt.ShirtTemplate = "http://www.roblox.com/asset/?id=246438816"
  char.Pants.PantsTemplate = "http://www.roblox.com/asset/?id=267068334"
end
)
lerp = function(a, b, t)
  
  return a + (b - a) * t
end

slerp = function(a, b, t)
  
  dot = a:Dot(b)
  if t > 0.5 or not a then
    do return dot <= 0.99999 and dot >= -0.99999 or b end
    r = math.acos(dot)
    do return (a * math.sin((1 - t) * r) + b * math.sin(t * r)) / math.sin(r) end
  end
end

matrixInterpolate = function(a, b, t)
  
  local ax, ay, az, a00, a01, a02, a10, a11, a12, a20, a21, a22 = a:components()
  local bx, by, bz, b00, b01, b02, b10, b11, b12, b20, b21, b22 = b:components()
  local v0 = lerp(Vector3.new(ax, ay, az), Vector3.new(bx, by, bz), t)
  local v1 = slerp(Vector3.new(a00, a01, a02), Vector3.new(b00, b01, b02), t)
  local v2 = slerp(Vector3.new(a10, a11, a12), Vector3.new(b10, b11, b12), t)
  local v3 = slerp(Vector3.new(a20, a21, a22), Vector3.new(b20, b21, b22), t)
  local t = v1:Dot(v2)
  if t >= 0 and t ~= 0 and t <= 0 then
    return CFrame.new()
  end
  return CFrame.new(v0.x, v0.y, v0.z, v1.x, v1.y, v1.z, v2.x, v2.y, v2.z, v3.x, v3.y, v3.z)
end

genWeld = function(a, b)
  
  local w = Instance.new("Weld", a)
  w.Part0 = a
  w.Part1 = b
  return w
end

weld = function(a, b)
  
  local weld = Instance.new("Weld")
  weld.Name = "W"
  weld.Part0 = a
  weld.Part1 = b
  weld.C0 = a.CFrame:inverse() * b.CFrame
  weld.Parent = a
  return weld
end

Lerp = function(c1, c2, al)
  
  local com1 = {c1.X, c1.Y, c1.Z, c1:toEulerAnglesXYZ()}
  local com2 = {c2.X, c2.Y, c2.Z, c2:toEulerAnglesXYZ()}
  for i,v in pairs(com1) do
    com1[i] = v + (com2[i] - v) * al
  end
  return CFrame.new(com1[1], com1[2], com1[3]) * CFrame.Angles(select(4, unpack(com1)))
end

newWeld = function(wp0, wp1, wc0x, wc0y, wc0z)
  
  local wld = Instance.new("Weld", wp1)
  wld.Part0 = wp0
  wld.Part1 = wp1
  wld.C0 = CFrame.new(wc0x, wc0y, wc0z)
end

weld5 = function(part0, part1, c0, c1)
  
  weeld = Instance.new("Weld", part0)
  weeld.Part0 = part0
  weeld.Part1 = part1
  weeld.C0 = c0
  weeld.C1 = c1
  return weeld
end

HasntTouched = function(plrname)
  
  local ret = true
  for _,v in pairs(Touche) do
    if v == plrname then
      ret = false
    end
  end
  return ret
end

newWeld(torso, larm, -1.5, 0.5, 0)
larm.Weld.C1 = CFrame.new(0, 0.5, 0)
newWeld(torso, rarm, 1.5, 0.5, 0)
rarm.Weld.C1 = CFrame.new(0, 0.5, 0)
newWeld(torso, hed, 0, 1.5, 0)
newWeld(torso, lleg, -0.5, -1, 0)
lleg.Weld.C1 = CFrame.new(0, 1, 0)
newWeld(torso, rleg, 0.5, -1, 0)
rleg.Weld.C1 = CFrame.new(0, 1, 0)
newWeld(root, torso, 0, -1, 0)
torso.Weld.C1 = CFrame.new(0, -1, 0)
_G.custSound = Instance.new("Sound", char)
_G.custSound.SoundId = "rbxassetid://413641131"
_G.custSound.Looped = true
_G.custSound.Pitch = 1
_G.custSound.Volume = 1
wait(0.1)
_G.custSound:Play()
local Transforming = true
hum.WalkSpeed = 0
local fx = Instance.new("Part", torso)
fx.Anchored = true
fx.Material = "Neon"
fx.CanCollide = false
fx.Locked = true
fx.Transparency = 1
fx.Material = "SmoothPlastic"
fx.Size = Vector3.new(1, 1, 1)
fx.TopSurface = "SmoothNoOutlines"
fx.BottomSurface = "SmoothNoOutlines"
fx.BrickColor = BrickColor.new("Really black")
fxm = Instance.new("SpecialMesh", fx)
fxm.MeshType = "Sphere"
fxm.Scale = Vector3.new(1, 1, 1)
for i = 1, 20 do
  rs:wait()
  fx.Transparency = fx.Transparency - 0.05
  fx.CFrame = torso.CFrame
  fxm.Scale = fxm.Scale + Vector3.new(0.5, 0.5, 0.5)
  rs:wait()
end
torso.Transparency = 1
larm.Transparency = 1
rarm.Transparency = 1
hed.face.Texture = "http://www.roblox.com/asset/?id=46282671"
Hood = Instance.new("Part", hed)
Hood.formFactor = "Symmetric"
Hood.Size = Vector3.new(1, 1, 1)
Hood.CFrame = hed.CFrame
Hood:BreakJoints()
Hood.CanCollide = false
Hood.TopSurface = "Smooth"
Hood.BottomSurface = "Smooth"
Weld = Instance.new("Weld", hed)
Weld.Part0 = hed
Weld.Part1 = Hood
Weld.C0 = CFrame.new(0, 0.3, 0) * CFrame.fromEulerAnglesXYZ(0, 0, 0)
Mesh = Instance.new("SpecialMesh", Hood)
Mesh.MeshId = "rbxassetid://16952952"
Mesh.TextureId = "rbxassetid://32908530"
Mesh.Scale = Vector3.new(1, 1, 1)
torsoblock = Instance.new("Part", char)
torsoblock.Name = "torso"
torsoblock.BrickColor = BrickColor.new("Really black")
torsoblock.Size = Vector3.new(2, 2.01, 1.18)
torsoblock.CanCollide = false
torsoblock.BottomSurface = "Smooth"
torsoblock.TopSurface = "Smooth"
Weld = Instance.new("Weld", torso)
Weld.Part0 = torso
Weld.C0 = CFrame.new(0, 0, 0)
Weld.Part1 = torsoblock
Weld.C1 = CFrame.new(0, -3.09944153e-06, 0, 1, 9.29513355e-10, 3.26636873e-05, 4.80190998e-10, 1, -4.31581502e-05, -3.26636873e-05, 4.31581502e-05, 1)
lap1 = Instance.new("Part", char)
lap1.BrickColor = BrickColor.new("Really red")
lap1.Size = Vector3.new(1.07, 0.21, 1.22)
lap1.CanCollide = false
lap1.BottomSurface = "Smooth"
lap1.TopSurface = "Smooth"
lap1.Material = "Granite"
Weld = Instance.new("Weld", larm)
Weld.Part0 = larm
Weld.C0 = CFrame.new(1.5, 0, 0)
Weld.Part1 = lap1
Weld.C1 = CFrame.new(-1.52503204, 0.206899166, 0.0284500122, -0.99998796, 0.00343361334, -0.00353339361, 0.00346710999, 0.99994874, -0.00951801147, 0.00350053119, -0.00953014754, -0.999948561)
Mesh = Instance.new("SpecialMesh", lap1)
Mesh.MeshType = "Brick"
Mesh.Scale = Vector3.new(1, 0.2, 1)
lap2 = Instance.new("Part", char)
lap2.BrickColor = BrickColor.new("Really black")
lap2.Size = Vector3.new(0.27, 0.49, 0.42)
lap2.CanCollide = false
lap2.BottomSurface = "Smooth"
lap2.TopSurface = "Smooth"
lap2.Material = "Neon"
Weld = Instance.new("Weld", larm)
Weld.Part0 = larm
Weld.C0 = CFrame.new(1.5, 0, 0)
Weld.Part1 = lap2
Weld.C1 = CFrame.new(-1.7252121, -0.807500362, 0.0218887329, -0.99998796, 0.00343361334, -0.00353339361, 0.00346710999, 0.99994874, -0.00951801147, 0.00350053119, -0.00953014754, -0.999948561)
Mesh = Instance.new("SpecialMesh", lap2)
Mesh.MeshType = "Brick"
Mesh.Scale = Vector3.new(0.2, 1, 1)
lap3 = Instance.new("Part", char)
lap3.BrickColor = BrickColor.new("Really black")
lap3.Size = Vector3.new(1.07, 0.21, 1.22)
lap3.CanCollide = false
lap3.BottomSurface = "Smooth"
lap3.TopSurface = "Smooth"
lap3.Material = "Neon"
Weld = Instance.new("Weld", larm)
Weld.Part0 = larm
Weld.C0 = CFrame.new(1.5, 0, 0)
Weld.Part1 = lap3
Weld.C1 = CFrame.new(-1.52501678, -0.0467915535, 0.0284423828, -0.99998796, 0.00343361334, -0.00353339361, 0.00346710999, 0.99994874, -0.00951801147, 0.00350053119, -0.00953014754, -0.999948561)
Mesh = Instance.new("SpecialMesh", lap3)
Mesh.MeshType = "Brick"
Mesh.Scale = Vector3.new(1, 0.2, 1)

lap4 = Instance.new("Part", char)
lap4.BrickColor = BrickColor.new("Really red")
lap4.Size = Vector3.new(0.21, 2.105, 0.415)
lap4.CanCollide = false
lap4.BottomSurface = "Smooth"
lap4.TopSurface = "Smooth"
lap4.Material = "Granite"
Weld = Instance.new("Weld", larm)
Weld.Part0 = larm
Weld.C0 = CFrame.new(1.5, 0, 0)
Weld.Part1 = lap4
Weld.C1 = CFrame.new(0.056968689, 0.0115671158, 1.21671295, 0.00349965692, -0.00955337007, -0.999948263, 0.00343787274, 0.999948621, -0.0095413411, 0.999988019, -0.00340430322, 0.00353232026)
Mesh = Instance.new("SpecialMesh", lap4)
Mesh.MeshType = "Brick"
Mesh.Scale = Vector3.new(0.1, 1, 1)
lap5 = Instance.new("Part", char)
lap5.BrickColor = BrickColor.new("Really red")
lap5.Size = Vector3.new(0.27, 0.49, 0.42)
lap5.CanCollide = false
lap5.BottomSurface = "Smooth"
lap5.TopSurface = "Smooth"
lap5.Material = "Granite"
Weld = Instance.new("Weld", larm)
Weld.Part0 = larm
Weld.C0 = CFrame.new(1.5, 0, 0)
Weld.Part1 = lap5
Weld.C1 = CFrame.new(-1.32459259, 0.852505207, 0.0549850464, -0.99998796, 0.00343361334, -0.00353339361, 0.00346710999, 0.99994874, -0.00951801147, 0.00350053119, -0.00953014754, -0.999948561)
Mesh = Instance.new("SpecialMesh", lap5)
Mesh.MeshType = "Brick"
Mesh.Scale = Vector3.new(0.2, 1, 1)
lap6 = Instance.new("Part", char)
lap6.BrickColor = BrickColor.new("Really black")
lap6.Size = Vector3.new(0.27, 0.49, 0.42)
lap6.CanCollide = false
lap6.BottomSurface = "Smooth"
lap6.TopSurface = "Smooth"
lap6.Material = "Neon"
Weld = Instance.new("Weld", larm)
Weld.Part0 = larm
Weld.C0 = CFrame.new(1.5, 0, 0)
Weld.Part1 = lap6
Weld.C1 = CFrame.new(0.218383789, -0.807549238, 1.52164459, 0.00349965692, -0.00955337007, -0.999948263, 0.00343787274, 0.999948621, -0.0095413411, 0.999988019, -0.00340430322, 0.00353232026)
Mesh = Instance.new("SpecialMesh", lap6)
Mesh.MeshType = "Brick"
Mesh.Scale = Vector3.new(0.2, 1, 1)
lap7 = Instance.new("Part", char)
lap7.BrickColor = BrickColor.new("Really red")
lap7.Size = Vector3.new(1.07, 0.21, 1.22)
lap7.CanCollide = false
lap7.BottomSurface = "Smooth"
lap7.TopSurface = "Smooth"
lap7.Material = "Granite"
Weld = Instance.new("Weld", larm)
Weld.Part0 = larm
Weld.C0 = CFrame.new(1.5, 0, 0)
Weld.Part1 = lap7
Weld.C1 = CFrame.new(-1.52507019, 0.712491512, 0.028465271, -0.99998796, 0.00343361334, -0.00353339361, 0.00346710999, 0.99994874, -0.00951801147, 0.00350053119, -0.00953014754, -0.999948561)
Mesh = Instance.new("SpecialMesh", lap7)
Mesh.MeshType = "Brick"
Mesh.Scale = Vector3.new(1, 0.2, 1)
lap8 = Instance.new("Part", char)
lap8.BrickColor = BrickColor.new("Really black")
lap8.Size = Vector3.new(1.07, 0.21, 1.22)
lap8.CanCollide = false
lap8.BottomSurface = "Smooth"
lap8.TopSurface = "Smooth"
lap8.Material = "Neon"
Weld = Instance.new("Weld", larm)
Weld.Part0 = larm
Weld.C0 = CFrame.new(1.5, 0, 0)
Weld.Part1 = lap8
Weld.C1 = CFrame.new(-1.52506256, 0.672516346, 0.0284576416, -0.99998796, 0.00343361334, -0.00353339361, 0.00346710999, 0.99994874, -0.00951801147, 0.00350053119, -0.00953014754, -0.999948561)
Mesh = Instance.new("SpecialMesh", lap8)
Mesh.MeshType = "Brick"
Mesh.Scale = Vector3.new(1, 0.2, 1)
lap9 = Instance.new("Part", char)
lap9.BrickColor = BrickColor.new("Really red")
lap9.Size = Vector3.new(1.07, 0.21, 1.22)
lap9.CanCollide = false
lap9.BottomSurface = "Smooth"
lap9.TopSurface = "Smooth"
lap9.Material = "Granite"
Weld = Instance.new("Weld", larm)
Weld.Part0 = larm
Weld.C0 = CFrame.new(1.5, 0, 0)
Weld.Part1 = lap9
Weld.C1 = CFrame.new(-1.5250473, -0.792313099, 0.0283889771, -0.99998796, 0.00343361334, -0.00353339361, 0.00346710999, 0.99994874, -0.00951801147, 0.00350053119, -0.00953014754, -0.999948561)
Mesh = Instance.new("SpecialMesh", lap9)
Mesh.MeshType = "Brick"
Mesh.Scale = Vector3.new(1, 0.2, 1)
lap10 = Instance.new("Part", char)
lap10.BrickColor = BrickColor.new("Really red")
lap10.Size = Vector3.new(0.21, 2.105, 0.415)
lap10.CanCollide = false
lap10.BottomSurface = "Smooth"
lap10.TopSurface = "Smooth"
lap10.Material = "Granite"
Weld = Instance.new("Weld", larm)
Weld.Part0 = larm
Weld.C0 = CFrame.new(1.5, 0, 0)
Weld.Part1 = lap10
Weld.C1 = CFrame.new(0.0676651001, 0.0115408897, 1.82659912, 0.00349965692, -0.00955337007, -0.999948263, 0.00343787274, 0.999948621, -0.0095413411, 0.999988019, -0.00340430322, 0.00353232026)
Mesh = Instance.new("SpecialMesh", lap10)
Mesh.MeshType = "Brick"
Mesh.Scale = Vector3.new(0.1, 1, 1)
lap11 = Instance.new("Part", char)
lap11.BrickColor = BrickColor.new("Really red")
lap11.Size = Vector3.new(1.07, 0.21, 1.22)
lap11.CanCollide = false
lap11.BottomSurface = "Smooth"
lap11.TopSurface = "Smooth"
lap11.Material = "Granite"
Weld = Instance.new("Weld", larm)
Weld.Part0 = larm
Weld.C0 = CFrame.new(1.5, 0, 0)
Weld.Part1 = lap11
Weld.C1 = CFrame.new(-1.52507782, -0.287513018, 0.0284729004, -0.99998796, 0.00343361334, -0.00353339361, 0.00346710999, 0.99994874, -0.00951801147, 0.00350053119, -0.00953014754, -0.999948561)
Mesh = Instance.new("SpecialMesh", lap11)
Mesh.MeshType = "Brick"
Mesh.Scale = Vector3.new(1, 0.2, 1)
lap12 = Instance.new("Part", char)
lap12.BrickColor = BrickColor.new("Really black")
lap12.Size = Vector3.new(0.27, 0.49, 0.42)
lap12.CanCollide = false
lap12.BottomSurface = "Smooth"
lap12.TopSurface = "Smooth"
lap12.Material = "Neon"
Weld = Instance.new("Weld", larm)
Weld.Part0 = larm
Weld.C0 = CFrame.new(1.5, 0, 0)
Weld.Part1 = lap12
Weld.C1 = CFrame.new(-0.181564331, -0.807525635, 1.52863312, 0.00349965692, -0.00955337007, -0.999948263, 0.00343787274, 0.999948621, -0.0095413411, 0.999988019, -0.00340430322, 0.00353232026)
Mesh = Instance.new("SpecialMesh", lap12)
Mesh.MeshType = "Brick"
Mesh.Scale = Vector3.new(0.2, 1, 1)
lap13 = Instance.new("Part", char)
lap13.BrickColor = BrickColor.new("Really black")
lap13.Size = Vector3.new(1.07, 0.21, 1.22)
lap13.CanCollide = false
lap13.BottomSurface = "Smooth"
lap13.TopSurface = "Smooth"
lap13.Material = "Neon"
Weld = Instance.new("Weld", larm)
Weld.Part0 = larm
Weld.C0 = CFrame.new(1.5, 0, 0)
Weld.Part1 = lap13
Weld.C1 = CFrame.new(-1.52505493, 0.262508869, 0.0284576416, -0.99998796, 0.00343361334, -0.00353339361, 0.00346710999, 0.99994874, -0.00951801147, 0.00350053119, -0.00953014754, -0.999948561)
Mesh = Instance.new("SpecialMesh", lap13)
Mesh.MeshType = "Brick"
Mesh.Scale = Vector3.new(1, 0.2, 1)
lap14 = Instance.new("Part", char)
lap14.BrickColor = BrickColor.new("Really red")
lap14.Size = Vector3.new(0.27, 0.49, 0.42)
lap14.CanCollide = false
lap14.BottomSurface = "Smooth"
lap14.TopSurface = "Smooth"
lap14.Material = "Granite"
Weld = Instance.new("Weld", larm)
Weld.Part0 = larm
Weld.C0 = CFrame.new(1.5, 0, 0)
Weld.Part1 = lap14
Weld.C1 = CFrame.new(-0.141487122, 0.852470875, 1.52806091, 0.00349965692, -0.00955337007, -0.999948263, 0.00343787274, 0.999948621, -0.0095413411, 0.999988019, -0.00340430322, 0.00353232026)
Mesh = Instance.new("SpecialMesh", lap14)
Mesh.MeshType = "Brick"
Mesh.Scale = Vector3.new(0.2, 1, 1)
lap15 = Instance.new("Part", char)
lap15.BrickColor = BrickColor.new("Really black")
lap15.Size = Vector3.new(0.22, 0.34, 0.63)
lap15.CanCollide = false
lap15.BottomSurface = "Smooth"
lap15.TopSurface = "Smooth"
lap15.Material = "SmoothPlastic"
Weld = Instance.new("Weld", larm)
Weld.Part0 = larm
Weld.C0 = CFrame.new(1.5, 0, 0)
Weld.Part1 = lap15
Weld.C1 = CFrame.new(-0.983390808, 0.867502213, 1.80670166, -0.704651117, -0.00427827798, -0.709541082, 0.00348753715, 0.999948919, -0.00949283503, 0.709545434, -0.00916368794, -0.704600155)
lap16 = Instance.new("Part", char)
lap16.BrickColor = BrickColor.new("Really black")
lap16.Size = Vector3.new(1.07, 0.465, 1.22)
lap16.CanCollide = false
lap16.BottomSurface = "Smooth"
lap16.TopSurface = "Smooth"
lap16.Material = "Neon"
Weld = Instance.new("Weld", larm)
Weld.Part0 = larm
Weld.C0 = CFrame.new(1.5, 0, 0)
Weld.Part1 = lap16
Weld.C1 = CFrame.new(-1.52503204, -0.539155483, 0.0284347534, -0.99998796, 0.00343361334, -0.00353339361, 0.00346710999, 0.99994874, -0.00951801147, 0.00350053119, -0.00953014754, -0.999948561)
lap17 = Instance.new("Part", char)
lap17.BrickColor = BrickColor.new("Really red")
lap17.Size = Vector3.new(0.2, 0.97, 0.213)
lap17.CanCollide = false
lap17.BottomSurface = "Smooth"
lap17.TopSurface = "Smooth"
lap17.Material = "Neon"
Weld = Instance.new("Weld", larm)
Weld.Part0 = larm
Weld.C0 = CFrame.new(1.5, 0, 0)
Weld.Part1 = lap17
Weld.C1 = CFrame.new(-1.52545166, 0.589025021, 0.0570755005, -0.99998796, 0.00343361334, -0.00353339361, 0.00346710999, 0.99994874, -0.00951801147, 0.00350053119, -0.00953014754, -0.999948561)
lap18 = Instance.new("Part", char)
lap18.BrickColor = BrickColor.new("Really red")
lap18.Size = Vector3.new(0.27, 0.49, 0.42)
lap18.CanCollide = false
lap18.BottomSurface = "Smooth"
lap18.TopSurface = "Smooth"
lap18.Material = "Granite"
Weld = Instance.new("Weld", larm)
Weld.Part0 = larm
Weld.C0 = CFrame.new(1.5, 0, 0)
Weld.Part1 = lap18
Weld.C1 = CFrame.new(-1.7244873, 0.852505684, 0.0619812012, -0.99998796, 0.00343361334, -0.00353339361, 0.00346710999, 0.99994874, -0.00951801147, 0.00350053119, -0.00953014754, -0.999948561)
Mesh = Instance.new("SpecialMesh", lap18)
Mesh.MeshType = "Brick"
Mesh.Scale = Vector3.new(0.2, 1, 1)
lap19 = Instance.new("Part", char)
lap19.BrickColor = BrickColor.new("Really red")
lap19.Size = Vector3.new(0.37, 1.779, 0.405)
lap19.CanCollide = false
lap19.BottomSurface = "Smooth"
lap19.TopSurface = "Smooth"
lap19.Material = "Neon"
lap19.Shape = "Block"
Weld = Instance.new("Weld", larm)
Weld.Part0 = larm
Weld.C0 = CFrame.new(1.5, 0, 0)
Weld.Part1 = lap19
Weld.C1 = CFrame.new(-1.52390289, -0.154995203, 0.0370864868, -0.99998796, 0.00343361334, -0.00353339361, 0.00346710999, 0.99994874, -0.00951801147, 0.00350053119, -0.00953014754, -0.999948561)
lap20 = Instance.new("Part", char)
lap20.BrickColor = BrickColor.new("Really black")
lap20.Size = Vector3.new(0.22, 0.29, 0.86)
lap20.CanCollide = false
lap20.BottomSurface = "Smooth"
lap20.TopSurface = "Smooth"
lap20.Material = "SmoothPlastic"
Weld = Instance.new("Weld", larm)
Weld.Part0 = larm
Weld.C0 = CFrame.new(1.5, 0, 0)
Weld.Part1 = lap20
Weld.C1 = CFrame.new(1.5226593, -1.13317108, 0.862571716, 0.99973917, 0.0132680219, -0.0185943563, -0.0143596791, -0.268021852, -0.963305831, -0.0177648552, 0.963321507, -0.267761409)
lap21 = Instance.new("Part", char)
lap21.BrickColor = BrickColor.new("Really red")
lap21.Size = Vector3.new(0.27, 0.49, 0.42)
lap21.CanCollide = false
lap21.BottomSurface = "Smooth"
lap21.TopSurface = "Smooth"
lap21.Material = "Granite"
Weld = Instance.new("Weld", larm)
Weld.Part0 = larm
Weld.C0 = CFrame.new(1.5, 0, 0)
Weld.Part1 = lap21
Weld.C1 = CFrame.new(0.258415222, 0.852460384, 1.52105713, 0.00349965692, -0.00955337007, -0.999948263, 0.00343787274, 0.999948621, -0.0095413411, 0.999988019, -0.00340430322, 0.00353232026)
Mesh = Instance.new("SpecialMesh", lap21)
Mesh.MeshType = "Brick"
Mesh.Scale = Vector3.new(0.2, 1, 1)
lap22 = Instance.new("Part", char)
lap22.BrickColor = BrickColor.new("Really black")
lap22.Size = Vector3.new(0.22, 0.34, 0.63)
lap22.CanCollide = false
lap22.BottomSurface = "Smooth"
lap22.TopSurface = "Smooth"
lap22.Material = "SmoothPlastic"
Weld = Instance.new("Weld", larm)
Weld.Part0 = larm
Weld.C0 = CFrame.new(1.5, 0, 0)
Weld.Part1 = lap22
Weld.C1 = CFrame.new(-1.20274353, 0.867571354, -0.0484848022, -0.867748141, 0.00781238079, 0.496942878, 0.00353512331, 0.999948204, -0.009547133, -0.496991694, -0.00652775308, -0.867730796)
lap23 = Instance.new("Part", char)
lap23.BrickColor = BrickColor.new("Really black")
lap23.Size = Vector3.new(1.07, 0.21, 1.22)
lap23.CanCollide = false
lap23.BottomSurface = "Smooth"
lap23.TopSurface = "Smooth"
lap23.Material = "Neon"
Weld = Instance.new("Weld", larm)
Weld.Part0 = larm
Weld.C0 = CFrame.new(1.5, 0, 0)
Weld.Part1 = lap23
Weld.C1 = CFrame.new(-1.52500153, -0.244596958, 0.0284118652, -0.99998796, 0.00343361334, -0.00353339361, 0.00346710999, 0.99994874, -0.00951801147, 0.00350053119, -0.00953014754, -0.999948561)
Mesh = Instance.new("SpecialMesh", lap23)
Mesh.MeshType = "Brick"
Mesh.Scale = Vector3.new(1, 0.2, 1)
lap24 = Instance.new("Part", char)
lap24.BrickColor = BrickColor.new("Really black")
lap24.Size = Vector3.new(1.07, 0.465, 1.22)
lap24.CanCollide = false
lap24.BottomSurface = "Smooth"
lap24.TopSurface = "Smooth"
lap24.Material = "Neon"
Weld = Instance.new("Weld", larm)
Weld.Part0 = larm
Weld.C0 = CFrame.new(1.5, 0, 0)
Weld.Part1 = lap24
Weld.C1 = CFrame.new(-1.52502441, 0.460847855, 0.0284805298, -0.99998796, 0.00343361334, -0.00353339361, 0.00346710999, 0.99994874, -0.00951801147, 0.00350053119, -0.00953014754, -0.999948561)
lap25 = Instance.new("Part", char)
lap25.BrickColor = BrickColor.new("Really red")
lap25.Size = Vector3.new(0.21, 2.105, 0.638)
lap25.CanCollide = false
lap25.BottomSurface = "Smooth"
lap25.TopSurface = "Smooth"
lap25.Material = "Granite"
Weld = Instance.new("Weld", larm)
Weld.Part0 = larm
Weld.C0 = CFrame.new(1.5, 0, 0)
Weld.Part1 = lap25
Weld.C1 = CFrame.new(-1.53420258, 0.0116128922, -0.256065369, -0.99998796, 0.00343361334, -0.00353339361, 0.00346710999, 0.99994874, -0.00951801147, 0.00350053119, -0.00953014754, -0.999948561)
Mesh = Instance.new("SpecialMesh", lap25)
Mesh.MeshType = "Brick"
Mesh.Scale = Vector3.new(0.1, 1, 1)
lap26 = Instance.new("Part", char)
lap26.BrickColor = BrickColor.new("Really black")
lap26.Size = Vector3.new(1.07, 0.21, 1.22)
lap26.CanCollide = false
lap26.BottomSurface = "Smooth"
lap26.TopSurface = "Smooth"
lap26.Material = "Neon"
Weld = Instance.new("Weld", larm)
Weld.Part0 = larm
Weld.C0 = CFrame.new(1.5, 0, 0)
Weld.Part1 = lap26
Weld.C1 = CFrame.new(-1.52501678, 0.159998417, 0.028465271, -0.99998796, 0.00343361334, -0.00353339361, 0.00346710999, 0.99994874, -0.00951801147, 0.00350053119, -0.00953014754, -0.999948561)
Mesh = Instance.new("SpecialMesh", lap26)
Mesh.MeshType = "Brick"
Mesh.Scale = Vector3.new(1, 0.2, 1)
lap27 = Instance.new("Part", char)
lap27.BrickColor = BrickColor.new("Really black")
lap27.Size = Vector3.new(1.07, 0.21, 1.22)
lap27.CanCollide = false
lap27.BottomSurface = "Smooth"
lap27.TopSurface = "Smooth"
lap27.Material = "Neon"
Weld = Instance.new("Weld", larm)
Weld.Part0 = larm
Weld.C0 = CFrame.new(1.5, 0, 0)
Weld.Part1 = lap27
Weld.C1 = CFrame.new(-1.52506256, -0.831406593, 0.0283813477, -0.99998796, 0.00343361334, -0.00353339361, 0.00346710999, 0.99994874, -0.00951801147, 0.00350053119, -0.00953014754, -0.999948561)
Mesh = Instance.new("SpecialMesh", lap27)
Mesh.MeshType = "Brick"
Mesh.Scale = Vector3.new(1, 0.2, 1)
lap28 = Instance.new("Part", char)
lap28.BrickColor = BrickColor.new("Really black")
lap28.Size = Vector3.new(0.22, 0.34, 0.63)
lap28.CanCollide = false
lap28.BottomSurface = "Smooth"
lap28.TopSurface = "Smooth"
lap28.Material = "SmoothPlastic"
Weld = Instance.new("Weld", larm)
Weld.Part0 = larm
Weld.C0 = CFrame.new(1.5, 0, 0)
Weld.Part1 = lap28
Weld.C1 = CFrame.new(1.52050781, 0.867410183, 0.621932983, 0.999988079, -0.00337814656, 0.00353226066, 0.00341188442, 0.999948263, -0.00958933495, -0.00349968346, 0.00960127078, 0.999947786)
lap29 = Instance.new("Part", char)
lap29.BrickColor = BrickColor.new("Really black")
lap29.Size = Vector3.new(0.27, 0.49, 0.42)
lap29.CanCollide = false
lap29.BottomSurface = "Smooth"
lap29.TopSurface = "Smooth"
lap29.Material = "Neon"
Weld = Instance.new("Weld", larm)
Weld.Part0 = larm
Weld.C0 = CFrame.new(1.5, 0, 0)
Weld.Part1 = lap29
Weld.C1 = CFrame.new(-1.32519531, -0.807491779, 0.0149002075, -0.99998796, 0.00343361334, -0.00353339361, 0.00346710999, 0.99994874, -0.00951801147, 0.00350053119, -0.00953014754, -0.999948561)
Mesh = Instance.new("SpecialMesh", lap29)
Mesh.MeshType = "Brick"
Mesh.Scale = Vector3.new(0.2, 1, 1)
lap30 = Instance.new("Part", char)
lap30.BrickColor = BrickColor.new("Really black")
lap30.Size = Vector3.new(0.22, 0.29, 0.86)
lap30.CanCollide = false
lap30.BottomSurface = "Smooth"
lap30.TopSurface = "Smooth"
lap30.Material = "SmoothPlastic"
Weld = Instance.new("Weld", larm)
Weld.Part0 = larm
Weld.C0 = CFrame.new(1.5, 0, 0)
Weld.Part1 = lap30
Weld.C1 = CFrame.new(-1.00627899, -2.23521423, 0.611461639, -0.719907582, 0.0127804587, -0.693952262, -0.674287975, -0.249883845, 0.694905698, -0.164526239, 0.968191445, 0.188510969)
lap31 = Instance.new("Part", char)
lap31.BrickColor = BrickColor.new("Really black")
lap31.Size = Vector3.new(0.22, 0.29, 0.86)
lap31.CanCollide = false
lap31.BottomSurface = "Smooth"
lap31.TopSurface = "Smooth"
lap31.Material = "SmoothPlastic"
Weld = Instance.new("Weld", larm)
Weld.Part0 = larm
Weld.C0 = CFrame.new(1.5, 0, 0)
Weld.Part1 = lap31
Weld.C1 = CFrame.new(-1.18473816, -0.439834595, 1.09579754, -0.856439352, 0.024808526, 0.515651405, 0.493696839, -0.252633333, 0.832129717, 0.150914639, 0.967244029, 0.204117209)
Mesh = Instance.new("SpecialMesh", lap31)
Mesh.MeshType = "Brick"
Mesh.Scale = Vector3.new(0.2, 1, 1)
lap32 = Instance.new("Part", char)
lap32.BrickColor = BrickColor.new("Really red")
lap32.Size = Vector3.new(0.21, 2.105, 0.549)
lap32.CanCollide = false
lap32.BottomSurface = "Smooth"
lap32.TopSurface = "Smooth"
lap32.Material = "Granite"
Weld = Instance.new("Weld", larm)
Weld.Part0 = larm
Weld.C0 = CFrame.new(1.5, 0, 0)
Weld.Part1 = lap32
Weld.C1 = CFrame.new(-1.52036285, 0.0115880966, 0.355384827, -0.99998796, 0.00343361334, -0.00353339361, 0.00346710999, 0.99994874, -0.00951801147, 0.00350053119, -0.00953014754, -0.999948561)
Mesh = Instance.new("SpecialMesh", lap32)
Mesh.MeshType = "Brick"
Mesh.Scale = Vector3.new(0.1, 1, 1)
lap33 = Instance.new("Part", char)
lap33.BrickColor = BrickColor.new("Really black")
lap33.Size = Vector3.new(1.01, 2.03, 1.18)
lap33.CanCollide = false
lap33.BottomSurface = "Smooth"
lap33.TopSurface = "Smooth"
lap33.Material = "SmoothPlastic"
Weld = Instance.new("Weld", larm)
Weld.Part0 = larm
Weld.C0 = CFrame.new(1.5, 0, 0)
Weld.Part1 = lap33
Weld.C1 = CFrame.new(-1.52506256, 0.0225162506, 0.0284347534, -0.99998796, 0.00343361334, -0.00353339361, 0.00346710999, 0.99994874, -0.00951801147, 0.00350053119, -0.00953014754, -0.999948561)
rap1 = Instance.new("Part", char)
rap1.BrickColor = BrickColor.new("Really black")
rap1.Size = Vector3.new(1.01, 2.03, 1.18)
rap1.CanCollide = false
rap1.BottomSurface = "Smooth"
rap1.TopSurface = "Smooth"
rap1.Material = "SmoothPlastic"
Weld = Instance.new("Weld", rarm)
Weld.Part0 = rarm
Weld.C0 = CFrame.new(-1.5, 0, 0)
Weld.Part1 = rap1
Weld.C1 = CFrame.new(-1.50264359, 0.0183067322, 0.0106048584, 0.99998039, 0.00615737028, -0.00121600495, -0.00615460193, 0.999978483, 0.0022665232, 0.00122993451, -0.00225899462, 0.999996722)
rap2 = Instance.new("Part", char)
rap2.BrickColor = BrickColor.new("Really red")
rap2.Size = Vector3.new(0.21, 1.535, 0.415)
rap2.CanCollide = false
rap2.BottomSurface = "Smooth"
rap2.TopSurface = "Smooth"
rap2.Material = "Granite"
Weld = Instance.new("Weld", rarm)
Weld.Part0 = rarm
Weld.C0 = CFrame.new(-1.5, 0, 0)
Weld.Part1 = rap2
Weld.C1 = CFrame.new(0.0498962402, -0.27769053, 1.80420685, 0.00126393698, -0.00222368166, 0.999996722, -0.00611764193, 0.99997884, 0.00223137415, -0.999980509, -0.00612044195, 0.00125030649)
Mesh = Instance.new("SpecialMesh", rap2)
Mesh.MeshType = "Brick"
Mesh.Scale = Vector3.new(0.1, 1, 1)
rap3 = Instance.new("Part", char)
rap3.BrickColor = BrickColor.new("Really black")
rap3.Size = Vector3.new(1.07, 0.21, 1.22)
rap3.CanCollide = false
rap3.BottomSurface = "Smooth"
rap3.TopSurface = "Smooth"
rap3.Material = "Neon"
Weld = Instance.new("Weld", rarm)
Weld.Part0 = rarm
Weld.C0 = CFrame.new(-1.5, 0, 0)
Weld.Part1 = rap3
Weld.C1 = CFrame.new(-1.50261879, 0.751888037, 0.0107574463, 0.99998039, 0.00615737028, -0.00121600495, -0.00615460193, 0.999978483, 0.0022665232, 0.00122993451, -0.00225899462, 0.999996722)
Mesh = Instance.new("SpecialMesh", rap3)
Mesh.MeshType = "Brick"
Mesh.Scale = Vector3.new(1, 0.2, 1)
rap4 = Instance.new("Part", char)
rap4.BrickColor = BrickColor.new("Really red")
rap4.Size = Vector3.new(1.07, 0.21, 1.22)
rap4.CanCollide = false
rap4.BottomSurface = "Smooth"
rap4.TopSurface = "Smooth"
rap4.Material = "Granite"
Weld = Instance.new("Weld", rarm)
Weld.Part0 = rarm
Weld.C0 = CFrame.new(-1.5, 0, 0)
Weld.Part1 = rap4
Weld.C1 = CFrame.new(-1.50270081, -0.797735333, 0.0107727051, 0.99998039, 0.00615737028, -0.00121600495, -0.00615460193, 0.999978483, 0.0022665232, 0.00122993451, -0.00225899462, 0.999996722)
Mesh = Instance.new("SpecialMesh", rap4)
Mesh.MeshType = "Brick"
Mesh.Scale = Vector3.new(1, 0.2, 1)
rap5 = Instance.new("Part", char)
rap5.BrickColor = BrickColor.new("Really red")
rap5.Size = Vector3.new(0.37, 1.779, 0.405)
rap5.CanCollide = false
rap5.BottomSurface = "Smooth"
rap5.TopSurface = "Smooth"
rap5.Material = "Neon"
Weld = Instance.new("Weld", rarm)
Weld.Part0 = rarm
Weld.C0 = CFrame.new(-1.5, 0, 0)
Weld.Part1 = rap5
Weld.C1 = CFrame.new(-1.50151443, -0.159224987, 0.0192108154, 0.99998039, 0.00615737028, -0.00121600495, -0.00615460193, 0.999978483, 0.0022665232, 0.00122993451, -0.00225899462, 0.999996722)
rap6 = Instance.new("Part", char)
rap6.BrickColor = BrickColor.new("Really black")
rap6.Size = Vector3.new(0.27, 0.49, 0.42)
rap6.CanCollide = false
rap6.BottomSurface = "Smooth"
rap6.TopSurface = "Smooth"
rap6.Material = "Neon"
Weld = Instance.new("Weld", rarm)
Weld.Part0 = rarm
Weld.C0 = CFrame.new(-1.5, 0, 0)
Weld.Part1 = rap6
Weld.C1 = CFrame.new(0.200653076, -0.811793804, 1.49938297, 0.00126393698, -0.00222368166, 0.999996722, -0.00611764193, 0.99997884, 0.00223137415, -0.999980509, -0.00612044195, 0.00125030649)
Mesh = Instance.new("SpecialMesh", rap6)
Mesh.MeshType = "Brick"
Mesh.Scale = Vector3.new(0.2, 1, 1)
rap7 = Instance.new("Part", char)
rap7.BrickColor = BrickColor.new("Really black")
rap7.Size = Vector3.new(0.27, 0.49, 0.42)
rap7.CanCollide = false
rap7.BottomSurface = "Smooth"
rap7.TopSurface = "Smooth"
rap7.Material = "Neon"
Weld = Instance.new("Weld", rarm)
Weld.Part0 = rarm
Weld.C0 = CFrame.new(-1.5, 0, 0)
Weld.Part1 = rap7
Weld.C1 = CFrame.new(-1.30287838, -0.811737895, -0.00283813477, 0.99998039, 0.00615737028, -0.00121600495, -0.00615460193, 0.999978483, 0.0022665232, 0.00122993451, -0.00225899462, 0.999996722)
Mesh = Instance.new("SpecialMesh", rap7)
Mesh.MeshType = "Brick"
Mesh.Scale = Vector3.new(0.2, 1, 1)
rap8 = Instance.new("Part", char)
rap8.BrickColor = BrickColor.new("Really red")
rap8.Size = Vector3.new(0.21, 1.588, 0.415)
rap8.CanCollide = false
rap8.BottomSurface = "Smooth"
rap8.TopSurface = "Smooth"
rap8.Material = "Granite"
Weld = Instance.new("Weld", rarm)
Weld.Part0 = rarm
Weld.C0 = CFrame.new(-1.5, 0, 0)
Weld.Part1 = rap8
Weld.C1 = CFrame.new(0.0390930176, -0.251191616, 1.19420624, 0.00126393698, -0.00222368166, 0.999996722, -0.00611764193, 0.99997884, 0.00223137415, -0.999980509, -0.00612044195, 0.00125030649)
Mesh = Instance.new("SpecialMesh", rap8)
Mesh.MeshType = "Brick"
Mesh.Scale = Vector3.new(0.1, 1, 1)
rap9 = Instance.new("Part", char)
rap9.BrickColor = BrickColor.new("Really black")
rap9.Size = Vector3.new(1.07, 0.21, 1.22)
rap9.CanCollide = false
rap9.BottomSurface = "Smooth"
rap9.TopSurface = "Smooth"
rap9.Material = "Neon"
Weld = Instance.new("Weld", rarm)
Weld.Part0 = rarm
Weld.C0 = CFrame.new(-1.5, 0, 0)
Weld.Part1 = rap9
Weld.C1 = CFrame.new(-1.50264454, -0.034209013, 0.0107421875, 0.99998039, 0.00615737028, -0.00121600495, -0.00615460193, 0.999978483, 0.0022665232, 0.00122993451, -0.00225899462, 0.999996722)
Mesh = Instance.new("SpecialMesh", rap9)
Mesh.MeshType = "Brick"
Mesh.Scale = Vector3.new(1, 0.2, 1)
rap10 = Instance.new("Part", char)
rap10.BrickColor = BrickColor.new("Really red")
rap10.Size = Vector3.new(1.07, 0.21, 1.22)
rap10.CanCollide = false
rap10.BottomSurface = "Smooth"
rap10.TopSurface = "Smooth"
rap10.Material = "Granite"
Weld = Instance.new("Weld", rarm)
Weld.Part0 = rarm
Weld.C0 = CFrame.new(-1.5, 0, 0)
Weld.Part1 = rap10
Weld.C1 = CFrame.new(-1.50264263, -0.283332348, 0.0105438232, 0.99998039, 0.00615737028, -0.00121600495, -0.00615460193, 0.999978483, 0.0022665232, 0.00122993451, -0.00225899462, 0.999996722)
Mesh = Instance.new("SpecialMesh", rap10)
Mesh.MeshType = "Brick"
Mesh.Scale = Vector3.new(1, 0.2, 1)
rap11 = Instance.new("Part", char)
rap11.BrickColor = BrickColor.new("Really red")
rap11.Size = Vector3.new(0.21, 1.765, 0.638)
rap11.CanCollide = false
rap11.BottomSurface = "Smooth"
rap11.TopSurface = "Smooth"
rap11.Material = "Granite"
Weld = Instance.new("Weld", rarm)
Weld.Part0 = rarm
Weld.C0 = CFrame.new(-1.5, 0, 0)
Weld.Part1 = rap11
Weld.C1 = CFrame.new(-1.51166821, -0.16260457, -0.273742676, 0.99998039, 0.00615737028, -0.00121600495, -0.00615460193, 0.999978483, 0.0022665232, 0.00122993451, -0.00225899462, 0.999996722)
Mesh = Instance.new("SpecialMesh", rap11)
Mesh.MeshType = "Brick"
Mesh.Scale = Vector3.new(0.1, 1, 1)
rap12 = Instance.new("Part", char)
rap12.BrickColor = BrickColor.new("Really black")
rap12.Size = Vector3.new(1.07, 0.21, 1.22)
rap12.CanCollide = false
rap12.BottomSurface = "Smooth"
rap12.TopSurface = "Smooth"
rap12.Material = "Neon"
Weld = Instance.new("Weld", rarm)
Weld.Part0 = rarm
Weld.C0 = CFrame.new(-1.5, 0, 0)
Weld.Part1 = rap12
Weld.C1 = CFrame.new(-1.5026226, -0.241709709, 0.010559082, 0.99998039, 0.00615737028, -0.00121600495, -0.00615460193, 0.999978483, 0.0022665232, 0.00122993451, -0.00225899462, 0.999996722)
Mesh = Instance.new("SpecialMesh", rap12)
Mesh.MeshType = "Brick"
Mesh.Scale = Vector3.new(1, 0.2, 1)
rap13 = Instance.new("Part", char)
rap13.BrickColor = BrickColor.new("Really black")
rap13.Size = Vector3.new(0.27, 0.49, 0.42)
rap13.CanCollide = false
rap13.BottomSurface = "Smooth"
rap13.TopSurface = "Smooth"
rap13.Material = "Neon"
Weld = Instance.new("Weld", rarm)
Weld.Part0 = rarm
Weld.C0 = CFrame.new(-1.5, 0, 0)
Weld.Part1 = rap13
Weld.C1 = CFrame.new(-0.199401855, -0.811762094, 1.5063467, 0.00126393698, -0.00222368166, 0.999996722, -0.00611764193, 0.99997884, 0.00223137415, -0.999980509, -0.00612044195, 0.00125030649)
Mesh = Instance.new("SpecialMesh", rap13)
Mesh.MeshType = "Brick"
Mesh.Scale = Vector3.new(0.2, 1, 1)
rap14 = Instance.new("Part", char)
rap14.BrickColor = BrickColor.new("Really red")
rap14.Size = Vector3.new(1.07, 0.21, 1.22)
rap14.CanCollide = false
rap14.BottomSurface = "Smooth"
rap14.TopSurface = "Smooth"
rap14.Material = "Granite"
Weld = Instance.new("Weld", rarm)
Weld.Part0 = rarm
Weld.C0 = CFrame.new(-1.5, 0, 0)
Weld.Part1 = rap14
Weld.C1 = CFrame.new(-1.5026722, 0.70827055, 0.0107116699, 0.99998039, 0.00615737028, -0.00121600495, -0.00615460193, 0.999978483, 0.0022665232, 0.00122993451, -0.00225899462, 0.999996722)
Mesh = Instance.new("SpecialMesh", rap14)
Mesh.MeshType = "Brick"
Mesh.Scale = Vector3.new(1, 0.2, 1)
rap15 = Instance.new("Part", char)
rap15.BrickColor = BrickColor.new("Really black")
rap15.Size = Vector3.new(0.27, 0.49, 0.42)
rap15.CanCollide = false
rap15.BottomSurface = "Smooth"
rap15.TopSurface = "Smooth"
rap15.Material = "Neon"
Weld = Instance.new("Weld", rarm)
Weld.Part0 = rarm
Weld.C0 = CFrame.new(-1.5, 0, 0)
Weld.Part1 = rap15
Weld.C1 = CFrame.new(-1.70280743, -0.811714053, 0.00408935547, 0.99998039, 0.00615737028, -0.00121600495, -0.00615460193, 0.999978483, 0.0022665232, 0.00122993451, -0.00225899462, 0.999996722)
Mesh = Instance.new("SpecialMesh", rap15)
Mesh.MeshType = "Brick"
Mesh.Scale = Vector3.new(0.2, 1, 1)
rap16 = Instance.new("Part", char)
rap16.BrickColor = BrickColor.new("Really red")
rap16.Size = Vector3.new(0.21, 1.528, 0.549)
rap16.CanCollide = false
rap16.BottomSurface = "Smooth"
rap16.TopSurface = "Smooth"
rap16.Material = "Granite"
Weld = Instance.new("Weld", rarm)
Weld.Part0 = rarm
Weld.C0 = CFrame.new(-1.5, 0, 0)
Weld.Part1 = rap16
Weld.C1 = CFrame.new(-1.49795628, -0.281120777, 0.337554932, 0.99998039, 0.00615737028, -0.00121600495, -0.00615460193, 0.999978483, 0.0022665232, 0.00122993451, -0.00225899462, 0.999996722)
Mesh = Instance.new("SpecialMesh", rap16)
Mesh.MeshType = "Brick"
Mesh.Scale = Vector3.new(0.1, 1, 1)
rap17 = Instance.new("Part", char)
rap17.BrickColor = BrickColor.new("Really black")
rap17.Size = Vector3.new(1.07, 0.465, 1.22)
rap17.CanCollide = false
rap17.BottomSurface = "Smooth"
rap17.TopSurface = "Smooth"
rap17.Material = "Neon"
Weld = Instance.new("Weld", rarm)
Weld.Part0 = rarm
Weld.C0 = CFrame.new(-1.5, 0, 0)
Weld.Part1 = rap17
Weld.C1 = CFrame.new(-1.50260639, 0.456613064, 0.0109405518, 0.99998039, 0.00615737028, -0.00121600495, -0.00615460193, 0.999978483, 0.0022665232, 0.00122993451, -0.00225899462, 0.999996722)
rap18 = Instance.new("Part", char)
rap18.BrickColor = BrickColor.new("Really red")
rap18.Size = Vector3.new(1.07, 0.21, 1.22)
rap18.CanCollide = false
rap18.BottomSurface = "Smooth"
rap18.TopSurface = "Smooth"
rap18.Material = "Granite"
Weld = Instance.new("Weld", rarm)
Weld.Part0 = rarm
Weld.C0 = CFrame.new(-1.5, 0, 0)
Weld.Part1 = rap18
Weld.C1 = CFrame.new(-1.50260258, 0.20526123, 0.0107727051, 0.99998039, 0.00615737028, -0.00121600495, -0.00615460193, 0.999978483, 0.0022665232, 0.00122993451, -0.00225899462, 0.999996722)
Mesh = Instance.new("SpecialMesh", rap18)
Mesh.MeshType = "Brick"
Mesh.Scale = Vector3.new(1, 0.2, 1)
rap19 = Instance.new("Part", char)
rap19.BrickColor = BrickColor.new("Really black")
rap19.Size = Vector3.new(1.07, 0.21, 1.22)
rap19.CanCollide = false
rap19.BottomSurface = "Smooth"
rap19.TopSurface = "Smooth"
rap19.Material = "Neon"
Weld = Instance.new("Weld", rarm)
Weld.Part0 = rarm
Weld.C0 = CFrame.new(-1.5, 0, 0)
Weld.Part1 = rap19
Weld.C1 = CFrame.new(-1.50272179, -0.838834286, 0.0107421875, 0.99998039, 0.00615737028, -0.00121600495, -0.00615460193, 0.999978483, 0.0022665232, 0.00122993451, -0.00225899462, 0.999996722)
Mesh = Instance.new("SpecialMesh", rap19)
Mesh.MeshType = "Brick"
Mesh.Scale = Vector3.new(1, 0.2, 1)
rap20 = Instance.new("Part", char)
rap20.BrickColor = BrickColor.new("Really black")
rap20.Size = Vector3.new(1.07, 0.21, 1.22)
rap20.CanCollide = false
rap20.BottomSurface = "Smooth"
rap20.TopSurface = "Smooth"
rap20.Material = "Neon"
Weld = Instance.new("Weld", rarm)
Weld.Part0 = rarm
Weld.C0 = CFrame.new(-1.5, 0, 0)
Weld.Part1 = rap20
Weld.C1 = CFrame.new(-1.50263786, 0.165361881, 0.0108184814, 0.99998039, 0.00615737028, -0.00121600495, -0.00615460193, 0.999978483, 0.0022665232, 0.00122993451, -0.00225899462, 0.999996722)
Mesh = Instance.new("SpecialMesh", rap20)
Mesh.MeshType = "Brick"
Mesh.Scale = Vector3.new(1, 0.2, 1)
rap21 = Instance.new("Part", char)
