wait(1)
--Decompilled / Converted to local by N3xul.
--Helped by xX360Sc0PeZXx.
--Helped by ()Peyton()
--Original Script was made by AmbientOcclusion (Script Skirmish Version)
--Last Updated: 2017-07-05
--Animations are kinda buggy.

--  _   _ ____             _    _____           _       _   
-- | \ | |___ \           | |  / ____|         (_)     | |  
-- |  \| | __) |_  ___   _| | | (___   ___ _ __ _ _ __ | |_ 
-- | . ` ||__ <\ \/ / | | | |  \___ \ / __| '__| | '_ \| __|
-- | |\  |___) |>  <| |_| | |  ____) | (__| |  | | |_) | |_ 
-- |_| \_|____//_/\_\\__,_|_| |_____/ \___|_|  |_| .__/ \__|
--                                               | |        
--                                               |_|        
--  __  __                 _   _______                         
-- |  \/  |               (_) |__   __|                        
-- | \  / | __ _ _ __ ___  _     | | ___  _ __ ___   ___   ___ 
-- | |\/| |/ _` | '_ ` _ \| |    | |/ _ \| '_ ` _ \ / _ \ / _ \
-- | |  | | (_| | | | | | | |    | | (_) | | | | | | (_) |  __/
-- |_|  |_|\__,_|_| |_| |_|_|    |_|\___/|_| |_| |_|\___/ \___|


local runDummyScript = function(f,scri)
local oldenv = getfenv(f)
local newenv = setmetatable({}, {
__index = function(_, k)
if k:lower() == 'script' then
return scri
else
return oldenv[k]
end
end
})
setfenv(f, newenv)
ypcall(function() f() end)
end
cors = {}
mas = Instance.new("Model",game:GetService("Lighting")) 
mas.Name = "CompiledModel"
o1 = Instance.new("LocalScript")
o1.Parent = mas
table.insert(cors,coroutine.create(function()
wait()
runDummyScript(function()
--Decompilled by N3xul.
API = {
  lerp = function(v0, v1, t)
    return (1 - t) * v0 + t * v1
  end,
  clerp = function(cf, cf2, t)
    cf:lerp(cf2, t)
  end,
  Current = "",
  New = {},
  Animations = {},
  Joints = {},
  Internal = {Playing = false, Looped = false},
  Styles = {
    sineinout = function(val)
      return math.sin(math.rad(val * 90))
    end,
    sinein = function(val)
      return math.sin(math.rad(val / 2 * 180))
    end,
    sineout = function(val)
      return math.sin(math.rad(val * 2 * 45))
    end
  }
}
function API.Internal.GetDictionaryLength(tab)
  local count = 0
  for i, v in pairs(tab) do
    count = count + 1
  end
  return count
end
function API.Internal.FindObject(tab, obj)
  for i, v in pairs(tab) do
    if obj == v then
      return i, v
    end
  end
end
function API.New.Keyframe(anim, tab)
  API.Animations[anim] = tab
end
function API.Animations.Play(anim, looped, speed, timeoffset)
  if API.Animations[anim] and (API.Current ~= anim or not API.Internal.Playing) then
    API.Internal.Playing = true
    API.Current = anim
    do
      local returnval
      function wrap(secondcall)
        if not API.Internal.Playing or not API.Current == anim then
          return
        end
        local time = timeoffset or -speed / 100
        if timeoffset then
          timeoffset = timeoffset - speed / 100
        end
        local speed = speed or 5
        local lasttick = tick()
        local prevC0 = {}
        local event
        function asd(step)
          time = time + speed * step
          local alpha
          for x, z in pairs(API.Animations[anim]) do
            if time >= z[1] or time == 1 then
              for i, v in pairs(API.Animations[anim][x]) do
                if i == 1 then
                elseif API.Animations[anim][x] then
                  if API.Animations[anim][x + 1] and time < API.Animations[anim][x + 1][1] then
                    local alpha = API.Animations[anim][x + 1][1] - z[1]
                    alpha = (time - z[1]) / alpha
                    if v[3] and API.Styles[v[3]:lower()] then
                      alpha = API.Styles[v[3]](alpha)
                    end
                    local target = API.Animations[anim][x + 1][i]
                    if target and target[1] and target[1] == v[1] then
                      if not prevC0[v[1]] and x == 1 then
                        prevC0[v[1]] = v[1][1].C0
                      end
                      if prevC0 ~= v[1][2] and x == 1 then
                        v[1][1].C0 = prevC0[v[1]]:lerp(v[1][2] * target[2], alpha)
                      else
                        v[1][1].C0 = v[1][2] * v[2]:lerp(target[2], alpha)
                      end
                      if time == 1 then
                        v[1][1].C0 = v[1][2] * target[2]
                      end
                    end
                  elseif time >= 1 then
                    v[1][1].C0 = v[1][2] * v[2]
                  end
                end
              end
            end
          end
          if time >= 1 or not API.Internal.Playing or API.Current ~= anim then
            lasttick = nil
            if not looped then
              if API.Current == anim then
                API.Internal.Playing = false
              end
              event:disconnect()
              returnval = true
            elseif API.Internal.Playing and API.Current == anim then
              if not secondcall then
                wrap(true)
                event:disconnect()
              else
                lasttick = tick()
                time = 0
              end
            else
              if API.Current == anim then
                API.Internal.Playing = false
              end
              event:disconnect()
              returnval = true
            end
          end
          lasttick = tick()
        end
        event = game:service("RunService").RenderStepped:connect(asd)
        if returnval and not looped then
          return true
        end
      end
      wrap()
      if not looped then
        repeat
          wait()
        until returnval
        return returnval
      end
    end
  end
end
function API.Animations.Stop()
  API.Internal.Playing = false
end
do
  local Recursive = function(Model)
    local Stuff = {}
    local function Recur(Targ)
      for i, v in pairs(Targ:getChildren()) do
        table.insert(Stuff, v)
        Recur(v)
      end
    end
    Recur(Model)
    return Stuff
  end
  function MoveModel(Model, CF)
    local Center = Model:GetPrimaryPartCFrame() or Model:getModelCFrame()
    local Offsets = {}
    for i, v in pairs(Recursive(Model)) do
      if v:IsA("BasePart") or v:IsA("UnionOperation") then
        Offsets[v] = CF * Center:toObjectSpace(v.CFrame)
      end
    end
    for i, v in pairs(Offsets) do
      i.CFrame = v
    end
  end
  function Anchored(Model, bool)
    for i, v in pairs(Recursive(Model)) do
      if v:IsA("BasePart") then
        v.Anchored = bool
      end
    end
  end
  function Locked(Model, bool)
    for i, v in pairs(Recursive(Model)) do
      if v:IsA("BasePart") then
        v.Locked = bool
      end
    end
  end
  function Transparency(Model, value, names)
    for i, v in pairs(Recursive(Model)) do
      if v:IsA("BasePart") or v:IsA("UnionOperation") then
        local dont
        if names then
          for z, x in pairs(names) do
            if v.Name == x then
              dont = true
            end
          end
        end
        if not dont then
          v.Transparency = value
        end
      end
    end
  end
  function CanCollide(Model, bool)
    for i, v in pairs(Recursive(Model)) do
      if v:IsA("BasePart") then
        v.CanCollide = bool
      end
    end
  end
  local setupPart = function(part, thick)
    part.Anchored = true
    part.FormFactor = "Custom"
    part.CanCollide = false
    part.Material = "SmoothPlastic"
    part.TopSurface = 10
    part.BottomSurface = 10
    part.LeftSurface = 10
    part.RightSurface = 10
    part.FrontSurface = 10
    part.BackSurface = 10
    local msh = Instance.new("SpecialMesh", part)
    msh.MeshType = "Wedge"
    msh.Scale = Vector3.new(thick, 1, 1)
  end
  function CreateTriangle(parent, a, b, c, thick)
    local CFrameFromTopBack = function(at, top, back)
      local right = top:Cross(back)
      return CFrame.new(at.x, at.y, at.z, right.x, top.x, back.x, right.y, top.y, back.y, right.z, top.z, back.z)
    end
    local thick = thick or 1
    local this = {}
    local mPart1 = Instance.new("WedgePart")
    setupPart(mPart1, thick, color)
    local mPart2 = Instance.new("WedgePart")
    setupPart(mPart2, thick, color)
    function this:Set(a, b, c)
      local ab, bc, ca = b - a, c - b, a - c
      local abm, bcm, cam = ab.magnitude, bc.magnitude, ca.magnitude
      local edg1 = math.abs(0.5 + ca:Dot(ab) / (abm * abm))
      local edg2 = math.abs(0.5 + ab:Dot(bc) / (bcm * bcm))
      local edg3 = math.abs(0.5 + bc:Dot(ca) / (cam * cam))
      if edg1 < edg2 then
        if edg1 < edg3 then
        else
          a, b, c = c, a, b
          ab, bc, ca = ca, ab, bc
          abm = cam
        end
      elseif edg2 < edg3 then
        a, b, c = b, c, a
        ab, bc, ca = bc, ca, ab
        abm = bcm
      else
        a, b, c = c, a, b
        ab, bc, ca = ca, ab, bc
        abm = cam
      end
      local len1 = -ca:Dot(ab) / abm
      local len2 = abm - len1
      local width = ca + ab.unit * len1.magnitude
      local maincf = CFrameFromTopBack(a, ab:Cross(bc).unit, -ab.unit)
      if len1 > 0.2 then
        mPart1.Parent = parent
        mPart1.Size = Vector3.new(0.2, width, len1)
        mPart1.CFrame = maincf * CFrame.Angles(math.pi, 0, math.pi / 2) * CFrame.new(0, width / 2, len1 / 2)
      else
        mPart1.Parent = nil
      end
      if len2 > 0.2 then
        mPart2.Parent = parent
        mPart2.Size = Vector3.new(0.2, width, len2)
        mPart2.CFrame = maincf * CFrame.Angles(math.pi, math.pi, -math.pi / 2) * CFrame.new(0, width / 2, -len1 - len2 / 2)
      else
        mPart2.Parent = nil
      end
    end
    function this:SetProperty(prop, value)
      mPart1[prop] = value
      mPart2[prop] = value
    end
    function this:GetProperty(prop)
      return mPart1[prop]
    end
    this:Set(a, b, c)
    function this:Destroy()
      mPart1:Destroy()
      mPart2:Destroy()
    end
    return this
  end
end
Effects = workspace:WaitForChild("GunEffects")
do
  local Trails = {}
  Particles = {
    AirRing = function(CF, Distance, Color, Opac, Size, Velocity)
      if not Effects.Parent == workspace then
        Effects = workspace:WaitForChild("GunEffects")
      end
      local StoredParticles = {}
      for Angle = 0, 360, 20 do
        local EffectDirection = Instance.new("Part", Effects)
        EffectDirection.Anchored = true
        EffectDirection.CanCollide = false
        EffectDirection.CFrame = CF * CFrame.Angles(math.pi / 2, 0, 0) * CFrame.Angles(0, 0, math.rad(Angle)) * CFrame.new(0, Distance, 0)
        EffectDirection.Transparency = 1
        local Smoke = Instance.new("Smoke", EffectDirection)
        Smoke.Color = Color3.new(Color.r / 255, Color.g / 255, Color.b / 255) or Color3.new(1, 1, 1)
        Smoke.Opacity = Opac or 0.05
        Smoke.Size = Size or 0
        Smoke.RiseVelocity = Velocity or 2
        table.insert(StoredParticles, Smoke)
        game:service("Debris"):AddItem(EffectDirection, 10)
      end
      wait(0.2)
      for Index, Value in next, StoredParticles, nil do
        if Value:IsA("Smoke") then
          Value.Enabled = false
        end
      end
    end,
    Fire = function(CF, dur, Color, size, velocity, spread, transparency)
      coroutine.wrap(function()
        if not Effects.Parent == workspace then
          Effects = workspace:WaitForChild("GunEffects")
        end
        local Part = Instance.new("Part")
        Part.FormFactor = "Custom"
        Part.CanCollide = false
        Part.Anchored = true
        Part.Material = "Neon"
        Part.TopSurface = 0
        Part.BottomSurface = 0
        local RandomSize = math.random(size.Min * 100, size.Max * 100) / 100
        Part.Size = Vector3.new(RandomSize, RandomSize, RandomSize)
        if type(Color) == "userdata" then
          Part.BrickColor = BrickColor.new(Color.r / 255, Color.g / 255, Color.b / 255)
        elseif type(Color) == "table" then
          local RandomColor = Color[math.random(#Color)]
          Part.BrickColor = BrickColor.new(RandomColor.r / 255, RandomColor.g / 255, RandomColor.b / 255)
        end
        local Spread = spread or NumberRange.new(0, 0)
        local RandomSpread = math.random(Spread.Min, Spread.Max)
        local RandomSpread2 = math.random(Spread.Min, Spread.Max)
        Part.CFrame = CFrame.Angles(math.random(0, 30) / 30, math.rad(math.random(0, 360)), math.random(0, 30) / 30)
        local rx, ry, rz = Part.CFrame:toEulerAnglesXYZ()
        local transparency = transparency or 0
        for i = 0, 1, 0.016666666666666666 / dur do
          game:service("RunService").RenderStepped:wait()
          Part.Parent = Effects
          Part.Transparency = transparency + i
          Part.CFrame = CF * CFrame.Angles(math.rad(RandomSpread), 0, math.rad(RandomSpread2)) * CFrame.new(0, i * velocity, 0) * CFrame.Angles(rx, ry, rz)
        end
        Part:Destroy()
      end)()
    end,
    BulletholeParticles = function(Part, hitPart)
      do
        local Particle = Instance.new("ParticleEmitter", Part)
        Particle.VelocitySpread = 30
        Particle.LightEmission = 200
        Particle.Size = NumberSequence.new({
          NumberSequenceKeypoint.new(0, 0.1, 0),
          NumberSequenceKeypoint.new(1, 0.25, 0)
        })
        Particle.Color = ColorSequence.new(Color3.new(hitPart.BrickColor.r, hitPart.BrickColor.g, hitPart.BrickColor.b))
        Particle.Texture = "rbxassetid://272031379"
        Particle.Rotation = NumberRange.new(0, 90)
        Particle.Rate = 25
        Particle.Acceleration = Vector3.new(0, -100, 0)
        Particle.Speed = NumberRange.new(35)
        Particle.Transparency = NumberSequence.new({
          NumberSequenceKeypoint.new(0, 0, 0),
          NumberSequenceKeypoint.new(1, 1, 0)
        })
        Particle.Lifetime = NumberRange.new(2)
        coroutine.wrap(function()
          wait(0.2)
          Particle.Enabled = false
          Particle.Rate = 0
          wait(2)
          Particle:Destroy()
        end)()
      end
      do
        local Particle = Instance.new("ParticleEmitter", Part)
        Particle.VelocitySpread = 10
        Particle.Size = NumberSequence.new({
          NumberSequenceKeypoint.new(0, 0.5, 0),
          NumberSequenceKeypoint.new(1, 0.5, 0)
        })
        Particle.Color = ColorSequence.new(Color3.new(hitPart.BrickColor.r, hitPart.BrickColor.g, hitPart.BrickColor.b))
        Particle.Texture = "rbxassetid://272031958"
        Particle.Rotation = NumberRange.new(0, 90)
        Particle.Rate = 10
        Particle.Acceleration = Vector3.new(0, -1, 0)
        Particle.Speed = NumberRange.new(5)
        Particle.Transparency = NumberSequence.new({
          NumberSequenceKeypoint.new(0, 0, 0),
          NumberSequenceKeypoint.new(1, 1, 0)
        })
        Particle.Lifetime = NumberRange.new(1)
        coroutine.wrap(function()
          wait(0.2)
          Particle.Enabled = false
          Particle.Rate = 0
          wait(1)
          Particle:Destroy()
        end)()
      end
    end,
    Trail = function(part, cf_enabled, amount_color, color, transparency, material, width)
      local tAccessoryEvent
      function Loop(_part, i, lastCF)
        local enabled
        if Trails[_part][1] then
          enabled = true
        else
          enabled = false
        end
        if i < 6 then
          i = 7
        end
        if i > 6 then
          local transp = Trails[_part][i][2]
          local v = Trails[_part][i][1]
          if enabled then
          end
        end
        for x, z in pairs(Trails[_part]) do
          if x > 6 then
            z[2] = z[2] + 1 / Trails[_part][2]
            z[1].Transparency = z[2]
          end
        end
        i = i % #Trails[_part] + 1
        return i, lastCF
      end
      if not Trails[part] then
        do
          local cf, amount, transparency, width, material = material or cf_enabled, tonumber(amount_color), transparency or 0.2, width or 0.2, "SmoothPlastic"
          Trails[part] = {
            false,
            amount,
            cf,
            transparency,
            color,
            width
          }
          for _index = 1, amount do
            local _part = Instance.new("Part")
            _part.Anchored = true
            _part.Transparency = transparency + (_index / amount * 1 - transparency)
            _part.BrickColor = color
            _part.Material = material
            _part.TopSurface = 0
            _part.CanCollide = false
            _part.BottomSurface = 0
            table.insert(Trails[part], {_part, transparency})
          end
          local index = 1
          local lastCF = part.CFrame
          tAccessoryEvent = game:service("RunService").RenderStepped:connect(function()
            if part.Parent ~= nil then
              local newindex, newlastCF = Loop(part, index, lastCF)
              index = newindex
              lastCF = newlastCF
            else
              tAccessoryEvent:disconnect()
              for i, v in pairs(Trails[part]) do
                pcall(function()
                  v[1]:Destroy()
                end)
                table.remove(Trails[part], i)
              end
              Trails[part] = nil
            end
          end)
        end
      elseif Trails[part] then
        if type(cf_enabled) == "boolean" then
          Trails[part][1] = cf_enabled
        elseif type(cf_enabled) == "userdata" then
          Trails[part][3] = cf_enabled
        end
        if type(amount_color) == "number" then
          Trails[part][2] = amount_color
        elseif type(amount_color) == "userdata" then
          Trails[part][5] = amount_color
        end
      end
	    end,
    Lightning = function(part, from, to, amount, color, transparency, width)
    end
	  }
end
Sounds = {}
function Sounds.Add(soundid, volume, pitch)
  local s = Instance.new("Sound")
  s.SoundId = "rbxassetid://" .. tostring(soundid):match("%d+")
  s.Volume = volume or 0.5
  s.Pitch = pitch or 1
  return s
end
Sounds.Musket = Sounds.Add(337043241, 0.65)
local plr = game:service("Players").LocalPlayer
local plrgui = plr:findFirstChild("PlayerGui")
local char = plr.Character
local mouse = plr:GetMouse()
local humanoid = char:findFirstChild("Humanoid")
local torso = char:findFirstChild("Torso")
local head = char.Head
local ra = char:findFirstChild("Right Arm")
local la = char:findFirstChild("Left Arm")
local rl = char:findFirstChild("Right Leg")
local ll = char:findFirstChild("Left Leg")
local rs = torso:findFirstChild("Right Shoulder")
local ls = torso:findFirstChild("Left Shoulder")
local rh = torso:findFirstChild("Right Hip")
local lh = torso:findFirstChild("Left Hip")
local neck = torso:findFirstChild("Neck")
local rj = char:findFirstChild("HumanoidRootPart"):findFirstChild("RootJoint")
local rootpart = char:findFirstChild("HumanoidRootPart")
local camera = workspace.CurrentCamera
local anim = char:findFirstChild("Animate")
local UIS = game:service("UserInputService")
local rm, lm, rlegm, llegm
local keyHold = {}
local keyToggle = {}
local LMB = false
local RMB = false
local debounces = {}
Sounds.Musket.Parent = head
if humanoid:WaitForChild("Animator") then
  humanoid:WaitForChild("Animator"):Destroy()
end
if anim then
  anim:Destroy()
end
humanoid.MaxHealth = 70
humanoid.Health = 70
humanoid.WalkSpeed = 24
humanoid.JumpPower = 70
rm = Instance.new("Weld", torso)
rm.C0 = CFrame.new(1.5, 0.5, 0)
rm.C1 = CFrame.new(0, 0.5, 0)
rm.Part0 = torso
rm.Part1 = ra
rm.Name = "Right Shoulder"
lm = Instance.new("Weld", torso)
lm.C0 = CFrame.new(-1.5, 0.5, 0)
lm.C1 = CFrame.new(0, 0.5, 0)
lm.Part0 = torso
lm.Part1 = la
lm.Name = "Left Shoulder"
rlegm = Instance.new("Weld", torso)
rlegm.C0 = CFrame.new(0.5, -1, 0)
rlegm.C1 = CFrame.new(0, 1, 0)
rlegm.Part0 = torso
rlegm.Part1 = rl
rlegm.Name = "Right Hip"
llegm = Instance.new("Weld", torso)
llegm.C0 = CFrame.new(-0.5, -1, 0)
llegm.C1 = CFrame.new(0, 1, 0)
llegm.Part0 = torso
llegm.Part1 = ll
llegm.Name = "Left Hip"
rj.C0 = CFrame.new()
rj.C1 = CFrame.new()
neck.C0 = CFrame.new(0, 1, 0)
neck.C1 = CFrame.new(0, -0.5, 0)
rsc0 = rm.C0
lsc0 = lm.C0
llc0 = llegm.C0
rlc0 = rlegm.C0
rootc0 = rj.C0
neckc0 = neck.C0
API.Joints["Right Shoulder"] = {
  rm,
  rm.C0
}
API.Joints["Left Shoulder"] = {
  lm,
  lm.C0
}
API.Joints["Right Hip"] = {
  rlegm,
  rlegm.C0
}
API.Joints["Left Hip"] = {
  llegm,
  llegm.C0
}
API.Joints.Neck = {
  neck,
  neck.C0
}
API.Joints.RootJoint = {
  rj,
  rj.C0
}
API.New.Keyframe("idle", {
  {
    0,
    {
      API.Joints["Left Hip"],
      CFrame.new(0, 0.0299999714, 0, 1, 0, 0, 0, 1, 0, 0, 0, 1),
      "sineinout"
    },
    {
      API.Joints["Right Shoulder"],
      CFrame.new(0, -0.0300000012, 0, 1, 0, 0, 0, 1, 0, 0, 0, 1),
      "sineinout"
    },
    {
      API.Joints["Left Shoulder"],
      CFrame.new(0, -0.0300000012, 0, 1, 0, 0, 0, 1, 0, 0, 0, 1),
      "sineinout"
    },
    {
      API.Joints.RootJoint,
      CFrame.new(0, -0.0299999993, 0, 1, 0, 0, 0, 1, 0, 0, 0, 1),
      "sineinout"
    },
    {
      API.Joints.Neck,
      CFrame.new(),
      "sineinout"
    },
    {
      API.Joints["Right Hip"],
      CFrame.new(0, 0.0299999714, 0, 1, 0, 0, 0, 1, 0, 0, 0, 1),
      "sineinout"
    }
  },
  {
    0.05,
    {
      API.Joints["Left Hip"],
      CFrame.new(0, 0.0299999714, 0, 1, 0, 0, 0, 1, 0, 0, 0, 1),
      "sineinout"
    },
    {
      API.Joints["Right Shoulder"],
      CFrame.new(0, -0.0300000012, 0, 1, 0, 0, 0, 1, 0, 0, 0, 1),
      "sineinout"
    },
    {
      API.Joints["Left Shoulder"],
      CFrame.new(0, -0.0300000012, 0, 1, 0, 0, 0, 1, 0, 0, 0, 1),
      "sineinout"
    },
    {
      API.Joints.RootJoint,
      CFrame.new(0, -0.0299999993, 0, 1, 0, 0, 0, 1, 0, 0, 0, 1),
      "sineinout"
    },
    {
      API.Joints.Neck,
      CFrame.new(),
      "sineinout"
    },
    {
      API.Joints["Right Hip"],
      CFrame.new(0, 0.0299999714, 0, 1, 0, 0, 0, 1, 0, 0, 0, 1),
      "sineinout"
    }
  },
  {
    0.5,
    {
      API.Joints["Left Hip"],
      CFrame.new(),
      "sineinout"
    },
    {
      API.Joints["Right Shoulder"],
      CFrame.new(),
      "sineinout"
    },
    {
      API.Joints["Left Shoulder"],
      CFrame.new(),
      "sineinout"
    },
    {
      API.Joints.RootJoint,
      CFrame.new(),
      "sineinout"
    },
    {
      API.Joints.Neck,
      CFrame.new(),
      "sineinout"
    },
    {
      API.Joints["Right Hip"],
      CFrame.new(),
      "sineinout"
    }
  },
  {
    1,
    {
      API.Joints["Left Hip"],
      CFrame.new(0, 0.0299999714, 0, 1, 0, 0, 0, 1, 0, 0, 0, 1),
      "sineinout"
    },
    {
      API.Joints["Right Shoulder"],
      CFrame.new(0, -0.0300000012, 0, 1, 0, 0, 0, 1, 0, 0, 0, 1),
      "sineinout"
    },
    {
      API.Joints["Left Shoulder"],
      CFrame.new(0, -0.0300000012, 0, 1, 0, 0, 0, 1, 0, 0, 0, 1),
      "sineinout"
    },
    {
      API.Joints.RootJoint,
      CFrame.new(0, -0.0299999993, 0, 1, 0, 0, 0, 1, 0, 0, 0, 1),
      "sineinout"
    },
    {
      API.Joints.Neck,
      CFrame.new(),
      "sineinout"
    },
    {
      API.Joints["Right Hip"],
      CFrame.new(0, 0.0299999714, 0, 1, 0, 0, 0, 1, 0, 0, 0, 1),
      "sineinout"
    }
  }
})
API.New.Keyframe("jump", {
  {
    0,
    {
      API.Joints["Left Hip"],
      CFrame.new(0.5, 1, 0, 1, 0, 0, 0, 1, 0, 0, 0, 1) * CFrame.new(-0.5, -1, 0, 0.992403924, 0.0940898135, -0.0792566612, -0.087155737, 0.992403865, 0.0868242681, 0.086823903, -0.079257071, 0.993065894),
      "sineout"
    },
    {
      API.Joints["Right Shoulder"],
      CFrame.new(-1.5, -0.5, 0, 1, 0, 0, 0, 1, 0, 0, 0, 1) * CFrame.new(1.5, 0.5, 0, 1, 0, 0, 0, 0.965925872, 0.258818835, 0, -0.258818835, 0.965925872),
      "sineout"
    },
    {
      API.Joints["Left Shoulder"],
      CFrame.new(1.5, -0.5, 0, 1, 0, 0, 0, 1, 0, 0, 0, 1) * CFrame.new(-1.5, 0.5, 0, 0.99619472, 0.087155737, 0, -0.0868240818, 0.992403924, 0.0871555507, 0.00759610627, -0.086823903, 0.99619472),
      "sineout"
    },
    {
      API.Joints.RootJoint,
      CFrame.new(),
      "sineout"
    },
    {
      API.Joints.Neck,
      CFrame.new(0, -1, 0, 1, 0, 0, 0, 1, 0, 0, 0, 1) * CFrame.new(0, 1, 0, 1, 0, 0, 0, 0.965925753, -0.258819222, 0, 0.258819222, 0.965925753),
      "sineout"
    },
    {
      API.Joints["Right Hip"],
      CFrame.new(-0.5, 1, 0, 1, 0, 0, 0, 1, 0, 0, 0, 1) * CFrame.new(0.5, -0.399999976, -0.600000024, 0.992403924, -0.0617142953, -0.106423005, 0.0868240818, 0.964216173, 0.250496894, 0.0871555507, -0.257834166, 0.962250173),
      "sineout"
    }
  },
  {
    0.1,
    {
      API.Joints["Left Hip"],
      CFrame.new(0.5, 1, 0, 1, 0, 0, 0, 1, 0, 0, 0, 1) * CFrame.new(-0.5, -1, 0, 0.992403924, 0.0940898135, -0.0792566612, -0.087155737, 0.992403865, 0.0868242681, 0.086823903, -0.079257071, 0.993065894),
      "sineout"
    },
    {
      API.Joints["Right Shoulder"],
      CFrame.new(-1.5, -0.5, 0, 1, 0, 0, 0, 1, 0, 0, 0, 1) * CFrame.new(1.5, 0.5, 0, 1, 0, 0, 0, 0.965925872, 0.258818835, 0, -0.258818835, 0.965925872),
      "sineout"
    },
    {
      API.Joints["Left Shoulder"],
      CFrame.new(1.5, -0.5, 0, 1, 0, 0, 0, 1, 0, 0, 0, 1) * CFrame.new(-1.5, 0.5, 0, 0.99619472, 0.087155737, 0, -0.0868240818, 0.992403924, 0.0871555507, 0.00759610627, -0.086823903, 0.99619472),
      "sineout"
    },
    {
      API.Joints.RootJoint,
      CFrame.new(),
      "sineout"
    },
    {
      API.Joints.Neck,
      CFrame.new(0, -1, 0, 1, 0, 0, 0, 1, 0, 0, 0, 1) * CFrame.new(0, 1, 0, 1, 0, 0, 0, 0.965925753, -0.258819222, 0, 0.258819222, 0.965925753),
      "sineout"
    },
    {
      API.Joints["Right Hip"],
      CFrame.new(-0.5, 1, 0, 1, 0, 0, 0, 1, 0, 0, 0, 1) * CFrame.new(0.5, -0.399999976, -0.600000024, 0.992403924, -0.0617142953, -0.106423005, 0.0868240818, 0.964216173, 0.250496894, 0.0871555507, -0.257834166, 0.962250173),
      "sineout"
    }
  },
  {
    1,
    {
      API.Joints["Left Hip"],
      CFrame.new(0.5, 1, 0, 1, 0, 0, 0, 1, 0, 0, 0, 1) * CFrame.new(-0.5, -1, 0, 0.995545864, 0.0940898135, 0.0059748441, -0.094267264, 0.992403865, 0.079045929, 0.00150797516, -0.079257071, 0.996853054),
      "sineout"
    },
    {
      API.Joints["Right Shoulder"],
      CFrame.new(-1.5, -0.5, 0, 1, 0, 0, 0, 1, 0, 0, 0, 1) * CFrame.new(1.5, 0.5, 0, 0.999201357, -0.0399574004, 0, 0.038595885, 0.965154469, 0.258818835, -0.0103417281, -0.258612126, 0.965925872),
      "sineout"
    },
    {
      API.Joints["Left Shoulder"],
      CFrame.new(1.5, -0.5, 0, 1, 0, 0, 0, 1, 0, 0, 0, 1) * CFrame.new(-1.5, 0.5, 0, 0.99946177, 0.0328062959, 0, -0.032681454, 0.995658576, 0.0871555507, 0.00285925064, -0.0871086419, 0.99619472),
      "sineout"
    },
    {
      API.Joints.RootJoint,
      CFrame.new(),
      "sineout"
    },
    {
      API.Joints.Neck,
      CFrame.new(0, -1, 0, 1, 0, 0, 0, 1, 0, 0, 0, 1) * CFrame.new(0, 1, 0, 1, 0, 0, 0, 0.978652656, -0.205521196, 0, 0.205521196, 0.978652656),
      "sineout"
    },
    {
      API.Joints["Right Hip"],
      CFrame.new(-0.5, 1, 0, 1, 0, 0, 0, 1, 0, 0, 0, 1) * CFrame.new(0.5, -0.399999976, -0.600000024, 0.996858656, -0.0617142953, -0.0496415347, 0.0723939985, 0.964216173, 0.255041599, 0.0321254618, -0.257834166, 0.96565491),
      "sineout"
    }
  }
})
API.New.Keyframe("fall", {
  {
    0,
    {
      API.Joints["Left Hip"],
      CFrame.new(0.5, 1, 0, 1, 0, 0, 0, 1, 0, 0, 0, 1) * CFrame.new(-0.5, -0.800000012, -0.600000024, 0.99999994, 0, 1.86264515E-9, 0, 0.98480767, 0.173648164, 0, -0.173648179, 0.98480773),
      "sineout"
    },
    {
      API.Joints["Right Shoulder"],
      CFrame.new(-1.5, -0.5, 0, 1, 0, 0, 0, 1, 0, 0, 0, 1) * CFrame.new(1.5, 0.5, 0, 0.866025388, -0.5, 0, -0.383022189, -0.663413882, -0.642787695, 0.321393847, 0.556670487, -0.766044378),
      "sineout"
    },
    {
      API.Joints["Left Shoulder"],
      CFrame.new(1.5, -0.5, 0, 1, 0, 0, 0, 1, 0, 0, 0, 1) * CFrame.new(-1.5, 0.5, 0, 0.862601936, 0.505883217, 0, 0.379760414, -0.647544861, -0.660656989, -0.334215283, 0.569884002, -0.750687897),
      "sineout"
    },
    {
      API.Joints.RootJoint,
      CFrame.new(0, 0, 0, 1, 0, 0, 0, 1, 0, 0, 0, 1) * CFrame.new(0, 0, 0, 1, 0, 0, 0, 0.98480767, 0.173648357, 0, -0.173648357, 0.98480767),
      "sineout"
    },
    {
      API.Joints.Neck,
      CFrame.new(0, -1, 0, 1, 0, 0, 0, 1, 0, 0, 0, 1) * CFrame.new(0, 1, 0, 1, 0, 0, 0, 0.939692616, 0.342020124, 0, -0.342020124, 0.939692616),
      "sineout"
    },
    {
      API.Joints["Right Hip"],
      CFrame.new(-0.5, 1, 0, 1, 0, 0, 0, 1, 0, 0, 0, 1) * CFrame.new(0.5, -0.600000024, -0.400000006, 1, 0, 0, 0, 0.939692616, 0.342020124, 0, -0.342020124, 0.939692616),
      "sineout"
    }
  },
  {
    0.3,
    {
      API.Joints["Left Hip"],
      CFrame.new(0.5, 1, 0, 1, 0, 0, 0, 1, 0, 0, 0, 1) * CFrame.new(-0.5, -0.800000012, -0.600000024, 0.99999994, -5.49327354E-11, 1.86183491E-9, 0, 0.97925812, 0.202616364, 0, -0.202616379, 0.97925818),
      "sineout"
    },
    {
      API.Joints["Right Shoulder"],
      CFrame.new(-1.5, -0.5, 0, 1, 0, 0, 0, 1, 0, 0, 0, 1) * CFrame.new(1.5, 0.5, 0, 0.892664552, -0.450721771, 0, -0.345272869, -0.683820605, -0.642787695, 0.28971839, 0.573793769, -0.766044378),
      "sineout"
    },
    {
      API.Joints["Left Shoulder"],
      CFrame.new(1.5, -0.5, 0, 1, 0, 0, 0, 1, 0, 0, 0, 1) * CFrame.new(-1.5, 0.5, 0, 0.899016023, 0.431892276, -0.0723821297, 0.282966912, -0.699071705, -0.656679928, -0.334215283, 0.569884002, -0.750687897),
      "sineout"
    },
    {
      API.Joints.RootJoint,
      CFrame.new(0, 0, 0, 1, 0, 0, 0, 1, 0, 0, 0, 1) * CFrame.new(0, 0, 0, 1, 0, 0, 0, 0.98480767, 0.173648357, 0, -0.173648357, 0.98480767),
      "sineout"
    },
    {
      API.Joints.Neck,
      CFrame.new(0, -1, 0, 1, 0, 0, 0, 1, 0, 0, 0, 1) * CFrame.new(0, 1, 0, 1, 0, 0, 0, 0.943106711, 0.332490176, 0, -0.332490176, 0.943106711),
      "sineout"
    },
    {
      API.Joints["Right Hip"],
      CFrame.new(-0.5, 1, 0, 1, 0, 0, 0, 1, 0, 0, 0, 1) * CFrame.new(0.5, -0.600000024, -0.400000006, 1, 0, 0, 0, 0.951969266, 0.306193769, 0, -0.306193769, 0.951969266),
      "sineout"
    }
  },
  {
    0.65,
    {
      API.Joints["Left Hip"],
      CFrame.new(0.5, 1, 0, 1, 0, 0, 0, 1, 0, 0, 0, 1) * CFrame.new(-0.5, -0.800000012, -0.600000024, 0.999873817, -5.49327354E-11, 0.015881829, -0.00321791833, 0.97925812, 0.202590808, -0.0155524109, -0.202616379, 0.979134679),
      "sineout"
    },
    {
      API.Joints["Right Shoulder"],
      CFrame.new(-1.5, -0.5, 0, 1, 0, 0, 0, 1, 0, 0, 0, 1) * CFrame.new(1.5, 0.5, 0, 0.91775465, -0.396863133, 0.0150378142, -0.304232895, -0.726875484, -0.615706444, 0.255281776, 0.560492456, -0.787832141),
      "sineout"
    },
    {
      API.Joints["Left Shoulder"],
      CFrame.new(1.5, -0.5, 0, 1, 0, 0, 0, 1, 0, 0, 0, 1) * CFrame.new(-1.5, 0.5, 0, 0.899016023, 0.435837597, -0.0426110402, 0.282966912, -0.65242058, -0.703048468, -0.334215283, 0.619994342, -0.709864199),
      "sineout"
    },
    {
      API.Joints.RootJoint,
      CFrame.new(0, 0, 0, 1, 0, 0, 0, 1, 0, 0, 0, 1) * CFrame.new(0, 0, 0, 1, 0, 0, 0, 0.990219355, 0.139518946, 0, -0.139518946, 0.990219355),
      "sineout"
    },
    {
      API.Joints.Neck,
      CFrame.new(0, -1, 0, 1, 0, 0, 0, 1, 0, 0, 0, 1) * CFrame.new(0, 1, 0, 1, 0, 0, 0, 0.943106711, 0.332490176, 0, -0.332490176, 0.943106711),
      "sineout"
    },
    {
      API.Joints["Right Hip"],
      CFrame.new(-0.5, 1, 0, 1, 0, 0, 0, 1, 0, 0, 0, 1) * CFrame.new(0.5, -0.600000024, -0.400000006, 0.999309063, 0, -0.0371669196, 0.0113802794, 0.951969266, 0.305982202, 0.0353817642, -0.306193769, 0.951311529),
      "sineout"
    }
  },
  {
    1,
    {
      API.Joints["Left Hip"],
      CFrame.new(0.5, 1, 0, 1, 0, 0, 0, 1, 0, 0, 0, 1) * CFrame.new(-0.5, -0.800000012, -0.600000024, 0.99999994, 0, 1.86264515E-9, 0, 0.98480767, 0.173648164, 0, -0.173648179, 0.98480773),
      "sineout"
    },
    {
      API.Joints["Right Shoulder"],
      CFrame.new(-1.5, -0.5, 0, 1, 0, 0, 0, 1, 0, 0, 0, 1) * CFrame.new(1.5, 0.5, 0, 0.866025388, -0.5, 0, -0.383022189, -0.663413882, -0.642787695, 0.321393847, 0.556670487, -0.766044378),
      "sineout"
    },
    {
      API.Joints["Left Shoulder"],
      CFrame.new(1.5, -0.5, 0, 1, 0, 0, 0, 1, 0, 0, 0, 1) * CFrame.new(-1.5, 0.5, 0, 0.862601936, 0.505883217, 0, 0.379760414, -0.647544861, -0.660656989, -0.334215283, 0.569884002, -0.750687897),
      "sineout"
    },
    {
      API.Joints.RootJoint,
      CFrame.new(0, 0, 0, 1, 0, 0, 0, 1, 0, 0, 0, 1) * CFrame.new(0, 0, 0, 1, 0, 0, 0, 0.98480767, 0.173648357, 0, -0.173648357, 0.98480767),
      "sineout"
    },
    {
      API.Joints.Neck,
      CFrame.new(0, -1, 0, 1, 0, 0, 0, 1, 0, 0, 0, 1) * CFrame.new(0, 1, 0, 1, 0, 0, 0, 0.939692616, 0.342020124, 0, -0.342020124, 0.939692616),
      "sineout"
    },
    {
      API.Joints["Right Hip"],
      CFrame.new(-0.5, 1, 0, 1, 0, 0, 0, 1, 0, 0, 0, 1) * CFrame.new(0.5, -0.600000024, -0.400000006, 1, 0, 0, 0, 0.939692616, 0.342020124, 0, -0.342020124, 0.939692616),
      "sineout"
    }
  }
})
API.New.Keyframe("run", {
  {
    0,
    {
      API.Joints["Left Hip"],
      CFrame.new(0.5, 1, 0, 1, 0, 0, 0, 1, 0, 0, 0, 1) * CFrame.new(-0.5, -1, 0, 1, 0, 0, 0, 0.766044319, 0.642787755, 0, -0.642787755, 0.766044319),
      "sineout"
    },
    {
      API.Joints["Right Shoulder"],
      CFrame.new(-1.5, -0.5, 0, 1, 0, 0, 0, 1, 0, 0, 0, 1) * CFrame.new(1.5, 0.5, 0, 0.98480773, -0.173648179, 0, 0.111618891, 0.633022189, 0.766044378, -0.133022204, -0.754406452, 0.642787576),
      "sineout"
    },
    {
      API.Joints["Left Shoulder"],
      CFrame.new(1.5, -0.5, 0, 1, 0, 0, 0, 1, 0, 0, 0, 1) * CFrame.new(-1.5, 0.5, 0, 0.98480773, -0.173648179, 0, 0.0301536955, 0.171010092, -0.98480773, 0.171010062, 0.969846249, 0.173648208),
      "sineout"
    },
    {
      API.Joints.RootJoint,
      CFrame.new(0, 0, 0, 1, 0, 0, 0, 1, 0, 0, 0, 1) * CFrame.new(0, -0.1978147238, -0.00207912177, 1, 0, 0, 0, 0.903035522, 0.429565847, 0, -0.429565847, 0.903035522),
      "sineout"
    },
    {
      API.Joints.Neck,
      CFrame.new(0, -1, 0, 1, 0, 0, 0, 1, 0, 0, 0, 1) * CFrame.new(0, 1, 0, 1, 0, 0, 0, 0.978147626, -0.207911476, 0, 0.207911476, 0.978147626),
      "sineout"
    },
    {
      API.Joints["Right Hip"],
      CFrame.new(-0.5, 1, 0, 1, 0, 0, 0, 1, 0, 0, 0, 1) * CFrame.new(0.5, -0.863191843, -0.375877023, 1, 0, 0, 0, 0.939692557, -0.342020363, 0, 0.342020363, 0.939692557),
      "sineout"
    }
  },
  {
    0.25,
    {
      API.Joints["Left Hip"],
      CFrame.new(0.5, 1, 0, 1, 0, 0, 0, 1, 0, 0, 0, 1) * CFrame.new(-0.5, -1, -1.20000005, 1, 0, 0, 0, 0.766044378, 0.642787576, 0, -0.642787576, 0.766044378),
      "sineout"
    },
    {
      API.Joints["Right Shoulder"],
      CFrame.new(-1.5, -0.5, 0, 1, 0, 0, 0, 1, 0, 0, 0, 1) * CFrame.new(1.5, 0.5, 0, 0.998181462, -0.0462776721, -0.0386270396, 0.0521254241, 0.984489858, 0.167518541, 0.0302755833, -0.169227406, 0.985111833),
      "sineout"
    },
    {
      API.Joints["Left Shoulder"],
      CFrame.new(1.5, -0.5, 0, 1, 0, 0, 0, 1, 0, 0, 0, 1) * CFrame.new(-1.5, 0.5, 0, 0.999737382, -0.00367322098, 0.0226167496, 0.00735832006, 0.98625195, -0.165084511, -0.0216994211, 0.165207624, 0.986020029),
      "sineout"
    },
    {
      API.Joints.RootJoint,
      CFrame.new(0, 0, 0, 1, 0, 0, 0, 1, 0, 0, 0, 1) * CFrame.new(0, -0.0978147238, -0.00207912177, 1, 0, 0, 0, 0.903035522, 0.429565847, 0, -0.429565847, 0.903035522),
      "sineout"
    },
    {
      API.Joints.Neck,
      CFrame.new(0, -1, 0, 1, 0, 0, 0, 1, 0, 0, 0, 1) * CFrame.new(0, 1, 0, 1, 0, 0, 0, 0.978147626, -0.207911476, 0, 0.207911476, 0.978147626),
      "sineout"
    },
    {
      API.Joints["Right Hip"],
      CFrame.new(-0.5, 1, 0, 1, 0, 0, 0, 1, 0, 0, 0, 1) * CFrame.new(0.5, -0.863191843, 0.0241229832, 1, 0, 0, 0, 0.984807789, 0.17364797, 0, -0.17364797, 0.984807789),
      "sineout"
    }
  },
  {
    0.5,
    {
      API.Joints["Left Hip"],
      CFrame.new(0.5, 1, 0, 1, 0, 0, 0, 1, 0, 0, 0, 1) * CFrame.new(-0.5, -1, -2.98023224E-8, 1, 0, 0, 0, 0.866025269, -0.5, 0, 0.5, 0.866025269),
      "sineout"
    },
    {
      API.Joints["Right Shoulder"],
      CFrame.new(-1.5, -0.5, 0, 1, 0, 0, 0, 1, 0, 0, 0, 1) * CFrame.new(1.5, 0.5, 0, 0.992843747, 0.112227775, -0.040818423, -0.0593359731, 0.166971952, -0.98417449, -0.103636146, 0.979553521, 0.172436357),
      "sineout"
    },
    {
      API.Joints["Left Shoulder"],
      CFrame.new(1.5, -0.5, 0, 1, 0, 0, 0, 1, 0, 0, 0, 1) * CFrame.new(-1.5, 0.5, 0, 0.988457799, 0.149878636, -0.0220778808, -0.0782659277, 0.629983902, 0.772654235, 0.129713073, -0.76200819, 0.634442985),
      "sineout"
    },
    {
      API.Joints.RootJoint,
      CFrame.new(0, 0, 0, 1, 0, 0, 0, 1, 0, 0, 0, 1) * CFrame.new(0, -0.1978147238, -0.00207912177, 1, 0, 0, 0, 0.903035522, 0.429565847, 0, -0.429565847, 0.903035522),
      "sineout"
    },
    {
      API.Joints.Neck,
      CFrame.new(0, -1, 0, 1, 0, 0, 0, 1, 0, 0, 0, 1) * CFrame.new(0, 1, 0, 1, 0, 0, 0, 0.978147626, -0.207911476, 0, 0.207911476, 0.978147626),
      "sineout"
    },
    {
      API.Joints["Right Hip"],
      CFrame.new(-0.5, 1, 0, 1, 0, 0, 0, 1, 0, 0, 0, 1) * CFrame.new(0.5, -0.863191843, 0.0241229832, 1, 0, 0, 0, 0.642787755, 0.766044259, 0, -0.766044259, 0.642787755),
      "sineout"
    }
  },
  {
    0.75,
    {
      API.Joints["Left Hip"],
      CFrame.new(0.5, 1, 0, 1, 0, 0, 0, 1, 0, 0, 0, 1) * CFrame.new(-0.5, -1, -2.98023224E-8, 1, 0, 0, 0, 0.984807611, 0.173648268, 0, -0.173648268, 0.984807611),
      "sineout"
    },
    {
      API.Joints["Right Shoulder"],
      CFrame.new(-1.5, -0.5, 0, 1, 0, 0, 0, 1, 0, 0, 0, 1) * CFrame.new(1.5, 0.5, 0, 0.99976629, -0.0130509362, 0.0172336921, 0.0182333663, 0.937349617, -0.34791258, -0.0116133699, 0.348145396, 0.937368512),
      "sineout"
    },
    {
      API.Joints["Left Shoulder"],
      CFrame.new(1.5, -0.5, 0, 1, 0, 0, 0, 1, 0, 0, 0, 1) * CFrame.new(-1.5, 0.5, 0, 0.999876916, 0.0141363507, 0.00678386353, -0.0151452124, 0.982729197, 0.184428334, -0.00405955268, -0.184508324, 0.982822537),
      "sineout"
    },
    {
      API.Joints.RootJoint,
      CFrame.new(0, 0, 0, 1, 0, 0, 0, 1, 0, 0, 0, 1) * CFrame.new(0, -0.0978147238, -0.00207912177, 1, 0, 0, 0, 0.903035522, 0.429565847, 0, -0.429565847, 0.903035522),
      "sineout"
    },
    {
      API.Joints.Neck,
      CFrame.new(0, -1, 0, 1, 0, 0, 0, 1, 0, 0, 0, 1) * CFrame.new(0, 1, 0, 1, 0, 0, 0, 0.988467455, -0.151432946, 0, 0.151432946, 0.988467455),
      "sineout"
    },
    {
      API.Joints["Right Hip"],
      CFrame.new(-0.5, 1, 0, 1, 0, 0, 0, 1, 0, 0, 0, 1) * CFrame.new(0.5, -0.64692378, -1.07370567, 1, 0, 0, 0, 0.642787755, 0.766044259, 0, -0.766044259, 0.642787755),
      "sineout"
    }
  },
  {
    1,
    {
      API.Joints["Left Hip"],
      CFrame.new(0.5, 1, 0, 1, 0, 0, 0, 1, 0, 0, 0, 1) * CFrame.new(-0.5, -1, 0, 1, 0, 0, 0, 0.766044319, 0.642787755, 0, -0.642787755, 0.766044319),
      "sineout"
    },
    {
      API.Joints["Right Shoulder"],
      CFrame.new(-1.5, -0.5, 0, 1, 0, 0, 0, 1, 0, 0, 0, 1) * CFrame.new(1.5, 0.5, 0, 0.98480773, -0.173648179, 0, 0.111618891, 0.633022189, 0.766044378, -0.133022204, -0.754406452, 0.642787576),
      "sineout"
    },
    {
      API.Joints["Left Shoulder"],
      CFrame.new(1.5, -0.5, 0, 1, 0, 0, 0, 1, 0, 0, 0, 1) * CFrame.new(-1.5, 0.5, 0, 0.98480773, -0.173648179, 0, 0.0301536955, 0.171010092, -0.98480773, 0.171010062, 0.969846249, 0.173648208),
      "sineout"
    },
    {
      API.Joints.RootJoint,
      CFrame.new(0, 0, 0, 1, 0, 0, 0, 1, 0, 0, 0, 1) * CFrame.new(0, -0.1978147238, -0.00207912177, 1, 0, 0, 0, 0.903035522, 0.429565847, 0, -0.429565847, 0.903035522),
      "sineout"
    },
    {
      API.Joints.Neck,
      CFrame.new(0, -1, 0, 1, 0, 0, 0, 1, 0, 0, 0, 1) * CFrame.new(0, 1, 0, 1, 0, 0, 0, 0.978147626, -0.207911476, 0, 0.207911476, 0.978147626),
      "sineout"
    },
    {
      API.Joints["Right Hip"],
