local plr = game.Players.LocalPlayer
local chr = plr.Character
local maus = plr:GetMouse()
local PGui=plr.PlayerGui
local lleg = chr["Left Leg"]
local rleg = chr["Right Leg"]
local larm = chr["Left Arm"]
local rarm = chr["Right Arm"]
local hed = chr.Head
local rutprt = chr.HumanoidRootPart
local torso = chr.Torso
local otheranims=false
local swimming=false
chr.Animate.Disabled=true
local fldb={['w']=false,['a']=false,['s']=false,['d']=false}
local RunSpeed=30
local WlkSpeed=16
local SwimSpeed=14
local SwimDashSpeed=28
local anim = "Idling"
local lastanim = "Idling"
local val = 0
local syne = 0
local num = 0
local runtime = 0
local pseudohead=hed:Clone()
for i,x in pairs(pseudohead:GetChildren()) do if not x.ClassName:find('Mesh') then x:Destroy() end end
pseudohead.Name='PseudoHead'
pseudohead.Parent=chr.Head
local pseudoweld=Instance.new('Weld',torso)
pseudoweld.Part0=hed
pseudoweld.Name='PseudoHedWld'
pseudoweld.Part1=pseudohead
hed.Transparency=1

coroutine.wrap(function()
for i,x in pairs(hed:GetChildren()) do if x:IsA('Sound') then x:Destroy() end end end)()
function Lerp(a, b, i)
local com1 = {a.X, a.Y, a.Z, a:toEulerAnglesXYZ()}
local com2 = {b.X, b.Y, b.Z, b:toEulerAnglesXYZ()}
local calx = com1[1] + (com2[1] - com1[1]) * i
local caly = com1[2] + (com2[2] - com1[2]) * i
local calz = com1[3] + (com2[3] - com1[3]) * i
local cala = com1[4] + (com2[4] - com1[4]) * i
local calb = com1[5] + (com2[5] - com1[5]) * i
local calc = com1[6] + (com2[6] - com1[6]) * i
return CFrame.new(calx, caly, calz) * CFrame.Angles(cala, calb, calc)
end
function TwnSingleNumber(s,f,m)
local wot=s+(f-s)*m
return wot
end
function TwnVector3(q,w,e)
local begin={q.x,q.y,q.z}
local ending={w.x,w.y,w.z}
local bgx=begin[1]+(ending[1]-begin[1])*e
local bgy=begin[2]+(ending[2]-begin[2])*e
local bgz=begin[3]+(ending[3]-begin[3])*e
return Vector3.new(bgx,bgy,bgz)
end
newWeld = function(wld, wp0, wp1, wc0x, wc0y, wc0z)
wld = Instance.new("Weld", wp1)
wld.Part0 = wp0
wld.Part1 = wp1
wld.C0 = CFrame.new(wc0x, wc0y, wc0z)
end






--[[local mult = 2
----------------------------------------------------
larm.Size = larm.Size * mult
rarm.Size = rarm.Size * mult
lleg.Size = lleg.Size * mult
rleg.Size = rleg.Size * mult
torso.Size = torso.Size * mult
hed.Size = hed.Size * mult
rutprt.Size = rutprt.Size * mult
----------------------------------------------------]]
newWeld(law, torso, larm, -1.5, 0.5, 0)
newWeld(raw, torso, rarm, 1.5, 0.5, 0)
newWeld(llw, torso, lleg, -.5, -2, 0)
newWeld(rlw, torso, rleg, .5, -2, 0)
newWeld(hw, torso, hed, 0, 1.5, 0)
local rutwald=Instance.new('Weld',rutprt)
rutwald.Part0=rutprt
rutwald.Part1=torso
rutprt.Weld.C1=CFrame.new(0,0,0)*CFrame.Angles(math.rad(0),math.rad(0),0)
larm.Weld.C1 = CFrame.new(0, 0.5, 0)*CFrame.Angles(math.rad(0),0,0)
rarm.Weld.C1 = CFrame.new(0, 0.5, 0)*CFrame.Angles(math.rad(0),0,0)
rleg.Weld.C1=CFrame.new(0,0,0)*CFrame.Angles(math.rad(0),0,0)
lleg.Weld.C1=CFrame.new(0,0,0)*CFrame.Angles(math.rad(0),0,0)



local LH = {}

LH.Model1 = Instance.new("Model")
LH.Model1.Name = "I2S_Model"
LH.Model1.Parent = chr

LH.Part1 = Instance.new("Part")
LH.Part1.Name = "L_Hitbox"
LH.Part1.Transparency = 1
LH.Part1.Reflectance = 1
LH.Part1.Size = Vector3.new(2.4000001, 1, 1)
LH.Part1.CFrame = CFrame.new(-0.12872, 1.45511019, -0.8820979, 0.999982238, 0.00589335989, 0.000990279368, -0.00589216966, 0.99998194, -0.00120114384, -0.000997340307, 0.00119528756, 0.999998868)
LH.Part1.Rotation = Vector3.new(0.0688205212, 0.0567388348, -0.33766672)
LH.Part1.Position = Vector3.new(-0.12872, 1.45511019, -0.8820979)
LH.Part1.Parent = LH.Model1

LH.Part2 = Instance.new("Part")
LH.Part2.Anchored = true
LH.Part2.CanCollide = false
LH.Part2.LeftSurface = Enum.SurfaceType.SmoothNoOutlines
LH.Part2.TopSurface = Enum.SurfaceType.SmoothNoOutlines
LH.Part2.Color = Color3.new(0.937255, 0.721569, 0.219608)
LH.Part2.RightSurface = Enum.SurfaceType.SmoothNoOutlines
LH.Part2.Material = Enum.Material.Neon
LH.Part2.Size = Vector3.new(0.200000003, 0.200000003, 0.200000003)
LH.Part2.BottomSurface = Enum.SurfaceType.SmoothNoOutlines
LH.Part2.BackSurface = Enum.SurfaceType.SmoothNoOutlines
LH.Part2.CFrame = CFrame.new(-1.70705605, 3.25694895, -1.17306495, -0.0366589911, -0.941332877, -0.335482568, -0.965480745, -0.0532693639, 0.254969299, -0.257881939, 0.333248883, -0.906885922)
LH.Part2.Rotation = Vector3.new(-164.296768, -19.6018848, 92.2301865)
LH.Part2.BrickColor = BrickColor.new("Gold")
LH.Part2.Position = Vector3.new(-1.70705605, 3.25694895, -1.17306495)
LH.Part2.FrontSurface = Enum.SurfaceType.SmoothNoOutlines
LH.Part2.Parent = LH.Part1

LH.BlockMesh1 = Instance.new("BlockMesh")
LH.BlockMesh1.Scale = Vector3.new(11.7625437, 3.5561192, 0.27354756)
LH.BlockMesh1.Parent = LH.Part2

LH.Part3 = Instance.new("Part")
LH.Part3.Anchored = true
LH.Part3.CanCollide = false
LH.Part3.LeftSurface = Enum.SurfaceType.SmoothNoOutlines
LH.Part3.Name = "Handle"
LH.Part3.TopSurface = Enum.SurfaceType.SmoothNoOutlines
LH.Part3.Transparency = 1
LH.Part3.Color = Color3.new(0.905882, 0.905882, 0.92549)
LH.Part3.RightSurface = Enum.SurfaceType.SmoothNoOutlines
LH.Part3.Material = Enum.Material.Metal
LH.Part3.Size = Vector3.new(0.211754948, 0.211754918, 0.211754918)
LH.Part3.BottomSurface = Enum.SurfaceType.SmoothNoOutlines
LH.Part3.BackSurface = Enum.SurfaceType.SmoothNoOutlines
LH.Part3.CFrame = CFrame.new(-1.92360103, 4.55722094, -0.745054007, 0.335414886, -0.208190054, -0.918778419, -0.254934907, 0.91882813, -0.301269352, 0.906920671, 0.335278928, 0.255113661)
LH.Part3.Rotation = Vector3.new(49.7422104, -66.7481461, 31.8276329)
LH.Part3.BrickColor = BrickColor.new("Pearl")
LH.Part3.Position = Vector3.new(-1.92360103, 4.55722094, -0.745054007)
LH.Part3.FrontSurface = Enum.SurfaceType.SmoothNoOutlines
LH.Part3.Parent = LH.Part1

LH.Part4 = Instance.new("Part")
LH.Part4.Anchored = true
LH.Part4.CanCollide = false
LH.Part4.LeftSurface = Enum.SurfaceType.SmoothNoOutlines
LH.Part4.TopSurface = Enum.SurfaceType.SmoothNoOutlines
LH.Part4.Color = Color3.new(0.937255, 0.721569, 0.219608)
LH.Part4.RightSurface = Enum.SurfaceType.SmoothNoOutlines
LH.Part4.Material = Enum.Material.Neon
LH.Part4.Size = Vector3.new(0.200000003, 0.200000003, 0.200000003)
LH.Part4.BottomSurface = Enum.SurfaceType.SmoothNoOutlines
LH.Part4.BackSurface = Enum.SurfaceType.SmoothNoOutlines
LH.Part4.CFrame = CFrame.new(-3.15951896, 2.33208108, -0.895771027, -0.502430677, -0.796897411, -0.33543703, -0.862751484, 0.436604142, 0.255023003, -0.056773968, 0.417530209, -0.90688771)
LH.Part4.Rotation = Vector3.new(-164.293655, -19.5991154, 122.230759)
LH.Part4.BrickColor = BrickColor.new("Gold")
LH.Part4.Position = Vector3.new(-3.15951896, 2.33208108, -0.895771027)
LH.Part4.FrontSurface = Enum.SurfaceType.SmoothNoOutlines
LH.Part4.Parent = LH.Part1

LH.BlockMesh2 = Instance.new("BlockMesh")
LH.BlockMesh2.Scale = Vector3.new(16.6863995, 4.37676144, 0.27354756)
LH.BlockMesh2.Parent = LH.Part4

LH.Part5 = Instance.new("Part")
LH.Part5.Anchored = true
LH.Part5.CanCollide = false
LH.Part5.LeftSurface = Enum.SurfaceType.SmoothNoOutlines
LH.Part5.Name = "Handle"
LH.Part5.TopSurface = Enum.SurfaceType.SmoothNoOutlines
LH.Part5.Transparency = 1
LH.Part5.Color = Color3.new(0.905882, 0.905882, 0.92549)
LH.Part5.RightSurface = Enum.SurfaceType.SmoothNoOutlines
LH.Part5.Material = Enum.Material.Metal
LH.Part5.Size = Vector3.new(0.211754948, 0.211754918, 0.211754918)
LH.Part5.BottomSurface = Enum.SurfaceType.SmoothNoOutlines
LH.Part5.BackSurface = Enum.SurfaceType.SmoothNoOutlines
LH.Part5.CFrame = CFrame.new(-1.92360103, 4.55722094, -0.745054007, 0.335414886, -0.208190054, -0.918778419, -0.254934907, 0.91882813, -0.301269352, 0.906920671, 0.335278928, 0.255113661)
LH.Part5.Rotation = Vector3.new(49.7422104, -66.7481461, 31.8276329)
LH.Part5.BrickColor = BrickColor.new("Pearl")
LH.Part5.Position = Vector3.new(-1.92360103, 4.55722094, -0.745054007)
LH.Part5.FrontSurface = Enum.SurfaceType.SmoothNoOutlines
LH.Part5.Parent = LH.Part1

LH.WedgePart1 = Instance.new("WedgePart")
LH.WedgePart1.CFrame = CFrame.new(-9.4945879, 5.25061989, 2.26772308, 0.335491031, -0.941328466, -0.0366936475, -0.254876018, -0.0532019958, -0.965509117, 0.906909108, 0.33327195, -0.257770836)
LH.WedgePart1.BottomSurface = Enum.SurfaceType.SmoothNoOutlines
LH.WedgePart1.CanCollide = false
LH.WedgePart1.LeftSurface = Enum.SurfaceType.SmoothNoOutlines
LH.WedgePart1.RightSurface = Enum.SurfaceType.SmoothNoOutlines
LH.WedgePart1.TopSurface = Enum.SurfaceType.SmoothNoOutlines
LH.WedgePart1.Color = Color3.new(0.937255, 0.721569, 0.219608)
LH.WedgePart1.Material = Enum.Material.Neon
LH.WedgePart1.Size = Vector3.new(0.200000003, 0.200000003, 0.200000003)
LH.WedgePart1.FrontSurface = Enum.SurfaceType.SmoothNoOutlines
LH.WedgePart1.Anchored = true
LH.WedgePart1.Rotation = Vector3.new(104.948135, -2.10286331, 70.3838501)
LH.WedgePart1.BrickColor = BrickColor.new("Gold")
LH.WedgePart1.Position = Vector3.new(-9.4945879, 5.25061989, 2.26772308)
LH.WedgePart1.BackSurface = Enum.SurfaceType.SmoothNoOutlines
LH.WedgePart1.Parent = LH.Part1

LH.SpecialMesh1 = Instance.new("SpecialMesh")
LH.SpecialMesh1.Scale = Vector3.new(0.27354756, 3.28257132, 1.09419012)
LH.SpecialMesh1.MeshType = Enum.MeshType.Wedge
LH.SpecialMesh1.Parent = LH.WedgePart1

LH.WedgePart2 = Instance.new("WedgePart")
LH.WedgePart2.CFrame = CFrame.new(-4.48161316, 5.61231709, 0.500099003, -0.335446984, 0.941344321, -0.036690183, 0.254841983, 0.0531802252, -0.965519249, -0.906934857, -0.333230734, -0.257733196)
LH.WedgePart2.BottomSurface = Enum.SurfaceType.SmoothNoOutlines
LH.WedgePart2.CanCollide = false
LH.WedgePart2.LeftSurface = Enum.SurfaceType.SmoothNoOutlines
LH.WedgePart2.RightSurface = Enum.SurfaceType.SmoothNoOutlines
LH.WedgePart2.TopSurface = Enum.SurfaceType.SmoothNoOutlines
LH.WedgePart2.Color = Color3.new(0.972549, 0.972549, 0.972549)
LH.WedgePart2.Material = Enum.Material.Metal
LH.WedgePart2.Size = Vector3.new(0.200000003, 0.200000003, 0.200000003)
LH.WedgePart2.FrontSurface = Enum.SurfaceType.SmoothNoOutlines
LH.WedgePart2.Anchored = true
LH.WedgePart2.Rotation = Vector3.new(104.9459, -2.10266447, -109.613472)
LH.WedgePart2.BrickColor = BrickColor.new("Institutional white")
LH.WedgePart2.Position = Vector3.new(-4.48161316, 5.61231709, 0.500099003)
LH.WedgePart2.BackSurface = Enum.SurfaceType.SmoothNoOutlines
LH.WedgePart2.Parent = LH.Part1

LH.SpecialMesh2 = Instance.new("SpecialMesh")
LH.SpecialMesh2.Scale = Vector3.new(0.82064271, 0.820642531, 1.09419)
LH.SpecialMesh2.MeshType = Enum.MeshType.Wedge
LH.SpecialMesh2.Parent = LH.WedgePart2

LH.WedgePart3 = Instance.new("WedgePart")
LH.WedgePart3.CFrame = CFrame.new(-4.76921511, 5.36694908, 0.537509978, -0.335172117, -0.941455245, 0.03635519, 0.255017102, -0.0535079315, 0.965454996, -0.906987309, 0.332864761, 0.258021563)
LH.WedgePart3.BottomSurface = Enum.SurfaceType.SmoothNoOutlines
LH.WedgePart3.CanCollide = false
LH.WedgePart3.LeftSurface = Enum.SurfaceType.SmoothNoOutlines
LH.WedgePart3.RightSurface = Enum.SurfaceType.SmoothNoOutlines
LH.WedgePart3.TopSurface = Enum.SurfaceType.SmoothNoOutlines
LH.WedgePart3.Color = Color3.new(0.972549, 0.972549, 0.972549)
LH.WedgePart3.Material = Enum.Material.Metal
LH.WedgePart3.Size = Vector3.new(0.200000003, 0.200000003, 0.200000003)
LH.WedgePart3.FrontSurface = Enum.SurfaceType.SmoothNoOutlines
LH.WedgePart3.Anchored = true
LH.WedgePart3.Rotation = Vector3.new(-75.037178, 2.08345819, 109.596489)
LH.WedgePart3.BrickColor = BrickColor.new("Institutional white")
LH.WedgePart3.Position = Vector3.new(-4.76921511, 5.36694908, 0.537509978)
LH.WedgePart3.BackSurface = Enum.SurfaceType.SmoothNoOutlines
LH.WedgePart3.Parent = LH.Part1

LH.SpecialMesh3 = Instance.new("SpecialMesh")
LH.SpecialMesh3.Scale = Vector3.new(0.82064271, 4.65030956, 0.820642352)
LH.SpecialMesh3.MeshType = Enum.MeshType.Wedge
LH.SpecialMesh3.Parent = LH.WedgePart3

LH.WedgePart4 = Instance.new("WedgePart")
LH.WedgePart4.CFrame = CFrame.new(-3.96609402, 5.65464211, 0.321334988, 0.335495025, -0.941326141, -0.036717698, -0.254956037, -0.053207919, -0.965487599, 0.906885087, 0.333277702, -0.257847786)
LH.WedgePart4.BottomSurface = Enum.SurfaceType.SmoothNoOutlines
LH.WedgePart4.CanCollide = false
LH.WedgePart4.LeftSurface = Enum.SurfaceType.SmoothNoOutlines
LH.WedgePart4.RightSurface = Enum.SurfaceType.SmoothNoOutlines
LH.WedgePart4.TopSurface = Enum.SurfaceType.SmoothNoOutlines
LH.WedgePart4.Color = Color3.new(0.972549, 0.972549, 0.972549)
LH.WedgePart4.Material = Enum.Material.Metal
LH.WedgePart4.Size = Vector3.new(0.200000003, 0.200000003, 0.200000003)
LH.WedgePart4.FrontSurface = Enum.SurfaceType.SmoothNoOutlines
LH.WedgePart4.Anchored = true
LH.WedgePart4.Rotation = Vector3.new(104.952713, -2.10424209, 70.3835907)
LH.WedgePart4.BrickColor = BrickColor.new("Institutional white")
LH.WedgePart4.Position = Vector3.new(-3.96609402, 5.65464211, 0.321334988)
LH.WedgePart4.BackSurface = Enum.SurfaceType.SmoothNoOutlines
LH.WedgePart4.Parent = LH.Part1

LH.SpecialMesh4 = Instance.new("SpecialMesh")
LH.SpecialMesh4.Scale = Vector3.new(0.82064271, 0.820642889, 1.23096371)
LH.SpecialMesh4.MeshType = Enum.MeshType.Wedge
LH.SpecialMesh4.Parent = LH.WedgePart4

LH.WedgePart5 = Instance.new("WedgePart")
LH.WedgePart5.CFrame = CFrame.new(-9.50863361, 4.88086081, 2.1689949, -0.335172117, -0.941455245, 0.03635519, 0.255017102, -0.0535079315, 0.965454996, -0.906987309, 0.332864761, 0.258021563)
LH.WedgePart5.BottomSurface = Enum.SurfaceType.SmoothNoOutlines
LH.WedgePart5.CanCollide = false
LH.WedgePart5.LeftSurface = Enum.SurfaceType.SmoothNoOutlines
LH.WedgePart5.RightSurface = Enum.SurfaceType.SmoothNoOutlines
LH.WedgePart5.TopSurface = Enum.SurfaceType.SmoothNoOutlines
LH.WedgePart5.Color = Color3.new(0.937255, 0.721569, 0.219608)
LH.WedgePart5.Material = Enum.Material.Neon
LH.WedgePart5.Size = Vector3.new(0.200000003, 0.200000003, 0.200000003)
LH.WedgePart5.FrontSurface = Enum.SurfaceType.SmoothNoOutlines
LH.WedgePart5.Anchored = true
LH.WedgePart5.Rotation = Vector3.new(-75.037178, 2.08345819, 109.596489)
LH.WedgePart5.BrickColor = BrickColor.new("Gold")
LH.WedgePart5.Position = Vector3.new(-9.50863361, 4.88086081, 2.1689949)
LH.WedgePart5.BackSurface = Enum.SurfaceType.SmoothNoOutlines
LH.WedgePart5.Parent = LH.Part1

LH.SpecialMesh5 = Instance.new("SpecialMesh")
LH.SpecialMesh5.Scale = Vector3.new(0.27354756, 3.28257132, 2.73547554)
LH.SpecialMesh5.MeshType = Enum.MeshType.Wedge
LH.SpecialMesh5.Parent = LH.WedgePart5

LH.WedgePart6 = Instance.new("WedgePart")
LH.WedgePart6.CFrame = CFrame.new(-2.88642097, 5.5525012, -0.106709003, 0.335213095, 0.036740873, -0.941425741, -0.255003065, 0.965480208, -0.0531191863, 0.906976223, 0.257872671, 0.333010554)
LH.WedgePart6.BottomSurface = Enum.SurfaceType.SmoothNoOutlines
LH.WedgePart6.CanCollide = false
LH.WedgePart6.LeftSurface = Enum.SurfaceType.SmoothNoOutlines
LH.WedgePart6.RightSurface = Enum.SurfaceType.SmoothNoOutlines
LH.WedgePart6.TopSurface = Enum.SurfaceType.SmoothNoOutlines
LH.WedgePart6.Color = Color3.new(0.972549, 0.972549, 0.972549)
LH.WedgePart6.Material = Enum.Material.Metal
LH.WedgePart6.Size = Vector3.new(0.200000003, 0.200000003, 0.200000003)
LH.WedgePart6.FrontSurface = Enum.SurfaceType.SmoothNoOutlines
LH.WedgePart6.Anchored = true
LH.WedgePart6.Rotation = Vector3.new(9.06301403, -70.2923889, -6.25490952)
LH.WedgePart6.BrickColor = BrickColor.new("Institutional white")
LH.WedgePart6.Position = Vector3.new(-2.88642097, 5.5525012, -0.106709003)
LH.WedgePart6.BackSurface = Enum.SurfaceType.SmoothNoOutlines
LH.WedgePart6.Parent = LH.Part1

LH.SpecialMesh6 = Instance.new("SpecialMesh")
LH.SpecialMesh6.Scale = Vector3.new(0.82064271, 2.73547626, 2.7354753)
LH.SpecialMesh6.MeshType = Enum.MeshType.Wedge
LH.SpecialMesh6.Parent = LH.WedgePart6

LH.WedgePart7 = Instance.new("WedgePart")
LH.WedgePart7.CFrame = CFrame.new(-2.81118202, 5.50403881, -0.148165002, 0.335213095, 0.036740873, -0.941425741, -0.255003065, 0.965480208, -0.0531191863, 0.906976223, 0.257872671, 0.333010554)
LH.WedgePart7.BottomSurface = Enum.SurfaceType.SmoothNoOutlines
LH.WedgePart7.CanCollide = false
LH.WedgePart7.LeftSurface = Enum.SurfaceType.SmoothNoOutlines
LH.WedgePart7.RightSurface = Enum.SurfaceType.SmoothNoOutlines
LH.WedgePart7.TopSurface = Enum.SurfaceType.SmoothNoOutlines
LH.WedgePart7.Color = Color3.new(0.972549, 0.972549, 0.972549)
LH.WedgePart7.Material = Enum.Material.Metal
LH.WedgePart7.Size = Vector3.new(0.200000003, 0.200000003, 0.200000003)
LH.WedgePart7.FrontSurface = Enum.SurfaceType.SmoothNoOutlines
LH.WedgePart7.Anchored = true
LH.WedgePart7.Rotation = Vector3.new(9.06301403, -70.2923889, -6.25490952)
LH.WedgePart7.BrickColor = BrickColor.new("Institutional white")
LH.WedgePart7.Position = Vector3.new(-2.81118202, 5.50403881, -0.148165002)
LH.WedgePart7.BackSurface = Enum.SurfaceType.SmoothNoOutlines
LH.WedgePart7.Parent = LH.Part1

LH.SpecialMesh7 = Instance.new("SpecialMesh")
LH.SpecialMesh7.Scale = Vector3.new(0.82064271, 2.18838072, 3.55611801)
LH.SpecialMesh7.MeshType = Enum.MeshType.Wedge
LH.SpecialMesh7.Parent = LH.WedgePart7

LH.WedgePart8 = Instance.new("WedgePart")
LH.WedgePart8.CFrame = CFrame.new(-4.04519701, 5.4869628, 0.303463012, 0.335677087, 0.941263914, 0.0366501808, -0.254716069, 0.053242024, 0.965549171, 0.906885207, -0.333448082, 0.257627189)
LH.WedgePart8.BottomSurface = Enum.SurfaceType.SmoothNoOutlines
LH.WedgePart8.CanCollide = false
LH.WedgePart8.LeftSurface = Enum.SurfaceType.SmoothNoOutlines
LH.WedgePart8.RightSurface = Enum.SurfaceType.SmoothNoOutlines
LH.WedgePart8.TopSurface = Enum.SurfaceType.SmoothNoOutlines
LH.WedgePart8.Color = Color3.new(0.972549, 0.972549, 0.972549)
LH.WedgePart8.Material = Enum.Material.Metal
LH.WedgePart8.Size = Vector3.new(0.200000003, 0.200000003, 0.200000003)
LH.WedgePart8.FrontSurface = Enum.SurfaceType.SmoothNoOutlines
LH.WedgePart8.Anchored = true
LH.WedgePart8.Rotation = Vector3.new(-75.0604172, 2.10037112, -70.3725586)
LH.WedgePart8.BrickColor = BrickColor.new("Institutional white")
LH.WedgePart8.Position = Vector3.new(-4.04519701, 5.4869628, 0.303463012)
LH.WedgePart8.BackSurface = Enum.SurfaceType.SmoothNoOutlines
LH.WedgePart8.Parent = LH.Part1

LH.SpecialMesh8 = Instance.new("SpecialMesh")
LH.SpecialMesh8.Scale = Vector3.new(0.82064271, 3.0090239, 1.6412847)
LH.SpecialMesh8.MeshType = Enum.MeshType.Wedge
LH.SpecialMesh8.Parent = LH.WedgePart8

LH.WedgePart9 = Instance.new("WedgePart")
LH.WedgePart9.CFrame = CFrame.new(-5.48787117, 5.50268507, 0.841488004, -0.335172117, -0.941455245, 0.03635519, 0.255017102, -0.0535079315, 0.965454996, -0.906987309, 0.332864761, 0.258021563)
LH.WedgePart9.BottomSurface = Enum.SurfaceType.SmoothNoOutlines
LH.WedgePart9.CanCollide = false
LH.WedgePart9.LeftSurface = Enum.SurfaceType.SmoothNoOutlines
LH.WedgePart9.RightSurface = Enum.SurfaceType.SmoothNoOutlines
LH.WedgePart9.TopSurface = Enum.SurfaceType.SmoothNoOutlines
LH.WedgePart9.Color = Color3.new(0.972549, 0.972549, 0.972549)
LH.WedgePart9.Material = Enum.Material.Metal
LH.WedgePart9.Size = Vector3.new(0.200000003, 0.200000003, 0.200000003)
LH.WedgePart9.FrontSurface = Enum.SurfaceType.SmoothNoOutlines
LH.WedgePart9.Anchored = true
LH.WedgePart9.Rotation = Vector3.new(-75.037178, 2.08345819, 109.596489)
LH.WedgePart9.BrickColor = BrickColor.new("Institutional white")
LH.WedgePart9.Position = Vector3.new(-5.48787117, 5.50268507, 0.841488004)
LH.WedgePart9.BackSurface = Enum.SurfaceType.SmoothNoOutlines
LH.WedgePart9.Parent = LH.Part1

LH.SpecialMesh9 = Instance.new("SpecialMesh")
LH.SpecialMesh9.Scale = Vector3.new(0.82064271, 2.73547649, 1.09419)
LH.SpecialMesh9.MeshType = Enum.MeshType.Wedge
LH.SpecialMesh9.Parent = LH.WedgePart9

LH.WedgePart10 = Instance.new("WedgePart")
LH.WedgePart10.CFrame = CFrame.new(-3.24895096, 5.47928619, 0.00679800007, -0.335172117, -0.941455245, 0.03635519, 0.255017102, -0.0535079315, 0.965454996, -0.906987309, 0.332864761, 0.258021563)
LH.WedgePart10.BottomSurface = Enum.SurfaceType.SmoothNoOutlines
LH.WedgePart10.CanCollide = false
LH.WedgePart10.LeftSurface = Enum.SurfaceType.SmoothNoOutlines
LH.WedgePart10.RightSurface = Enum.SurfaceType.SmoothNoOutlines
LH.WedgePart10.TopSurface = Enum.SurfaceType.SmoothNoOutlines
LH.WedgePart10.Color = Color3.new(0.972549, 0.972549, 0.972549)
LH.WedgePart10.Material = Enum.Material.Metal
LH.WedgePart10.Size = Vector3.new(0.200000003, 0.200000003, 0.200000003)
LH.WedgePart10.FrontSurface = Enum.SurfaceType.SmoothNoOutlines
LH.WedgePart10.Anchored = true
LH.WedgePart10.Rotation = Vector3.new(-75.037178, 2.08345819, 109.596489)
LH.WedgePart10.BrickColor = BrickColor.new("Institutional white")
LH.WedgePart10.Position = Vector3.new(-3.24895096, 5.47928619, 0.00679800007)
LH.WedgePart10.BackSurface = Enum.SurfaceType.SmoothNoOutlines
LH.WedgePart10.Parent = LH.Part1

LH.SpecialMesh10 = Instance.new("SpecialMesh")
LH.SpecialMesh10.Scale = Vector3.new(0.82064271, 1.09419036, 2.18838)
LH.SpecialMesh10.MeshType = Enum.MeshType.Wedge
LH.SpecialMesh10.Parent = LH.WedgePart10

LH.WedgePart11 = Instance.new("WedgePart")
LH.WedgePart11.CFrame = CFrame.new(-2.60918307, 5.41005087, -0.249293998, 0.335213095, 0.036740873, -0.941425741, -0.255003065, 0.965480208, -0.0531191863, 0.906976223, 0.257872671, 0.333010554)
LH.WedgePart11.BottomSurface = Enum.SurfaceType.SmoothNoOutlines
LH.WedgePart11.CanCollide = false
LH.WedgePart11.LeftSurface = Enum.SurfaceType.SmoothNoOutlines
LH.WedgePart11.RightSurface = Enum.SurfaceType.SmoothNoOutlines
LH.WedgePart11.TopSurface = Enum.SurfaceType.SmoothNoOutlines
LH.WedgePart11.Color = Color3.new(0.972549, 0.972549, 0.972549)
LH.WedgePart11.Material = Enum.Material.Metal
LH.WedgePart11.Size = Vector3.new(0.200000003, 0.200000003, 0.200000003)
LH.WedgePart11.FrontSurface = Enum.SurfaceType.SmoothNoOutlines
LH.WedgePart11.Anchored = true
LH.WedgePart11.Rotation = Vector3.new(9.06301403, -70.2923889, -6.25490952)
LH.WedgePart11.BrickColor = BrickColor.new("Institutional white")
LH.WedgePart11.Position = Vector3.new(-2.60918307, 5.41005087, -0.249293998)
LH.WedgePart11.BackSurface = Enum.SurfaceType.SmoothNoOutlines
LH.WedgePart11.Parent = LH.Part1

LH.SpecialMesh11 = Instance.new("SpecialMesh")
LH.SpecialMesh11.Scale = Vector3.new(0.82064271, 1.09419036, 4.10321283)
LH.SpecialMesh11.MeshType = Enum.MeshType.Wedge
LH.SpecialMesh11.Parent = LH.WedgePart11

LH.WedgePart12 = Instance.new("WedgePart")
LH.WedgePart12.CFrame = CFrame.new(-5.63735914, 5.62600517, 0.931437969, 0.335495025, -0.941326141, -0.036717698, -0.254956037, -0.053207919, -0.965487599, 0.906885087, 0.333277702, -0.257847786)
LH.WedgePart12.BottomSurface = Enum.SurfaceType.SmoothNoOutlines
LH.WedgePart12.CanCollide = false
LH.WedgePart12.LeftSurface = Enum.SurfaceType.SmoothNoOutlines
LH.WedgePart12.RightSurface = Enum.SurfaceType.SmoothNoOutlines
LH.WedgePart12.TopSurface = Enum.SurfaceType.SmoothNoOutlines
LH.WedgePart12.Color = Color3.new(0.972549, 0.972549, 0.972549)
LH.WedgePart12.Material = Enum.Material.Metal
LH.WedgePart12.Size = Vector3.new(0.200000003, 0.200000003, 0.200000003)
LH.WedgePart12.FrontSurface = Enum.SurfaceType.SmoothNoOutlines
LH.WedgePart12.Anchored = true
LH.WedgePart12.Rotation = Vector3.new(104.952713, -2.10424209, 70.3835907)
LH.WedgePart12.BrickColor = BrickColor.new("Institutional white")
LH.WedgePart12.Position = Vector3.new(-5.63735914, 5.62600517, 0.931437969)
LH.WedgePart12.BackSurface = Enum.SurfaceType.SmoothNoOutlines
LH.WedgePart12.Parent = LH.Part1

LH.SpecialMesh12 = Instance.new("SpecialMesh")
LH.SpecialMesh12.Scale = Vector3.new(0.82064271, 1.09419036, 0.27354756)
LH.SpecialMesh12.MeshType = Enum.MeshType.Wedge
LH.SpecialMesh12.Parent = LH.WedgePart12

LH.WedgePart13 = Instance.new("WedgePart")
LH.WedgePart13.CFrame = CFrame.new(-4.54413891, 5.31887388, 0.44075799, 0.335378915, -0.0366950296, 0.941368461, -0.254853934, -0.965517342, 0.053159792, 0.906956732, -0.25774011, -0.333166003)
LH.WedgePart13.BottomSurface = Enum.SurfaceType.SmoothNoOutlines
LH.WedgePart13.CanCollide = false
LH.WedgePart13.LeftSurface = Enum.SurfaceType.SmoothNoOutlines
LH.WedgePart13.RightSurface = Enum.SurfaceType.SmoothNoOutlines
LH.WedgePart13.TopSurface = Enum.SurfaceType.SmoothNoOutlines
LH.WedgePart13.Color = Color3.new(0.356863, 0.364706, 0.411765)
LH.WedgePart13.Material = Enum.Material.Metal
LH.WedgePart13.Size = Vector3.new(0.200000003, 0.200000003, 0.200000003)
LH.WedgePart13.FrontSurface = Enum.SurfaceType.SmoothNoOutlines
LH.WedgePart13.Anchored = true
LH.WedgePart13.Rotation = Vector3.new(-170.934341, 70.2826538, 6.244102)
LH.WedgePart13.BrickColor = BrickColor.new("Smoky grey")
LH.WedgePart13.Position = Vector3.new(-4.54413891, 5.31887388, 0.44075799)
LH.WedgePart13.BackSurface = Enum.SurfaceType.SmoothNoOutlines
LH.WedgePart13.Parent = LH.Part1

LH.SpecialMesh13 = Instance.new("SpecialMesh")
LH.SpecialMesh13.Scale = Vector3.new(0.27354756, 0.820642889, 1.91483259)
LH.SpecialMesh13.MeshType = Enum.MeshType.Wedge
LH.SpecialMesh13.Parent = LH.WedgePart13

LH.Part6 = Instance.new("Part")
LH.Part6.Anchored = true
LH.Part6.CanCollide = false
LH.Part6.LeftSurface = Enum.SurfaceType.SmoothNoOutlines
LH.Part6.TopSurface = Enum.SurfaceType.SmoothNoOutlines
LH.Part6.Color = Color3.new(0.356863, 0.364706, 0.411765)
LH.Part6.RightSurface = Enum.SurfaceType.SmoothNoOutlines
LH.Part6.Material = Enum.Material.Metal
LH.Part6.Size = Vector3.new(0.224309027, 0.328257143, 0.279018462)
LH.Part6.BottomSurface = Enum.SurfaceType.SmoothNoOutlines
LH.Part6.BackSurface = Enum.SurfaceType.SmoothNoOutlines
LH.Part6.CFrame = CFrame.new(-4.35582876, 5.49922895, 0.418774009, 0.335389972, -0.208147705, -0.918797135, -0.254973978, 0.918830454, -0.301228851, 0.906918883, 0.335298479, 0.25509426)
LH.Part6.Rotation = Vector3.new(49.7405586, -66.7508621, 31.8243179)
LH.Part6.BrickColor = BrickColor.new("Smoky grey")
LH.Part6.Position = Vector3.new(-4.35582876, 5.49922895, 0.418774009)
LH.Part6.Shape = Enum.PartType.Cylinder
LH.Part6.FrontSurface = Enum.SurfaceType.SmoothNoOutlines
LH.Part6.Parent = LH.Part1

LH.Part7 = Instance.new("Part")
LH.Part7.Anchored = true
LH.Part7.CanCollide = false
LH.Part7.LeftSurface = Enum.SurfaceType.SmoothNoOutlines
LH.Part7.TopSurface = Enum.SurfaceType.SmoothNoOutlines
LH.Part7.Color = Color3.new(0.356863, 0.364706, 0.411765)
LH.Part7.RightSurface = Enum.SurfaceType.SmoothNoOutlines
LH.Part7.Material = Enum.Material.Metal
LH.Part7.Size = Vector3.new(0.200000003, 0.200000003, 0.200000003)
LH.Part7.BottomSurface = Enum.SurfaceType.SmoothNoOutlines
LH.Part7.BackSurface = Enum.SurfaceType.SmoothNoOutlines
LH.Part7.CFrame = CFrame.new(-3.57157302, 5.37884188, 0.0978970006, -0.279022008, -0.899791181, -0.335444033, -0.946371973, 0.198410347, 0.254977614, -0.162871003, 0.388599157, -0.906897962)
LH.Part7.Rotation = Vector3.new(-164.296494, -19.5995426, 107.228477)
LH.Part7.BrickColor = BrickColor.new("Smoky grey")
LH.Part7.Position = Vector3.new(-3.57157302, 5.37884188, 0.0978970006)
LH.Part7.FrontSurface = Enum.SurfaceType.SmoothNoOutlines
LH.Part7.Parent = LH.Part1

LH.BlockMesh3 = Instance.new("BlockMesh")
LH.BlockMesh3.Scale = Vector3.new(1.36773765, 4.65030861, 0.27354759)
LH.BlockMesh3.Parent = LH.Part7

LH.Part8 = Instance.new("Part")
LH.Part8.Anchored = true
LH.Part8.CanCollide = false
LH.Part8.LeftSurface = Enum.SurfaceType.SmoothNoOutlines
LH.Part8.TopSurface = Enum.SurfaceType.SmoothNoOutlines
LH.Part8.Color = Color3.new(0.972549, 0.972549, 0.972549)
LH.Part8.RightSurface = Enum.SurfaceType.SmoothNoOutlines
LH.Part8.Material = Enum.Material.Metal
LH.Part8.Size = Vector3.new(0.200000003, 0.200000003, 0.200000003)
LH.Part8.BottomSurface = Enum.SurfaceType.SmoothNoOutlines
LH.Part8.BackSurface = Enum.SurfaceType.SmoothNoOutlines
LH.Part8.CFrame = CFrame.new(-4.89361477, 5.58900976, 0.645938993, -0.0366589911, -0.941332877, -0.335482568, -0.965480745, -0.0532693639, 0.254969299, -0.257881939, 0.333248883, -0.906885922)
LH.Part8.Rotation = Vector3.new(-164.296768, -19.6018848, 92.2301865)
LH.Part8.BrickColor = BrickColor.new("Institutional white")
LH.Part8.Position = Vector3.new(-4.89361477, 5.58900976, 0.645938993)
LH.Part8.FrontSurface = Enum.SurfaceType.SmoothNoOutlines
LH.Part8.Parent = LH.Part1

LH.BlockMesh4 = Instance.new("BlockMesh")
LH.BlockMesh4.Scale = Vector3.new(1.09419012, 3.55611801, 0.82064265)
LH.BlockMesh4.Parent = LH.Part8

LH.Part9 = Instance.new("Part")
LH.Part9.Anchored = true
LH.Part9.CanCollide = false
LH.Part9.LeftSurface = Enum.SurfaceType.SmoothNoOutlines
LH.Part9.TopSurface = Enum.SurfaceType.SmoothNoOutlines
LH.Part9.Color = Color3.new(0.972549, 0.972549, 0.972549)
LH.Part9.RightSurface = Enum.SurfaceType.SmoothNoOutlines
LH.Part9.Material = Enum.Material.Metal
LH.Part9.Size = Vector3.new(0.200000003, 0.200000003, 0.200000003)
LH.Part9.BottomSurface = Enum.SurfaceType.SmoothNoOutlines
LH.Part9.BackSurface = Enum.SurfaceType.SmoothNoOutlines
LH.Part9.CFrame = CFrame.new(-4.22460699, 5.61367083, 0.405429989, -0.0366589911, -0.941332877, -0.335482568, -0.965480745, -0.0532693639, 0.254969299, -0.257881939, 0.333248883, -0.906885922)
LH.Part9.Rotation = Vector3.new(-164.296768, -19.6018848, 92.2301865)
LH.Part9.BrickColor = BrickColor.new("Institutional white")
LH.Part9.Position = Vector3.new(-4.22460699, 5.61367083, 0.405429989)
LH.Part9.FrontSurface = Enum.SurfaceType.SmoothNoOutlines
LH.Part9.Parent = LH.Part1

LH.BlockMesh5 = Instance.new("BlockMesh")
LH.BlockMesh5.Scale = Vector3.new(0.957416236, 3.55611897, 0.82064265)
LH.BlockMesh5.Parent = LH.Part9

LH.Part10 = Instance.new("Part")
LH.Part10.Anchored = true
LH.Part10.CanCollide = false
LH.Part10.LeftSurface = Enum.SurfaceType.SmoothNoOutlines
LH.Part10.TopSurface = Enum.SurfaceType.SmoothNoOutlines
LH.Part10.Color = Color3.new(0.972549, 0.972549, 0.972549)
LH.Part10.RightSurface = Enum.SurfaceType.SmoothNoOutlines
LH.Part10.Material = Enum.Material.Metal
LH.Part10.Size = Vector3.new(0.200000003, 0.200000003, 0.200000003)
LH.Part10.BottomSurface = Enum.SurfaceType.SmoothNoOutlines
LH.Part10.BackSurface = Enum.SurfaceType.SmoothNoOutlines
LH.Part10.CFrame = CFrame.new(-4.66688013, 5.47006416, 0.528648019, -0.0366589911, -0.941332877, -0.335482568, -0.965480745, -0.0532693639, 0.254969299, -0.257881939, 0.333248883, -0.906885922)
LH.Part10.Rotation = Vector3.new(-164.296768, -19.6018848, 92.2301865)
LH.Part10.BrickColor = BrickColor.new("Institutional white")
LH.Part10.Position = Vector3.new(-4.66688013, 5.47006416, 0.528648019)
LH.Part10.FrontSurface = Enum.SurfaceType.SmoothNoOutlines
LH.Part10.Parent = LH.Part1

LH.BlockMesh6 = Instance.new("BlockMesh")
LH.BlockMesh6.Scale = Vector3.new(0.27354756, 6.01804733, 0.82064265)
LH.BlockMesh6.Parent = LH.Part10

LH.Part11 = Instance.new("Part")
LH.Part11.Anchored = true
LH.Part11.CanCollide = false
LH.Part11.LeftSurface = Enum.SurfaceType.SmoothNoOutlines
LH.Part11.TopSurface = Enum.SurfaceType.SmoothNoOutlines
LH.Part11.Color = Color3.new(0.972549, 0.972549, 0.972549)
LH.Part11.RightSurface = Enum.SurfaceType.SmoothNoOutlines
LH.Part11.Material = Enum.Material.Metal
LH.Part11.Size = Vector3.new(0.200000003, 0.200000003, 0.200000003)
LH.Part11.BottomSurface = Enum.SurfaceType.SmoothNoOutlines
LH.Part11.BackSurface = Enum.SurfaceType.SmoothNoOutlines
LH.Part11.CFrame = CFrame.new(-5.37985802, 5.64056921, 0.840286016, -0.0366589911, -0.941332877, -0.335482568, -0.965480745, -0.0532693639, 0.254969299, -0.257881939, 0.333248883, -0.906885922)
LH.Part11.Rotation = Vector3.new(-164.296768, -19.6018848, 92.2301865)
LH.Part11.BrickColor = BrickColor.new("Institutional white")
LH.Part11.Position = Vector3.new(-5.37985802, 5.64056921, 0.840286016)
LH.Part11.FrontSurface = Enum.SurfaceType.SmoothNoOutlines
LH.Part11.Parent = LH.Part1

LH.BlockMesh7 = Instance.new("BlockMesh")
LH.BlockMesh7.Scale = Vector3.new(0.27354756, 1.64128518, 0.82064265)
LH.BlockMesh7.Parent = LH.Part11

LH.Part12 = Instance.new("Part")
LH.Part12.Anchored = true
LH.Part12.CanCollide = false
LH.Part12.LeftSurface = Enum.SurfaceType.SmoothNoOutlines
LH.Part12.TopSurface = Enum.SurfaceType.SmoothNoOutlines
LH.Part12.Color = Color3.new(0.356863, 0.364706, 0.411765)
LH.Part12.RightSurface = Enum.SurfaceType.SmoothNoOutlines
LH.Part12.Material = Enum.Material.Metal
LH.Part12.Size = Vector3.new(0.200000003, 0.200000003, 0.200000003)
LH.Part12.BottomSurface = Enum.SurfaceType.SmoothNoOutlines
LH.Part12.BackSurface = Enum.SurfaceType.SmoothNoOutlines
LH.Part12.CFrame = CFrame.new(-3.74387193, 5.41684675, 0.172301993, -0.0366589911, -0.941332877, -0.335482568, -0.965480745, -0.0532693639, 0.254969299, -0.257881939, 0.333248883, -0.906885922)
LH.Part12.Rotation = Vector3.new(-164.296768, -19.6018848, 92.2301865)
LH.Part12.BrickColor = BrickColor.new("Smoky grey")
LH.Part12.Position = Vector3.new(-3.74387193, 5.41684675, 0.172301993)
LH.Part12.FrontSurface = Enum.SurfaceType.SmoothNoOutlines
LH.Part12.Parent = LH.Part1

LH.BlockMesh8 = Instance.new("BlockMesh")
LH.BlockMesh8.Scale = Vector3.new(1.36773765, 6.56514263, 0.27354759)
LH.BlockMesh8.Parent = LH.Part12

LH.Part13 = Instance.new("Part")
LH.Part13.Anchored = true
LH.Part13.CanCollide = false
LH.Part13.LeftSurface = Enum.SurfaceType.SmoothNoOutlines
LH.Part13.TopSurface = Enum.SurfaceType.SmoothNoOutlines
LH.Part13.Color = Color3.new(0.937255, 0.721569, 0.219608)
LH.Part13.RightSurface = Enum.SurfaceType.SmoothNoOutlines
LH.Part13.Material = Enum.Material.Neon
LH.Part13.Size = Vector3.new(0.200000003, 0.200000003, 0.200000003)
LH.Part13.BottomSurface = Enum.SurfaceType.SmoothNoOutlines
LH.Part13.BackSurface = Enum.SurfaceType.SmoothNoOutlines
LH.Part13.CFrame = CFrame.new(-6.15705585, 5.17584085, 1.01221502, -0.941370666, 0.0366249159, -0.335380435, -0.0532659814, 0.965487123, 0.254946023, 0.333142877, 0.257863045, -0.906930327)
LH.Part13.Rotation = Vector3.new(-164.298859, -19.5956745, -177.771988)
LH.Part13.BrickColor = BrickColor.new("Gold")
LH.Part13.Position = Vector3.new(-6.15705585, 5.17584085, 1.01221502)
LH.Part13.FrontSurface = Enum.SurfaceType.SmoothNoOutlines
LH.Part13.Parent = LH.Part1

LH.BlockMesh9 = Instance.new("BlockMesh")
LH.BlockMesh9.Scale = Vector3.new(32.2786102, 3.82966661, 0.27354756)
LH.BlockMesh9.Parent = LH.Part13

LH.Part14 = Instance.new("Part")
LH.Part14.Anchored = true
LH.Part14.CanCollide = false
LH.Part14.LeftSurface = Enum.SurfaceType.SmoothNoOutlines
LH.Part14.TopSurface = Enum.SurfaceType.SmoothNoOutlines
LH.Part14.Color = Color3.new(0.972549, 0.972549, 0.972549)
LH.Part14.RightSurface = Enum.SurfaceType.SmoothNoOutlines
LH.Part14.Material = Enum.Material.Metal
LH.Part14.Size = Vector3.new(0.200000003, 0.200000003, 0.200000003)
LH.Part14.BottomSurface = Enum.SurfaceType.SmoothNoOutlines
LH.Part14.BackSurface = Enum.SurfaceType.SmoothNoOutlines
LH.Part14.CFrame = CFrame.new(-3.50259089, 5.68086386, 0.157264993, -0.0366589911, -0.941332877, -0.335482568, -0.965480745, -0.0532693639, 0.254969299, -0.257881939, 0.333248883, -0.906885922)
LH.Part14.Rotation = Vector3.new(-164.296768, -19.6018848, 92.2301865)
LH.Part14.BrickColor = BrickColor.new("Institutional white")
LH.Part14.Position = Vector3.new(-3.50259089, 5.68086386, 0.157264993)
LH.Part14.FrontSurface = Enum.SurfaceType.SmoothNoOutlines
LH.Part14.Parent = LH.Part1

LH.BlockMesh10 = Instance.new("BlockMesh")
LH.BlockMesh10.Scale = Vector3.new(1.23096395, 4.10321331, 0.82064265)
LH.BlockMesh10.Parent = LH.Part14

LH.Part15 = Instance.new("Part")
LH.Part15.Anchored = true
LH.Part15.CanCollide = false
LH.Part15.LeftSurface = Enum.SurfaceType.SmoothNoOutlines
LH.Part15.Name = "Handle"
LH.Part15.TopSurface = Enum.SurfaceType.SmoothNoOutlines
LH.Part15.Transparency = 1
LH.Part15.Color = Color3.new(0.905882, 0.905882, 0.92549)
LH.Part15.RightSurface = Enum.SurfaceType.SmoothNoOutlines
LH.Part15.Material = Enum.Material.Metal
LH.Part15.Size = Vector3.new(0.211754948, 0.211754918, 0.211754918)
LH.Part15.BottomSurface = Enum.SurfaceType.SmoothNoOutlines
LH.Part15.BackSurface = Enum.SurfaceType.SmoothNoOutlines
LH.Part15.CFrame = CFrame.new(-2.090976, 5.09692621, -0.531463981, 0.335414886, -0.208190054, -0.918778419, -0.254934907, 0.91882813, -0.301269352, 0.906920671, 0.335278928, 0.255113661)
LH.Part15.Rotation = Vector3.new(49.7422104, -66.7481461, 31.8276329)
LH.Part15.BrickColor = BrickColor.new("Pearl")
LH.Part15.Position = Vector3.new(-2.090976, 5.09692621, -0.531463981)
LH.Part15.FrontSurface = Enum.SurfaceType.SmoothNoOutlines
LH.Part15.Parent = LH.Part1

LH.WedgePart14 = Instance.new("WedgePart")
LH.WedgePart14.CFrame = CFrame.new(-3.58200502, 4.52710485, -0.140650004, 0.335389972, -0.208147705, -0.918797135, -0.254973978, 0.918830454, -0.301228851, 0.906918883, 0.335298479, 0.25509426)
LH.WedgePart14.BottomSurface = Enum.SurfaceType.SmoothNoOutlines
LH.WedgePart14.CanCollide = false
LH.WedgePart14.LeftSurface = Enum.SurfaceType.SmoothNoOutlines
LH.WedgePart14.RightSurface = Enum.SurfaceType.SmoothNoOutlines
LH.WedgePart14.TopSurface = Enum.SurfaceType.SmoothNoOutlines
LH.WedgePart14.Color = Color3.new(0.972549, 0.972549, 0.972549)
LH.WedgePart14.Material = Enum.Material.Metal
LH.WedgePart14.Size = Vector3.new(0.200000003, 0.200000003, 0.200000003)
LH.WedgePart14.FrontSurface = Enum.SurfaceType.SmoothNoOutlines
LH.WedgePart14.Anchored = true
LH.WedgePart14.Rotation = Vector3.new(49.7405586, -66.7508621, 31.8243179)
LH.WedgePart14.BrickColor = BrickColor.new("Institutional white")
LH.WedgePart14.Position = Vector3.new(-3.58200502, 4.52710485, -0.140650004)
LH.WedgePart14.BackSurface = Enum.SurfaceType.SmoothNoOutlines
LH.WedgePart14.Parent = LH.Part1

LH.SpecialMesh14 = Instance.new("SpecialMesh")
LH.SpecialMesh14.Scale = Vector3.new(1.09419036, 0.820642889, 0.27354756)
LH.SpecialMesh14.MeshType = Enum.MeshType.Wedge
LH.SpecialMesh14.Parent = LH.WedgePart14

LH.WedgePart15 = Instance.new("WedgePart")
LH.WedgePart15.CFrame = CFrame.new(-3.08070302, 4.34048605, -0.378549993, 0.335202008, 0.918870449, -0.208126798, -0.25513199, 0.301182836, 0.918801665, 0.906943977, -0.254884362, 0.3353903)
LH.WedgePart15.BottomSurface = Enum.SurfaceType.SmoothNoOutlines
LH.WedgePart15.CanCollide = false
LH.WedgePart15.LeftSurface = Enum.SurfaceType.SmoothNoOutlines
LH.WedgePart15.RightSurface = Enum.SurfaceType.SmoothNoOutlines
LH.WedgePart15.TopSurface = Enum.SurfaceType.SmoothNoOutlines
LH.WedgePart15.Color = Color3.new(0.972549, 0.972549, 0.972549)
LH.WedgePart15.Material = Enum.Material.Metal
LH.WedgePart15.Size = Vector3.new(0.218838066, 0.328257143, 0.218838036)
LH.WedgePart15.FrontSurface = Enum.SurfaceType.SmoothNoOutlines
LH.WedgePart15.Anchored = true
LH.WedgePart15.Rotation = Vector3.new(-69.9463959, -12.0126009, -69.9581375)
LH.WedgePart15.BrickColor = BrickColor.new("Institutional white")
LH.WedgePart15.Position = Vector3.new(-3.08070302, 4.34048605, -0.378549993)
LH.WedgePart15.BackSurface = Enum.SurfaceType.SmoothNoOutlines
LH.WedgePart15.Parent = LH.Part1

LH.WedgePart16 = Instance.new("WedgePart")
LH.WedgePart16.CFrame = CFrame.new(-4.25154686, 4.14551783, -0.000254000013, -0.335213095, -0.918790519, -0.208461225, 0.254999071, -0.301483959, 0.918739855, -0.906977236, 0.254816204, 0.335352123)
LH.WedgePart16.BottomSurface = Enum.SurfaceType.SmoothNoOutlines
LH.WedgePart16.CanCollide = false
LH.WedgePart16.LeftSurface = Enum.SurfaceType.SmoothNoOutlines
LH.WedgePart16.RightSurface = Enum.SurfaceType.SmoothNoOutlines
LH.WedgePart16.TopSurface = Enum.SurfaceType.SmoothNoOutlines
LH.WedgePart16.Color = Color3.new(0.972549, 0.972549, 0.972549)
LH.WedgePart16.Material = Enum.Material.Metal
LH.WedgePart16.Size = Vector3.new(0.200000003, 0.200000003, 0.200000003)
LH.WedgePart16.FrontSurface = Enum.SurfaceType.SmoothNoOutlines
LH.WedgePart16.Anchored = true
LH.WedgePart16.Rotation = Vector3.new(-69.9472504, -12.0321913, 110.044083)
LH.WedgePart16.BrickColor = BrickColor.new("Institutional white")
LH.WedgePart16.Position = Vector3.new(-4.25154686, 4.14551783, -0.000254000013)
LH.WedgePart16.BackSurface = Enum.SurfaceType.SmoothNoOutlines
