player = game:GetService("Players").LocalPlayer
char = player.Character
mouse = player:GetMouse()
idleq = false
local skl = false
parts = {}
poses = {}
local obj3
local TARG10
local TARG11




-------------------------GENERATION OF WEAPON
















Player=game:GetService('Players').LocalPlayer
	Character=Player.Character
	Mouse=Player:GetMouse()
	m=Instance.new('Model',Character)


	local function weldBetween(a, b)
	    local weldd = Instance.new("ManualWeld")
	    weldd.Part0 = a
	    weldd.Part1 = b
	    weldd.C0 = CFrame.new()
	    weldd.C1 = b.CFrame:inverse() * a.CFrame
	    weldd.Parent = a
	    return weldd
	end
	
	it=Instance.new
	
	function nooutline(part)
		part.TopSurface,part.BottomSurface,part.LeftSurface,part.RightSurface,part.FrontSurface,part.BackSurface = 10,10,10,10,10,10
	end
	
	function part(formfactor,parent,material,reflectance,transparency,brickcolor,name,size)
		local fp=it("Part")
		fp.formFactor=formfactor
		fp.Parent=parent
		fp.Reflectance=reflectance
		fp.Transparency=transparency
		fp.CanCollide=false
		fp.Locked=true
		fp.BrickColor=BrickColor.new(tostring(brickcolor))
		fp.Name=name
		fp.Size=size
		fp.Position=Character.Torso.Position
		nooutline(fp)
		fp.Material=material
		fp:BreakJoints()
		return fp
	end
	
	function mesh(Mesh,part,meshtype,meshid,offset,scale)
		local mesh=it(Mesh)
		mesh.Parent=part
		if Mesh=="SpecialMesh" then
			mesh.MeshType=meshtype
			mesh.MeshId=meshid
		end
		mesh.Offset=offset
		mesh.Scale=scale
		return mesh
	end
	
	function weld(parent,part0,part1,c0,c1)
		local weld=it("Weld")
		weld.Parent=parent
		weld.Part0=part0
		weld.Part1=part1
		weld.C0=c0
		weld.C1=c1
		return weld
	end

MN=part(Enum.FormFactor.Custom,m,Enum.Material.SmoothPlastic,0,0,"Bright red","Handle",Vector3.new(1.09732866, 2.19465828, 1.09732854))
MNweld=weld(m,Character["Right Arm"],MN,CFrame.new(0, 0, 0, 1, 0, 0, 0, 1, 0, 0, 0, 1),CFrame.new(-0.0323486328, -0.0509860516, -0.00120401382, -0.00500982394, 0.00520668458, 0.999973893, -0.00739898486, 0.999958873, -0.00524367485, -0.999960065, -0.00742506143, -0.0049710935))
TR7=part(Enum.FormFactor.Custom,m,Enum.Material.SmoothPlastic,0,0,"Maroon","TR7",Vector3.new(1.09732866, 0.274332285, 1.09732854))
TR7weld=weld(m,MN,TR7,CFrame.new(0, 0, 0, 1, 0, 0, 0, 1, 0, 0, 0, 1),CFrame.new(-0.000442504883, 0.68581605, 0.000279426575, 1.00000381, 0.000690042973, -0.000169841573, 0.000690029934, -0.999999702, -0.000261242967, -0.000170052983, 0.000261111214, -1.00000393))
mesh("SpecialMesh",TR7,Enum.MeshType.Wedge,"",Vector3.new(0, 0, 0),Vector3.new(0.200000003, 1.02999997, 1.02999997))
MD9=part(Enum.FormFactor.Custom,m,Enum.Material.SmoothPlastic,0,0,"Really black","MD9",Vector3.new(1.09732866, 0.266768783, 1.09732854))
MD9weld=weld(m,MN,MD9,CFrame.new(0, 0, 0, 1, 0, 0, 0, 1, 0, 0, 0, 1),CFrame.new(0, 0.741846681, 0.199262142, 1.00000405, -6.92205504e-06, 0.000154254027, 4.65649646e-05, 0.965939224, -0.25876984, -0.000147186685, 0.258768767, 0.965943158))
mesh("SpecialMesh",MD9,Enum.MeshType.Brick,"",Vector3.new(0, 0, 0),Vector3.new(1.01999998, 0.411340922, 1.01999998))
MD1=part(Enum.FormFactor.Custom,m,Enum.Material.SmoothPlastic,0,0,"Black","MD1",Vector3.new(0.237408489, 0.259352177, 0.518704116))
MD1weld=weld(m,MN,MD1,CFrame.new(0, 0, 0, 1, 0, 0, 0, 1, 0, 0, 0, 1),CFrame.new(-0.402763367, -0.974855185, 0.682875633, 0.99988991, -0.0150081124, -0.00168980728, 0.0149988253, 0.999872923, -0.00539785437, 0.00177063467, 0.00537188631, 0.999988079))
mesh("SpecialMesh",MD1,Enum.MeshType.Wedge,"",Vector3.new(0, 0, 0),Vector3.new(1, 1.00999999, 1.00999999))
MD10=part(Enum.FormFactor.Custom,m,Enum.Material.SmoothPlastic,0,0,"Black","MD10",Vector3.new(1.09732866, 0.274332285, 1.09732854))
MD10weld=weld(m,MN,MD10,CFrame.new(0, 0, 0, 1, 0, 0, 0, 1, 0, 0, 0, 1),CFrame.new(2.28881836e-05, -0.960148811, -0.000584125519, 1.00000811, -2.88709998e-08, 3.02679837e-08, -2.93366611e-08, 0.99999994, 1.36606104e-08, 3.0733645e-08, 1.3564204e-08, 1.00000799))
mesh("SpecialMesh",MD10,Enum.MeshType.Brick,"",Vector3.new(0, 0, 0),Vector3.new(1.00999999, 1.00999999, 1.00999999))
MD11=part(Enum.FormFactor.Custom,m,Enum.Material.SmoothPlastic,0,0,"Black","MD11",Vector3.new(0.266768694, 1.09732914, 0.658397138))
MD11weld=weld(m,MN,MD11,CFrame.new(0, 0, 0, 1, 0, 0, 0, 1, 0, 0, 0, 1),CFrame.new(-0.493839264, -0.274354219, 4.24385071e-05, 1.00000811, -2.88709998e-08, 3.02679837e-08, -2.93366611e-08, 0.99999994, 1.36606104e-08, 3.0733645e-08, 1.3564204e-08, 1.00000799))
mesh("SpecialMesh",MD11,Enum.MeshType.Brick,"",Vector3.new(0, 0, 0),Vector3.new(0.415454358, 1, 1.00999999))
MD12=part(Enum.FormFactor.Custom,m,Enum.Material.SmoothPlastic,0,0,"Black","MD12",Vector3.new(0.266768694, 1.09732914, 0.658397138))
MD12weld=weld(m,MN,MD12,CFrame.new(0, 0, 0, 1, 0, 0, 0, 1, 0, 0, 0, 1),CFrame.new(0.493812561, -0.274300575, -0.000376224518, 1.00000811, -2.88709998e-08, 3.02679837e-08, -2.93366611e-08, 0.99999994, 1.36606104e-08, 3.0733645e-08, 1.3564204e-08, 1.00000799))
mesh("SpecialMesh",MD12,Enum.MeshType.Brick,"",Vector3.new(0, 0, 0),Vector3.new(0.415454358, 1, 1.00999999))
MD13=part(Enum.FormFactor.Custom,m,Enum.Material.SmoothPlastic,0,0,"Black","MD13",Vector3.new(1.09732866, 0.822996795, 1.09732854))
MD13weld=weld(m,MN,MD13,CFrame.new(0, 0, 0, 1, 0, 0, 0, 1, 0, 0, 0, 1),CFrame.new(-1.90734863e-05, 0.68582201, 0.000464439392, 1.00000811, -2.88709998e-08, 3.02679837e-08, -2.93366611e-08, 0.99999994, 1.36606104e-08, 3.0733645e-08, 1.3564204e-08, 1.00000799))
mesh("SpecialMesh",MD13,Enum.MeshType.Brick,"",Vector3.new(0, 0, 0),Vector3.new(1.00999999, 1.00999999, 1.00999999))
MD14=part(Enum.FormFactor.Custom,m,Enum.Material.SmoothPlastic,0,0,"Really black","MD14",Vector3.new(1.09732866, 0.266768783, 1.09732854))
MD14weld=weld(m,MN,MD14,CFrame.new(0, 0, 0, 1, 0, 0, 0, 1, 0, 0, 0, 1),CFrame.new(-1.90734863e-05, 0.603547096, 0.000416755676, 1.00000811, -2.88709998e-08, 3.02679837e-08, -2.93366611e-08, 0.99999994, 1.36606104e-08, 3.0733645e-08, 1.3564204e-08, 1.00000799))
mesh("SpecialMesh",MD14,Enum.MeshType.Brick,"",Vector3.new(0, 0, 0),Vector3.new(1.04999995, 0.411340922, 1.04999995))
MD15=part(Enum.FormFactor.Custom,m,Enum.Material.SmoothPlastic,0,0,"Black","MD15",Vector3.new(1.09732866, 0.274332285, 1.09732854))
MD15weld=weld(m,MN,MD15,CFrame.new(0, 0, 0, 1, 0, 0, 0, 1, 0, 0, 0, 1),CFrame.new(-7.62939453e-05, 0.137180567, -4.529953e-05, -1.0000037, -0.000862163957, 0.000179466791, -0.000862103421, 0.999999523, 0.000520790287, -0.000179945491, 0.000520619913, -1.00000381))
mesh("SpecialMesh",MD15,Enum.MeshType.Wedge,"",Vector3.new(0, 0, 0),Vector3.new(1.00999999, 1.00999999, 1.00999999))
MD16=part(Enum.FormFactor.Custom,m,Enum.Material.SmoothPlastic,0,0,"Really black","MD16",Vector3.new(1.09732866, 0.266768783, 1.09732854))
MD16weld=weld(m,MN,MD16,CFrame.new(0, 0, 0, 1, 0, 0, 0, 1, 0, 0, 0, 1),CFrame.new(-6.86645508e-05, 0.932742357, 0.000658988953, 1.00000811, -2.88709998e-08, 3.02679837e-08, -2.93366611e-08, 0.99999994, 1.36606104e-08, 3.0733645e-08, 1.3564204e-08, 1.00000799))
mesh("SpecialMesh",MD16,Enum.MeshType.Brick,"",Vector3.new(0, 0, 0),Vector3.new(1.04999995, 0.411340922, 1.04999995))
MD19=part(Enum.FormFactor.Custom,m,Enum.Material.SmoothPlastic,0,0,"Really black","MD19",Vector3.new(1.09732866, 0.274332285, 1.09732854))
MD19weld=weld(m,MN,MD19,CFrame.new(0, 0, 0, 1, 0, 0, 0, 1, 0, 0, 0, 1),CFrame.new(-0.000442504883, 0.68581605, 0.000279426575, 1.00000381, 0.000690042973, -0.000169841573, 0.000690029934, -0.999999702, -0.000261242967, -0.000170052983, 0.000261111214, -1.00000393))
mesh("SpecialMesh",MD19,Enum.MeshType.Wedge,"",Vector3.new(0, 0, 0),Vector3.new(0.5, 1.01999998, 1.01999998))
MD18=part(Enum.FormFactor.Custom,m,Enum.Material.SmoothPlastic,0,0,"Really black","MD18",Vector3.new(1.09732866, 0.266768783, 1.09732854))
MD18weld=weld(m,MN,MD18,CFrame.new(0, 0, 0, 1, 0, 0, 0, 1, 0, 0, 0, 1),CFrame.new(1.52587891e-05, -0.246893644, -0.00013256073, 1.00000811, -2.88709998e-08, 3.02679837e-08, -2.93366611e-08, 0.99999994, 1.36606104e-08, 3.0733645e-08, 1.3564204e-08, 1.00000799))
mesh("SpecialMesh",MD18,Enum.MeshType.Brick,"",Vector3.new(0, 0, 0),Vector3.new(1.01999998, 0.411340922, 1.01999998))
MD2=part(Enum.FormFactor.Custom,m,Enum.Material.SmoothPlastic,0,0,"Black","MD2",Vector3.new(0.2574085, 0.259352177, 0.518704116))
MD2weld=weld(m,MN,MD2,CFrame.new(0, 0, 0, 1, 0, 0, 0, 1, 0, 0, 0, 1),CFrame.new(-0.392555237, -0.573539257, 1.09872949, 0.999886394, -0.0152528733, -0.00162532134, 0.0119883548, 0.710953057, 0.70314008, -0.00956933573, -0.703074038, 0.71105516))
mesh("SpecialMesh",MD2,Enum.MeshType.Wedge,"",Vector3.new(0, 0, 0),Vector3.new(1, 1.00999999, 1.00999999))
MD3=part(Enum.FormFactor.Custom,m,Enum.Material.SmoothPlastic,0,0,"Black","MD3",Vector3.new(0.247408509, 0.259352177, 0.518704116))
MD3weld=weld(m,MN,MD3,CFrame.new(0, 0, 0, 1, 0, 0, 0, 1, 0, 0, 0, 1),CFrame.new(-0.397964478, -0.817667723, 0.487944126, 0.999890864, -0.0149886403, -0.00193861127, 0.0139457425, 0.964460015, -0.263861924, 0.00582473399, 0.26380372, 0.964563668))
mesh("SpecialMesh",MD3,Enum.MeshType.Wedge,"",Vector3.new(0, 0, 0),Vector3.new(1, 1.00999999, 1.00999999))
MD4=part(Enum.FormFactor.Custom,m,Enum.Material.SmoothPlastic,0,0,"Black","MD4",Vector3.new(0.247408509, 0.259352177, 0.518704116))
MD4weld=weld(m,MN,MD4,CFrame.new(0, 0, 0, 1, 0, 0, 0, 1, 0, 0, 0, 1),CFrame.new(0.422103882, -0.82026124, 0.507567406, 0.999890864, -0.0149886403, -0.00193861127, 0.0139457425, 0.964460015, -0.263861924, 0.00582473399, 0.26380372, 0.964563668))
mesh("SpecialMesh",MD4,Enum.MeshType.Wedge,"",Vector3.new(0, 0, 0),Vector3.new(1, 1.00999999, 1.00999999))
MD5=part(Enum.FormFactor.Custom,m,Enum.Material.SmoothPlastic,0,0,"Black","MD5",Vector3.new(0.2574085, 0.259352177, 0.518704116))
MD5weld=weld(m,MN,MD5,CFrame.new(0, 0, 0, 1, 0, 0, 0, 1, 0, 0, 0, 1),CFrame.new(0.427509308, -0.557831764, 1.11046171, 0.999886394, -0.0152528733, -0.00162532134, 0.0119883548, 0.710953057, 0.70314008, -0.00956933573, -0.703074038, 0.71105516))
mesh("SpecialMesh",MD5,Enum.MeshType.Wedge,"",Vector3.new(0, 0, 0),Vector3.new(1, 1.00999999, 1.00999999))
MD6=part(Enum.FormFactor.Custom,m,Enum.Material.SmoothPlastic,0,0,"Black","MD6",Vector3.new(0.237408489, 0.259352177, 0.518704116))
MD6weld=weld(m,MN,MD6,CFrame.new(0, 0, 0, 1, 0, 0, 0, 1, 0, 0, 0, 1),CFrame.new(0.417263031, -0.972257376, 0.702233315, 0.99988991, -0.0150081124, -0.00168980728, 0.0149988253, 0.999872923, -0.00539785437, 0.00177063467, 0.00537188631, 0.999988079))
mesh("SpecialMesh",MD6,Enum.MeshType.Wedge,"",Vector3.new(0, 0, 0),Vector3.new(1, 1.00999999, 1.00999999))
MD7=part(Enum.FormFactor.Custom,m,Enum.Material.SmoothPlastic,0,0,"Black","MD7",Vector3.new(1.09732866, 0.274332285, 1.09732854))
MD7weld=weld(m,MN,MD7,CFrame.new(0, 0, 0, 1, 0, 0, 0, 1, 0, 0, 0, 1),CFrame.new(-0.000442504883, 0.68581605, 0.000279426575, 1.00000381, 0.000690042973, -0.000169841573, 0.000690029934, -0.999999702, -0.000261242967, -0.000170052983, 0.000261111214, -1.00000393))
mesh("SpecialMesh",MD7,Enum.MeshType.Wedge,"",Vector3.new(0, 0, 0),Vector3.new(1.00999999, 1.00999999, 1.00999999))
MD8=part(Enum.FormFactor.Custom,m,Enum.Material.SmoothPlastic,0,0,"Really black","MD8",Vector3.new(1.09732866, 0.274332285, 1.09732854))
MD8weld=weld(m,MN,MD8,CFrame.new(0, 0, 0, 1, 0, 0, 0, 1, 0, 0, 0, 1),CFrame.new(2.28881836e-05, -0.960148811, -0.000584125519, 1.00000811, -2.88709998e-08, 3.02679837e-08, -2.93366611e-08, 0.99999994, 1.36606104e-08, 3.0733645e-08, 1.3564204e-08, 1.00000799))
mesh("SpecialMesh",MD8,Enum.MeshType.Brick,"",Vector3.new(0, 0, 0),Vector3.new(0.5, 1.01999998, 1.01999998))
TR1=part(Enum.FormFactor.Custom,m,Enum.Material.SmoothPlastic,0,0,"Maroon","TR1",Vector3.new(0.266768694, 0.54866457, 0.548664272))
TR1weld=weld(m,MN,TR1,CFrame.new(0, 0, 0, 1, 0, 0, 0, 1, 0, 0, 0, 1),CFrame.new(-0.548826218, 0.30154109, 4.57763672e-05, -0.000205519143, -0.0001726388, -1, -4.31765802e-05, 1, -0.00017263052, 1, 4.314119e-05, -0.000205526594))
mesh("SpecialMesh",TR1,Enum.MeshType.Cylinder,"",Vector3.new(0, 0, 0),Vector3.new(0.415454358, 0.700000048, 0.700000048))
TR2=part(Enum.FormFactor.Custom,m,Enum.Material.SmoothPlastic,0,0,"Maroon","TR2",Vector3.new(1.09732866, 0.266768783, 1.09732854))
TR2weld=weld(m,MN,TR2,CFrame.new(0, 0, 0, 1, 0, 0, 0, 1, 0, 0, 0, 1),CFrame.new(2.28881836e-05, 0.741921067, 0.198978901, 1.00000405, -2.92747281e-05, -1.7457176e-05, 2.37242784e-05, 0.965939343, -0.258769363, 2.44602561e-05, 0.25876832, 0.965943277))
mesh("SpecialMesh",TR2,Enum.MeshType.Brick,"",Vector3.new(0, 0, 0),Vector3.new(1.02999997, 0.0822681859, 1.02999997))
TR3=part(Enum.FormFactor.Custom,m,Enum.Material.SmoothPlastic,0,0,"Maroon","TR3",Vector3.new(1.09732866, 0.266768783, 1.09732854))
TR3weld=weld(m,MN,TR3,CFrame.new(0, 0, 0, 1, 0, 0, 0, 1, 0, 0, 0, 1),CFrame.new(-3.81469727e-05, 0.603546381, 0.000186920166, 1.00000787, -8.63452442e-05, -2.6775524e-07, 8.62879679e-05, 1, -2.05411197e-07, 2.68686563e-07, 2.3024586e-07, 1.00000775))
mesh("SpecialMesh",TR3,Enum.MeshType.Brick,"",Vector3.new(0, 0, 0),Vector3.new(1.05999994, 0.0822681859, 1.05999994))
TR4=part(Enum.FormFactor.Custom,m,Enum.Material.SmoothPlastic,0,0,"Maroon","TR4",Vector3.new(1.09732866, 0.266768783, 1.09732854))
TR4weld=weld(m,MN,TR4,CFrame.new(0, 0, 0, 1, 0, 0, 0, 1, 0, 0, 0, 1),CFrame.new(-0.000106811523, 0.93274045, 0.000304222107, 1.00000787, -8.63452442e-05, -2.6775524e-07, 8.62879679e-05, 1, -2.05411197e-07, 2.68686563e-07, 2.3024586e-07, 1.00000775))
mesh("SpecialMesh",TR4,Enum.MeshType.Brick,"",Vector3.new(0, 0, 0),Vector3.new(1.05999994, 0.0822681859, 1.05999994))
TR5=part(Enum.FormFactor.Custom,m,Enum.Material.SmoothPlastic,0,0,"Maroon","TR5",Vector3.new(1.09732866, 0.274332285, 1.09732854))
TR5weld=weld(m,MN,TR5,CFrame.new(0, 0, 0, 1, 0, 0, 0, 1, 0, 0, 0, 1),CFrame.new(2.28881836e-05, -0.960148811, -0.000584125519, 1.00000811, -2.88709998e-08, 3.02679837e-08, -2.93366611e-08, 0.99999994, 1.36606104e-08, 3.0733645e-08, 1.3564204e-08, 1.00000799))
mesh("SpecialMesh",TR5,Enum.MeshType.Brick,"",Vector3.new(0, 0, 0),Vector3.new(0.200000003, 1.02999997, 1.02999997))
TR6=part(Enum.FormFactor.Custom,m,Enum.Material.SmoothPlastic,0,0,"Maroon","TR6",Vector3.new(1.09732866, 0.266768783, 1.09732854))
TR6weld=weld(m,MN,TR6,CFrame.new(0, 0, 0, 1, 0, 0, 0, 1, 0, 0, 0, 1),CFrame.new(1.52587891e-05, -0.246893644, -0.00013256073, 1.00000811, -2.88709998e-08, 3.02679837e-08, -2.93366611e-08, 0.99999994, 1.36606104e-08, 3.0733645e-08, 1.3564204e-08, 1.00000799))
mesh("SpecialMesh",TR6,Enum.MeshType.Brick,"",Vector3.new(0, 0, 0),Vector3.new(1.02999997, 0.0822681859, 1.02999997))
MD21=part(Enum.FormFactor.Custom,m,Enum.Material.SmoothPlastic,0,0,"Dark stone grey","MD21",Vector3.new(0.266768694, 0.54866457, 0.548664272))
MD21weld=weld(m,MN,MD21,CFrame.new(0, 0, 0, 1, 0, 0, 0, 1, 0, 0, 0, 1),CFrame.new(-0.548921585, 0.301375628, 0.000118255615, -0.000262488145, -9.39509191e-05, -1.00000393, -0.000154611655, 1, -9.38984886e-05, 1.00000393, 0.000154557638, -0.000262471847))
mesh("SpecialMesh",MD21,Enum.MeshType.Cylinder,"",Vector3.new(0, 0, 0),Vector3.new(0.411340952, 0.900000036, 0.900000036))
MN=part(Enum.FormFactor.Custom,m,Enum.Material.SmoothPlastic,0,0,"Bright red","Handle",Vector3.new(1.03740847, 2.07481742, 1.03740823))
MNweld=weld(m,Character["Right Leg"],MN,CFrame.new(0, 0, 0, 1, 0, 0, 0, 1, 0, 0, 0, 1),CFrame.new(0.00872802734, 0.00284510851, -0.0114479065, 0.000559218752, 0.00461495388, -0.999989212, 0.0116515048, 0.999921441, 0.00462115649, 0.999931991, -0.0116539635, 0.000505403674))
FB1=part(Enum.FormFactor.Custom,m,Enum.Material.SmoothPlastic,0,0,"Black","FB1",Vector3.new(0.252201617, 1.03740871, 0.622444928))
FB1weld=weld(m,MN,FB1,CFrame.new(0, 0, 0, 1, 0, 0, 0, 1, 0, 0, 0, 1),CFrame.new(-0.466812134, -0.259373605, 4.19616699e-05, 1, 0, 5.82076609e-11, 0, 1, -2.07592166e-10, 5.82076609e-11, -2.07592166e-10, 1.00000012))
mesh("SpecialMesh",FB1,Enum.MeshType.Brick,"",Vector3.new(0, 0, 0),Vector3.new(0.415454358, 1, 1.00999999))
FB10=part(Enum.FormFactor.Custom,m,Enum.Material.SmoothPlastic,0,0,"Black","FB10",Vector3.new(1.03740847, 0.259352177, 1.03740823))
FB10weld=weld(m,MN,FB10,CFrame.new(0, 0, 0, 1, 0, 0, 0, 1, 0, 0, 0, 1),CFrame.new(1.14440918e-05, -0.907726586, -0.0001745224, -1.00000012, -4.3686945e-05, -0.000145533413, -4.37181443e-05, 1, 0.00021532696, 0.000145524042, 0.000215333974, -1))
mesh("SpecialMesh",FB10,Enum.MeshType.Brick,"",Vector3.new(0, 0, 0),Vector3.new(1.00999999, 1.00999999, 1.00999999))
FB11=part(Enum.FormFactor.Custom,m,Enum.Material.SmoothPlastic,0,0,"Really black","FB11",Vector3.new(0.518704236, 0.778056443, 0.252201557))
FB11weld=weld(m,MN,FB11,CFrame.new(0, 0, 0, 1, 0, 0, 0, 1, 0, 0, 0, 1),CFrame.new(-3.81469727e-05, 0.49278298, -0.518682957, 1, 0, 5.82076609e-11, 0, 1, -2.07592166e-10, 5.82076609e-11, -2.07592166e-10, 1.00000012))
mesh("SpecialMesh",FB11,Enum.MeshType.Brick,"",Vector3.new(0, 0, 0),Vector3.new(1.00999999, 1.00999999, 0.415454417))
FB12=part(Enum.FormFactor.Custom,m,Enum.Material.SmoothPlastic,0,0,"Black","FB12",Vector3.new(1.03740847, 0.778056443, 1.03740823))
FB12weld=weld(m,MN,FB12,CFrame.new(0, 0, 0, 1, 0, 0, 0, 1, 0, 0, 0, 1),CFrame.new(-1.14440918e-05, 0.648371816, 1.38282776e-05, 1, 0, 5.82076609e-11, 0, 1, -2.07592166e-10, 5.82076609e-11, -2.07592166e-10, 1.00000012))
mesh("SpecialMesh",FB12,Enum.MeshType.Brick,"",Vector3.new(0, 0, 0),Vector3.new(1.00999999, 1.00999999, 1.00999999))
FB2=part(Enum.FormFactor.Custom,m,Enum.Material.SmoothPlastic,0,0,"Really black","FB2",Vector3.new(1.03740847, 0.252201647, 1.03740823))
FB2weld=weld(m,MN,FB2,CFrame.new(0, 0, 0, 1, 0, 0, 0, 1, 0, 0, 0, 1),CFrame.new(-2.28881836e-05, 0.726178706, 4.57763672e-05, 1, 0, 5.82076609e-11, 0, 1, -2.07592166e-10, 5.82076609e-11, -2.07592166e-10, 1.00000012))
mesh("SpecialMesh",FB2,Enum.MeshType.Brick,"",Vector3.new(0, 0, 0),Vector3.new(1.04999995, 0.415454417, 1.04999995))
FB3=part(Enum.FormFactor.Custom,m,Enum.Material.SmoothPlastic,0,0,"Black","FB3",Vector3.new(1.03740847, 0.259352177, 0.518704116))
FB3weld=weld(m,MN,FB3,CFrame.new(0, 0, 0, 1, 0, 0, 0, 1, 0, 0, 0, 1),CFrame.new(0.000141143799, -0.907841623, 0.725996017, -1.00000012, -4.3686945e-05, -0.000145533413, -4.37181443e-05, 1, 0.00021532696, 0.000145524042, 0.000215333974, -1))
mesh("SpecialMesh",FB3,Enum.MeshType.Wedge,"",Vector3.new(0, 0, 0),Vector3.new(1, 1.00999999, 1.00999999))
FB4=part(Enum.FormFactor.Custom,m,Enum.Material.SmoothPlastic,0,0,"Black","FB4",Vector3.new(1.03740847, 0.259352177, 0.518704116))
FB4weld=weld(m,MN,FB4,CFrame.new(0, 0, 0, 1, 0, 0, 0, 1, 0, 0, 0, 1),CFrame.new(0.000263214111, -0.495628834, 1.08177543, -1, -0.000208274461, -0.000166981248, -2.93208286e-05, 0.707433105, -0.706780434, 0.000265331706, -0.706780314, -0.707433105))
mesh("SpecialMesh",FB4,Enum.MeshType.Wedge,"",Vector3.new(0, 0, 0),Vector3.new(1, 1.00999999, 1.00999999))
FB5=part(Enum.FormFactor.Custom,m,Enum.Material.SmoothPlastic,0,0,"Really black","FB5",Vector3.new(1.03740847, 0.252201647, 1.03740823))
FB5weld=weld(m,MN,FB5,CFrame.new(0, 0, 0, 1, 0, 0, 0, 1, 0, 0, 0, 1),CFrame.new(-2.67028809e-05, 0.933657289, 6.19888306e-05, 1, 0, 5.82076609e-11, 0, 1, -2.07592166e-10, 5.82076609e-11, -2.07592166e-10, 1.00000012))
mesh("SpecialMesh",FB5,Enum.MeshType.Brick,"",Vector3.new(0, 0, 0),Vector3.new(1.04999995, 0.415454417, 1.04999995))
FB6=part(Enum.FormFactor.Custom,m,Enum.Material.SmoothPlastic,0,0,"Black","FB6",Vector3.new(1.03740847, 0.259352177, 1.03740823))
FB6weld=weld(m,MN,FB6,CFrame.new(0, 0, 0, 1, 0, 0, 0, 1, 0, 0, 0, 1),CFrame.new(3.81469727e-06, 0.129679263, 3.29017639e-05, 1, 0, 5.82076609e-11, 0, 1, -2.07592166e-10, 5.82076609e-11, -2.07592166e-10, 1.00000012))
mesh("SpecialMesh",FB6,Enum.MeshType.Wedge,"",Vector3.new(0, 0, 0),Vector3.new(1.00999999, 1.00999999, 1.00999999))
FB7=part(Enum.FormFactor.Custom,m,Enum.Material.SmoothPlastic,0,0,"Black","FB7",Vector3.new(0.252201617, 1.03740871, 0.622444928))
FB7weld=weld(m,MN,FB7,CFrame.new(0, 0, 0, 1, 0, 0, 0, 1, 0, 0, 0, 1),CFrame.new(0.466838837, -0.259338915, -8.58306885e-06, 1, 0, 5.82076609e-11, 0, 1, -2.07592166e-10, 5.82076609e-11, -2.07592166e-10, 1.00000012))
mesh("SpecialMesh",FB7,Enum.MeshType.Brick,"",Vector3.new(0, 0, 0),Vector3.new(0.415454358, 1, 1.00999999))
FB8=part(Enum.FormFactor.Custom,m,Enum.Material.SmoothPlastic,0,0,"Black","FB8",Vector3.new(1.03740847, 0.259352177, 0.518704116))
FB8weld=weld(m,MN,FB8,CFrame.new(0, 0, 0, 1, 0, 0, 0, 1, 0, 0, 0, 1),CFrame.new(0.000205993652, -0.764207125, 0.546924591, -0.999995053, -0.000121198129, -0.00017335522, -0.000163274352, 0.965882957, 0.258978456, 0.000135882699, 0.258978575, -0.96587801))
mesh("SpecialMesh",FB8,Enum.MeshType.Wedge,"",Vector3.new(0, 0, 0),Vector3.new(1, 1.00999999, 1.00999999))
FB9=part(Enum.FormFactor.Custom,m,Enum.Material.SmoothPlastic,0,0,"Black","FB9",Vector3.new(1.03740847, 0.259352177, 1.03740823))
FB9weld=weld(m,MN,FB9,CFrame.new(0, 0, 0, 1, 0, 0, 0, 1, 0, 0, 0, 1),CFrame.new(-0.00023651123, 0.648379326, -0.000217437744, -0.99999994, 0.00030120369, -0.00014261005, -0.000301247928, -0.999999821, 0.000302845408, -0.000142518838, 0.000302889268, 1))
mesh("SpecialMesh",FB9,Enum.MeshType.Wedge,"",Vector3.new(0, 0, 0),Vector3.new(1.00999999, 1.00999999, 1.00999999))
TN1=part(Enum.FormFactor.Custom,m,Enum.Material.SmoothPlastic,0,0,"Maroon","TN1",Vector3.new(1.03740847, 0.252201647, 1.03740823))
TN1weld=weld(m,MN,TN1,CFrame.new(0, 0, 0, 1, 0, 0, 0, 1, 0, 0, 0, 1),CFrame.new(-2.67028809e-05, 0.933657289, 6.19888306e-05, 1, 0, 5.82076609e-11, 0, 1, -2.07592166e-10, 5.82076609e-11, -2.07592166e-10, 1.00000012))
mesh("SpecialMesh",TN1,Enum.MeshType.Brick,"",Vector3.new(0, 0, 0),Vector3.new(1.05999994, 0.205670506, 1.05999994))
TN2=part(Enum.FormFactor.Custom,m,Enum.Material.SmoothPlastic,0,0,"Maroon","TN2",Vector3.new(0.518704236, 0.778056443, 0.252201557))
TN2weld=weld(m,MN,TN2,CFrame.new(0, 0, 0, 1, 0, 0, 0, 1, 0, 0, 0, 1),CFrame.new(-3.81469727e-05, 0.49278298, -0.518682957, 1, 0, 5.82076609e-11, 0, 1, -2.07592166e-10, 5.82076609e-11, -2.07592166e-10, 1.00000012))
mesh("SpecialMesh",TN2,Enum.MeshType.Brick,"",Vector3.new(0, 0, 0),Vector3.new(0.899999917, 0.899999917, 0.419567823))
TN3=part(Enum.FormFactor.Custom,m,Enum.Material.SmoothPlastic,0,0,"Maroon","TN3",Vector3.new(1.03740847, 0.252201647, 1.03740823))
TN3weld=weld(m,MN,TN3,CFrame.new(0, 0, 0, 1, 0, 0, 0, 1, 0, 0, 0, 1),CFrame.new(-2.28881836e-05, 0.726178706, 4.57763672e-05, 1, 0, 5.82076609e-11, 0, 1, -2.07592166e-10, 5.82076609e-11, -2.07592166e-10, 1.00000012))
mesh("SpecialMesh",TN3,Enum.MeshType.Brick,"",Vector3.new(0, 0, 0),Vector3.new(1.05999994, 0.205670506, 1.05999994))
TG1=part(Enum.FormFactor.Custom,m,Enum.Material.Neon,0,0,"Really red","Handle",Vector3.new(0.231713057, 0.953130603, 0.953130603))
TG1weld=weld(m,Character["HumanoidRootPart"],TG1,CFrame.new(0, 0, 0, 1, 0, 0, 0, 1, 0, 0, 0, 1),CFrame.new(0.042350769, 2.25753069, -2.74072218, -0.0144443018, -0.00148237997, 0.999894559, 0.138804898, -0.99031961, 0.000536966661, 0.990214407, 0.138798028, 0.0145102367))
mesh("SpecialMesh",TG1,Enum.MeshType.Cylinder,"",Vector3.new(0, 0, 0),Vector3.new(0.415454358, 0.5, 0.5))
AM1=part(Enum.FormFactor.Custom,m,Enum.Material.SmoothPlastic,0,0,"Black","AM1",Vector3.new(0.953130484, 0.238282651, 0.953130603))
AM1weld=weld(m,TG1,AM1,CFrame.new(0, 0, 0, 1, 0, 0, 0, 1, 0, 0, 0, 1),CFrame.new(-3.24249268e-05, 0.166828156, 3.09944153e-05, -0.000157195085, 1, 9.1494876e-05, -0.99999994, -0.000157169881, -0.000279594213, -0.000279579312, -9.1555652e-05, 0.99999994))
mesh("SpecialMesh",AM1,Enum.MeshType.Brick,"",Vector3.new(0, 0, 0),Vector3.new(1, 1, 1))
P1=part(Enum.FormFactor.Custom,m,Enum.Material.SmoothPlastic,0,0,"Really black","P1",Vector3.new(0.476565242, 0.238282651, 0.238282651))
P1weld=weld(m,TG1,P1,CFrame.new(0, 0, 0, 1, 0, 0, 0, 1, 0, 0, 0, 1),CFrame.new(0.911342621, 0.703609467, 0.114207745, 0.706984818, 0.683136642, 0.183021277, -0.707228661, 0.682939231, 0.182815671, -0.000104348175, -0.258685827, 0.965961576))
mesh("SpecialMesh",P1,Enum.MeshType.Brick,"",Vector3.new(0, 0, 0),Vector3.new(1.10000002, 1.10000002, 1.10000002))
P10=part(Enum.FormFactor.Custom,m,Enum.Material.SmoothPlastic,0,0,"Black","P10",Vector3.new(0.953130484, 0.231713057, 0.238282651))
P10weld=weld(m,TG1,P10,CFrame.new(0, 0, 0, 1, 0, 0, 0, 1, 0, 0, 0, 1),CFrame.new(-5.00679016e-05, -0.524249077, 0.166728973, 0.000105811283, -0.000137583454, -1, 0.000479714101, -0.999999821, 0.000137644194, -0.999999821, -0.000479728915, -0.000105744228))
mesh("SpecialMesh",P10,Enum.MeshType.Torso,"",Vector3.new(0, 0, 0),Vector3.new(1, 0.411340922, 1))
P11=part(Enum.FormFactor.Custom,m,Enum.Material.SmoothPlastic,0,0,"Black","P11",Vector3.new(0.476565242, 0.238282651, 0.238282651))
P11weld=weld(m,TG1,P11,CFrame.new(0, 0, 0, 1, 0, 0, 0, 1, 0, 0, 0, 1),CFrame.new(0.731900215, 0.270252228, -0.114115238, 0.258668154, 0.93309164, -0.249861524, -0.965966165, 0.249754369, -0.0673211813, -0.000412817113, 0.258771658, 0.965938509))
mesh("SpecialMesh",P11,Enum.MeshType.Brick,"",Vector3.new(0, 0, 0),Vector3.new(1, 1, 1))
P12=part(Enum.FormFactor.Custom,m,Enum.Material.SmoothPlastic,0,0,"Black","P12",Vector3.new(0.476565242, 0.238282651, 0.238282651))
P12weld=weld(m,TG1,P12,CFrame.new(0, 0, 0, 1, 0, 0, 0, 1, 0, 0, 0, 1),CFrame.new(0.731903076, 0.27022934, 0.114096642, 0.258535415, 0.933087707, 0.250022143, -0.966005266, 0.24975659, 0.066811718, -0.000106466934, -0.258798361, 0.965934813))
mesh("SpecialMesh",P12,Enum.MeshType.Brick,"",Vector3.new(0, 0, 0),Vector3.new(1, 1, 1))
P13=part(Enum.FormFactor.Custom,m,Enum.Material.SmoothPlastic,0,0,"Black","P13",Vector3.new(0.953130484, 0.231713057, 0.238282651))
P13weld=weld(m,TG1,P13,CFrame.new(0, 0, 0, 1, 0, 0, 0, 1, 0, 0, 0, 1),CFrame.new(0.000140666962, -0.333644867, 0.357366562, -0.0002978798, 0.000259431486, 0.999999881, 0.999991119, 0.000227510231, 0.000298896804, -0.000227348646, 0.999991298, -0.000258179527))
mesh("SpecialMesh",P13,Enum.MeshType.Wedge,"",Vector3.new(0, 0, 0),Vector3.new(1, 0.415454328, 1.00999999))
P14=part(Enum.FormFactor.Custom,m,Enum.Material.SmoothPlastic,0,0,"Black","P14",Vector3.new(0.953130484, 0.231713057, 0.238282651))
P14weld=weld(m,TG1,P14,CFrame.new(0, 0, 0, 1, 0, 0, 0, 1, 0, 0, 0, 1),CFrame.new(1.43051147e-06, -0.333572388, -0.119208813, -0.0002978798, 0.000259431486, 0.999999881, 0.999991119, 0.000227510231, 0.000298896804, -0.000227348646, 0.999991298, -0.000258179527))
mesh("SpecialMesh",P14,Enum.MeshType.Wedge,"",Vector3.new(0, 0, 0),Vector3.new(1, 0.415454328, 1.00999999))
P15=part(Enum.FormFactor.Custom,m,Enum.Material.SmoothPlastic,0,0,"Really black","P15",Vector3.new(0.231713057, 0.953130603, 0.953130603))
P15weld=weld(m,TG1,P15,CFrame.new(0, 0, 0, 1, 0, 0, 0, 1, 0, 0, 0, 1),CFrame.new(0, 0, 0, 0.99999994, 1.16415322e-10, -9.31322575e-10, 1.16415322e-10, 1, -1.79352355e-09, -9.31322575e-10, -1.79352355e-09, 1))
mesh("SpecialMesh",P15,Enum.MeshType.Cylinder,"",Vector3.new(0, 0, 0),Vector3.new(0.411340952, 0.700000048, 0.700000048))
P16=part(Enum.FormFactor.Custom,m,Enum.Material.SmoothPlastic,0,0,"Black","P16",Vector3.new(0.953130484, 0.231713057, 0.238282651))
P16weld=weld(m,TG1,P16,CFrame.new(0, 0, 0, 1, 0, 0, 0, 1, 0, 0, 0, 1),CFrame.new(0.000156879425, -0.524261951, 0.166660309, 0.000348402828, -0.99999994, -0.00028672372, 1.2637116e-05, -0.000286738126, 0.99999994, -0.999999881, -0.000348406611, 1.25393271e-05))
mesh("SpecialMesh",P16,Enum.MeshType.Torso,"",Vector3.new(0, 0, 0),Vector3.new(1, 0.411340922, 1))
P2=part(Enum.FormFactor.Custom,m,Enum.Material.SmoothPlastic,0,0,"Really black","P2",Vector3.new(0.238282621, 0.238282651, 0.238282651))
P2weld=weld(m,TG1,P2,CFrame.new(0, 0, 0, 1, 0, 0, 0, 1, 0, 0, 0, 1),CFrame.new(-0.114342928, -1.26896286, 0.703344345, -8.68691131e-05, 0.25868696, -0.965961158, -0.706778944, -0.683370173, -0.18294476, -0.707434416, 0.682705104, 0.182893887))
mesh("SpecialMesh",P2,Enum.MeshType.Wedge,"",Vector3.new(0, 0, 0),Vector3.new(1.00999999, 1.00999999, 1.00999999))
P3=part(Enum.FormFactor.Custom,m,Enum.Material.SmoothPlastic,0,0,"Really black","P3",Vector3.new(0.476565242, 0.238282651, 0.238282651))
P3weld=weld(m,TG1,P3,CFrame.new(0, 0, 0, 1, 0, 0, 0, 1, 0, 0, 0, 1),CFrame.new(0.9112854, 0.703716278, -0.114027977, 0.707162201, 0.682978034, -0.182929516, -0.707051754, 0.683040321, -0.183125019, -0.000122674741, 0.258839428, 0.965920746))
mesh("SpecialMesh",P3,Enum.MeshType.Brick,"",Vector3.new(0, 0, 0),Vector3.new(1.10000002, 1.10000002, 1.10000002))
P4=part(Enum.FormFactor.Custom,m,Enum.Material.SmoothPlastic,0,0,"Really black","P4",Vector3.new(0.476565242, 0.238282651, 0.238282651))
P4weld=weld(m,TG1,P4,CFrame.new(0, 0, 0, 1, 0, 0, 0, 1, 0, 0, 0, 1),CFrame.new(-1.04713726, -0.0560836792, 0.589748383, -0.433230519, 0.499762714, 0.750031829, 0.249949813, 0.866157889, -0.432767093, -0.865926266, -1.81881187e-05, -0.500163496))
mesh("SpecialMesh",P4,Enum.MeshType.Brick,"",Vector3.new(0, 0, 0),Vector3.new(1.10000002, 1.10000002, 1.10000002))
P5=part(Enum.FormFactor.Custom,m,Enum.Material.SmoothPlastic,0,0,"Really black","P5",Vector3.new(0.238282621, 0.238282651, 0.238282651))
P5weld=weld(m,TG1,P5,CFrame.new(0, 0, 0, 1, 0, 0, 0, 1, 0, 0, 0, 1),CFrame.new(0.110613346, -1.25364304, 0.687784195, 2.46139243e-05, -0.258755654, -0.96594286, -0.706809103, -0.683316648, 0.183028057, -0.707404375, 0.682732642, -0.182907671))
mesh("SpecialMesh",P5,Enum.MeshType.Wedge,"",Vector3.new(0, 0, 0),Vector3.new(1.00999999, 1.00999999, 1.00999999))
P6=part(Enum.FormFactor.Custom,m,Enum.Material.SmoothPlastic,0,0,"Really black","P6",Vector3.new(0.238282621, 0.238282651, 0.238282651))
P6weld=weld(m,TG1,P6,CFrame.new(0, 0, 0, 1, 0, 0, 0, 1, 0, 0, 0, 1),CFrame.new(-0.0552225113, -0.590129852, 1.40441322, 0.249802664, 0.865931273, -0.433314741, 0.865909696, 0.000505216594, 0.500199974, 0.433357745, -0.50016278, -0.749692082))
mesh("SpecialMesh",P6,Enum.MeshType.Wedge,"",Vector3.new(0, 0, 0),Vector3.new(1.00999999, 1.00999999, 1.00999999))
P7=part(Enum.FormFactor.Custom,m,Enum.Material.SmoothPlastic,0,0,"Black","P7",Vector3.new(0.476565242, 0.238282651, 0.238282651))
P7weld=weld(m,TG1,P7,CFrame.new(0, 0, 0, 1, 0, 0, 0, 1, 0, 0, 0, 1),CFrame.new(0.76527071, 0.166690826, 0.0566182137, 0.000211901963, -0.499973178, -0.866040885, -0.999999881, -0.000433116395, 5.36441803e-06, -0.000377777033, 0.866040766, -0.499973238))
mesh("SpecialMesh",P7,Enum.MeshType.Brick,"",Vector3.new(0, 0, 0),Vector3.new(1, 1, 1))
P8=part(Enum.FormFactor.Custom,m,Enum.Material.SmoothPlastic,0,0,"Black","P8",Vector3.new(0.953130484, 0.231713057, 0.238282651))
P8weld=weld(m,TG1,P8,CFrame.new(0, 0, 0, 1, 0, 0, 0, 1, 0, 0, 0, 1),CFrame.new(6.58035278e-05, -0.333610535, 0.11908865, -0.0002978798, 0.000259431486, 0.999999881, 0.999991119, 0.000227510231, 0.000298896804, -0.000227348646, 0.999991298, -0.000258179527))
mesh("SpecialMesh",P8,Enum.MeshType.Wedge,"",Vector3.new(0, 0, 0),Vector3.new(1, 0.415454328, 1.00999999))
P9=part(Enum.FormFactor.Custom,m,Enum.Material.SmoothPlastic,0,0,"Black","P9",Vector3.new(0.953130484, 0.231713057, 0.238282651))
P9weld=weld(m,TG1,P9,CFrame.new(0, 0, 0, 1, 0, 0, 0, 1, 0, 0, 0, 1),CFrame.new(-6.72340393e-05, -0.333576202, -0.357462883, -0.0002978798, 0.000259431486, 0.999999881, 0.999991119, 0.000227510231, 0.000298896804, -0.000227348646, 0.999991298, -0.000258179527))
mesh("SpecialMesh",P9,Enum.MeshType.Wedge,"",Vector3.new(0, 0, 0),Vector3.new(1, 0.415454328, 1.00999999))
TG2=part(Enum.FormFactor.Custom,m,Enum.Material.SmoothPlastic,0,0,"Black","Handle",Vector3.new(0.953130484, 0.238282651, 0.953130603))
TG2weld=weld(m,Character["HumanoidRootPart"],TG2,CFrame.new(0, 0, 0, 1, 0, 0, 0, 1, 0, 0, 0, 1),CFrame.new(0.76916337, -1.09253693, -3.17651272, -0.203467354, -0.97908175, 0.000212302519, 0.014012184, -0.00312875048, -0.999896944, 0.978981495, -0.203443378, 0.0143556716))
mesh("SpecialMesh",TG2,Enum.MeshType.Brick,"",Vector3.new(0, 0, 0),Vector3.new(1, 1, 1))
AM2=part(Enum.FormFactor.Custom,m,Enum.Material.Neon,0,0,"Really red","AM2",Vector3.new(0.231713057, 0.953130603, 0.953130603))
AM2weld=weld(m,TG2,AM2,CFrame.new(0, 0, 0, 1, 0, 0, 0, 1, 0, 0, 0, 1),CFrame.new(0.166828156, 3.64780426e-05, 2.43186951e-05, -0.000192319567, -1, -0.000198441558, 0.99999994, -0.000192359177, 0.000197284782, -0.000197345667, -0.000198401511, 1))
mesh("SpecialMesh",AM2,Enum.MeshType.Cylinder,"",Vector3.new(0, 0, 0),Vector3.new(0.415454358, 0.5, 0.5))
R1=part(Enum.FormFactor.Custom,m,Enum.Material.SmoothPlastic,0,0,"Really black","R1",Vector3.new(0.238282621, 0.238282651, 0.238282651))
R1weld=weld(m,TG2,R1,CFrame.new(0, 0, 0, 1, 0, 0, 0, 1, 0, 0, 0, 1),CFrame.new(-0.0134754181, -0.445617676, 1.47668266, 0.865856409, -0.250035048, -0.433330387, 0.000181133975, -0.865997136, 0.500049055, -0.500292599, -0.433049113, -0.749783754))
mesh("SpecialMesh",R1,Enum.MeshType.Wedge,"",Vector3.new(0, 0, 0),Vector3.new(1.00999999, 1.00999999, 1.00999999))
R10=part(Enum.FormFactor.Custom,m,Enum.Material.SmoothPlastic,0,0,"Black","R10",Vector3.new(0.476565242, 0.238282651, 0.238282651))
R10weld=weld(m,TG2,R10,CFrame.new(0, 0, 0, 1, 0, 0, 0, 1, 0, 0, 0, 1),CFrame.new(0.765271187, -0.000122070312, 0.0565447211, -0.49987632, 6.51674345e-05, -0.866096556, -0.000113177681, 0.999999881, 0.000140445307, 0.866096616, 0.000168018509, -0.49987638))
mesh("SpecialMesh",R10,Enum.MeshType.Brick,"",Vector3.new(0, 0, 0),Vector3.new(1, 1, 1))
R11=part(Enum.FormFactor.Custom,m,Enum.Material.SmoothPlastic,0,0,"Black","R11",Vector3.new(0.476565242, 0.238282651, 0.238282651))
R11weld=weld(m,TG2,R11,CFrame.new(0, 0, 0, 1, 0, 0, 0, 1, 0, 0, 0, 1),CFrame.new(0.775099754, 0.109127045, -0.114162922, 0.93301934, -0.258937955, -0.249852076, 0.250070184, 0.965893984, -0.0671848729, 0.258727312, 0.000204227865, 0.965950489))
mesh("SpecialMesh",R11,Enum.MeshType.Brick,"",Vector3.new(0, 0, 0),Vector3.new(1, 1, 1))
R12=part(Enum.FormFactor.Custom,m,Enum.Material.SmoothPlastic,0,0,"Black","R12",Vector3.new(0.953130484, 0.231713057, 0.238282651))
R12weld=weld(m,TG2,R12,CFrame.new(0, 0, 0, 1, 0, 0, 0, 1, 0, 0, 0, 1),CFrame.new(-7.5340271e-05, -0.166751862, -0.357446432, 0.000167457998, 0.000183601864, 0.99999994, -9.69851826e-05, -1, 0.000183618627, 0.99999994, -9.70162218e-05, -0.000167464168))
mesh("SpecialMesh",R12,Enum.MeshType.Wedge,"",Vector3.new(0, 0, 0),Vector3.new(1, 0.415454328, 1.00999999))
R13=part(Enum.FormFactor.Custom,m,Enum.Material.SmoothPlastic,0,0,"Black","R13",Vector3.new(0.476565242, 0.238282651, 0.238282651))
R13weld=weld(m,TG2,R13,CFrame.new(0, 0, 0, 1, 0, 0, 0, 1, 0, 0, 0, 1),CFrame.new(0.775063515, 0.109107971, 0.114238739, 0.933033288, -0.258907735, 0.249831468, 0.250103503, 0.96590209, 0.0669436976, -0.258645028, 2.30353326e-05, 0.965972483))
mesh("SpecialMesh",R13,Enum.MeshType.Brick,"",Vector3.new(0, 0, 0),Vector3.new(1, 1, 1))
R14=part(Enum.FormFactor.Custom,m,Enum.Material.SmoothPlastic,0,0,"Really black","R14",Vector3.new(0.231713057, 0.953130603, 0.953130603))
R14weld=weld(m,TG2,R14,CFrame.new(0, 0, 0, 1, 0, 0, 0, 1, 0, 0, 0, 1),CFrame.new(0.16683197, 4.8160553e-05, 5.29289246e-05, -0.000261391891, -0.999999881, -0.000371804461, 0.99999994, -0.000261496811, 0.000282098801, -0.000282215682, -0.000371729024, 0.999999881))
mesh("SpecialMesh",R14,Enum.MeshType.Cylinder,"",Vector3.new(0, 0, 0),Vector3.new(0.411340952, 0.700000048, 0.700000048))
R15=part(Enum.FormFactor.Custom,m,Enum.Material.SmoothPlastic,0,0,"Black","R15",Vector3.new(0.953130484, 0.231713057, 0.238282651))
R15weld=weld(m,TG2,R15,CFrame.new(0, 0, 0, 1, 0, 0, 0, 1, 0, 0, 0, 1),CFrame.new(0.000193595886, -0.524248123, -0.000160217285, -1, -1.53651927e-05, -0.000401128491, -0.000401158031, -0.000155125745, 0.999999881, -1.54274312e-05, 1, 0.000155119225))
mesh("SpecialMesh",R15,Enum.MeshType.Torso,"",Vector3.new(0, 0, 0),Vector3.new(1, 0.411340922, 1))
R16=part(Enum.FormFactor.Custom,m,Enum.Material.SmoothPlastic,0,0,"Black","R16",Vector3.new(0.953130484, 0.231713057, 0.238282651))
R16weld=weld(m,TG2,R16,CFrame.new(0, 0, 0, 1, 0, 0, 0, 1, 0, 0, 0, 1),CFrame.new(-8.10623169e-06, -0.524226427, -0.000118255615, -1.7896502e-05, 3.39159742e-05, -1, -0.99999994, -0.00018825283, 1.79418876e-05, -0.000188252423, 1, 3.39206308e-05))
mesh("SpecialMesh",R16,Enum.MeshType.Torso,"",Vector3.new(0, 0, 0),Vector3.new(1, 0.411340922, 1))
R2=part(Enum.FormFactor.Custom,m,Enum.Material.SmoothPlastic,0,0,"Really black","R2",Vector3.new(0.238282621, 0.238282651, 0.238282651))
R2weld=weld(m,TG2,R2,CFrame.new(0, 0, 0, 1, 0, 0, 0, 1, 0, 0, 0, 1),CFrame.new(0.110644341, -1.37159348, 0.569787979, -0.25872317, 0.000103516504, -0.965960801, -0.683125854, 0.706990838, 0.183048159, 0.68293786, 0.707234144, -0.182844043))
mesh("SpecialMesh",R2,Enum.MeshType.Wedge,"",Vector3.new(0, 0, 0),Vector3.new(1.00999999, 1.00999999, 1.00999999))
R3=part(Enum.FormFactor.Custom,m,Enum.Material.SmoothPlastic,0,0,"Really black","R3",Vector3.new(0.476565242, 0.238282651, 0.238282651))
R3weld=weld(m,TG2,R3,CFrame.new(0, 0, 0, 1, 0, 0, 0, 1, 0, 0, 0, 1),CFrame.new(-1.11937332, -0.014339447, 0.445285797, 0.499887019, 0.432952553, 0.75011003, 0.866090596, -0.250205398, -0.432763666, 0.000315477257, 0.865996122, -0.500050545))
mesh("SpecialMesh",R3,Enum.MeshType.Brick,"",Vector3.new(0, 0, 0),Vector3.new(1.10000002, 1.10000002, 1.10000002))
R4=part(Enum.FormFactor.Custom,m,Enum.Material.SmoothPlastic,0,0,"Really black","R4",Vector3.new(0.238282621, 0.238282651, 0.238282651))
R4weld=weld(m,TG2,R4,CFrame.new(0, 0, 0, 1, 0, 0, 0, 1, 0, 0, 0, 1),CFrame.new(-0.114369392, -1.38692093, 0.585348129, 0.258709073, 0.00012283586, -0.965955317, -0.683140814, 0.707019031, -0.182873711, 0.682926297, 0.707194507, 0.182996109))
mesh("SpecialMesh",R4,Enum.MeshType.Wedge,"",Vector3.new(0, 0, 0),Vector3.new(1.00999999, 1.00999999, 1.00999999))
R5=part(Enum.FormFactor.Custom,m,Enum.Material.SmoothPlastic,0,0,"Really black","R5",Vector3.new(0.476565242, 0.238282651, 0.238282651))
R5weld=weld(m,TG2,R5,CFrame.new(0, 0, 0, 1, 0, 0, 0, 1, 0, 0, 0, 1),CFrame.new(1.02929306, 0.585784912, -0.114109039, 0.682771325, -0.707353652, -0.182959229, 0.683289289, 0.706859827, -0.182934627, 0.258725971, -0.000111560337, 0.965950847))
mesh("SpecialMesh",R5,Enum.MeshType.Brick,"",Vector3.new(0, 0, 0),Vector3.new(1.10000002, 1.10000002, 1.10000002))
R6=part(Enum.FormFactor.Custom,m,Enum.Material.SmoothPlastic,0,0,"Black","R6",Vector3.new(0.953130484, 0.231713057, 0.238282651))
R6weld=weld(m,TG2,R6,CFrame.new(0, 0, 0, 1, 0, 0, 0, 1, 0, 0, 0, 1),CFrame.new(9.6321106e-05, -0.166820526, 0.357390642, 0.000167457998, 0.000183601864, 0.99999994, -9.69851826e-05, -1, 0.000183618627, 0.99999994, -9.70162218e-05, -0.000167464168))
mesh("SpecialMesh",R6,Enum.MeshType.Wedge,"",Vector3.new(0, 0, 0),Vector3.new(1, 0.415454328, 1.00999999))
R7=part(Enum.FormFactor.Custom,m,Enum.Material.SmoothPlastic,0,0,"Black","R7",Vector3.new(0.953130484, 0.231713057, 0.238282651))
R7weld=weld(m,TG2,R7,CFrame.new(0, 0, 0, 1, 0, 0, 0, 1, 0, 0, 0, 1),CFrame.new(-1.90734863e-05, -0.166748047, -0.11918807, 0.000167457998, 0.000183601864, 0.99999994, -9.69851826e-05, -1, 0.000183618627, 0.99999994, -9.70162218e-05, -0.000167464168))
mesh("SpecialMesh",R7,Enum.MeshType.Wedge,"",Vector3.new(0, 0, 0),Vector3.new(1, 0.415454328, 1.00999999))
R8=part(Enum.FormFactor.Custom,m,Enum.Material.SmoothPlastic,0,0,"Really black","R8",Vector3.new(0.476565242, 0.238282651, 0.238282651))
R8weld=weld(m,TG2,R8,CFrame.new(0, 0, 0, 1, 0, 0, 0, 1, 0, 0, 0, 1),CFrame.new(1.02933121, 0.585668564, 0.114168167, 0.682898223, -0.707234383, 0.182947412, 0.683152735, 0.706979275, 0.182982892, -0.258751839, 2.23368406e-05, 0.965943873))
mesh("SpecialMesh",R8,Enum.MeshType.Brick,"",Vector3.new(0, 0, 0),Vector3.new(1.10000002, 1.10000002, 1.10000002))
R9=part(Enum.FormFactor.Custom,m,Enum.Material.SmoothPlastic,0,0,"Black","R9",Vector3.new(0.953130484, 0.231713057, 0.238282651))
