--[["Niak niak"
N3xul by Salvo_Starly.
             A
          A     A
         A   C   A
          A     A
             A
]]--
wait(1 / 60)
Effects = { }
local Player = game.Players.localPlayer
local Character = Player.Character
local Humanoid = Character.Humanoid
local Mouse = Player:GetMouse()
local LeftArm = Character["Left Arm"]
local RightArm = Character["Right Arm"]
local LeftLeg = Character["Left Leg"]
local RightLeg = Character["Right Leg"]
local Head = Character.Head
local Torso = Character.Torso
local Camera = game.Workspace.CurrentCamera
local RootPart = Character.HumanoidRootPart
local RootJoint = RootPart.RootJoint
local attack = false
local Anim = 'Idle'
local attacktype = 1
local Torsovelocity = (RootPart.Velocity * Vector3.new(1, 0, 1)).magnitude 
local velocity = RootPart.Velocity.y
local sine = 0
local change = 1
local doe = 0
local value = 0
local N3x = false
local Create = LoadLibrary("RbxUtility").Create
Humanoid.JumpPower = 0
Humanoid.WalkSpeed = 22
local m = Create("Model"){
	Parent = Character,
	Name = "WeaponModel",
}

Humanoid.Animator.Parent = nil
Character.Animate.Parent = nil

local newMotor = function(part0, part1, c0, c1)
	local w = Create('Motor'){
		Parent = part0,
		Part0 = part0,
		Part1 = part1,
		C0 = c0,
		C1 = c1,
	}
	return w
end

function clerp(a, b, t)
	return a:lerp(b, t)
end

RootCF = CFrame.fromEulerAnglesXYZ(-1.57, 0, 3.14)
NeckCF = CFrame.new(0, 1, 0, -1, -0, -0, 0, 0, 1, 0, 1, 0)

local RW = newMotor(Torso, RightArm, CFrame.new(1.5, 0, 0), CFrame.new(0, 0, 0)) 
local LW = newMotor(Torso, LeftArm, CFrame.new(-1.5, 0, 0), CFrame.new(0, 0, 0))
local RH = newMotor(Torso, RightLeg, CFrame.new(.5, -2, 0), CFrame.new(0, 0, 0))
local LH = newMotor(Torso, LeftLeg, CFrame.new(-.5, -2, 0), CFrame.new(0, 0, 0))
RootJoint.C1 = CFrame.new(0, 0, 0)
RootJoint.C0 = CFrame.new(0, 0, 0)
Torso.Neck.C1 = CFrame.new(0, 0, 0)
Torso.Neck.C0 = CFrame.new(0, 1.5, 0)

local rarmc1 = RW.C1
local larmc1 = LW.C1
local rlegc1 = RH.C1
local llegc1 = LH.C1

local resetc1 = false

function PlayAnimationFromTable(table, speed, bool)
	RootJoint.C0 = clerp(RootJoint.C0, table[1], speed) 
	Torso.Neck.C0 = clerp(Torso.Neck.C0, table[2], speed) 
	RW.C0 = clerp(RW.C0, table[3], speed) 
	LW.C0 = clerp(LW.C0, table[4], speed) 
	RH.C0 = clerp(RH.C0, table[5], speed) 
	LH.C0 = clerp(LH.C0, table[6], speed) 
	if bool == true then
		if resetc1 == false then
			resetc1 = true
			RootJoint.C1 = RootJoint.C1
			Torso.Neck.C1 = Torso.Neck.C1
			RW.C1 = rarmc1
			LW.C1 = larmc1
			RH.C1 = rlegc1
			LH.C1 = llegc1
		end
	end
end

ArtificialHB = Create("BindableEvent", script){
	Parent = script,
	Name = "Heartbeat",
}

script:WaitForChild("Heartbeat")

frame = 1 / 30
tf = 0
allowframeloss = false
tossremainder = false
lastframe = tick()
script.Heartbeat:Fire()

game:GetService("RunService").Heartbeat:connect(function(s, p)
	tf = tf + s
	if tf >= frame then
		if allowframeloss then
			script.Heartbeat:Fire()
			lastframe = tick()
		else
			for i = 1, math.floor(tf / frame) do
				script.Heartbeat:Fire()
			end
			lastframe = tick()
		end
		if tossremainder then
			tf = 0
		else
			tf = tf - frame * math.floor(tf / frame)
		end
	end
end)

function swait(num)
	if num == 0 or num == nil then
		ArtificialHB.Event:wait()
	else
		for i = 0, num do
			ArtificialHB.Event:wait()
		end
	end
end

function RemoveOutlines(part)
	part.TopSurface, part.BottomSurface, part.LeftSurface, part.RightSurface, part.FrontSurface, part.BackSurface = 10, 10, 10, 10, 10, 10
end
	
CFuncs = {	
	["Part"] = {
		Create = function(Parent, Material, Reflectance, Transparency, BColor, Name, Size)
			local Part = Create("Part"){
				Parent = Parent,
				Reflectance = Reflectance,
				Transparency = Transparency,
				CanCollide = false,
				Locked = true,
				BrickColor = BrickColor.new(tostring(BColor)),
				Name = Name,
				Size = Size,
				Material = Material,
			}
			RemoveOutlines(Part)
			return Part
		end;
	};
	
	["Mesh"] = {
		Create = function(Mesh, Part, MeshType, MeshId, OffSet, Scale)
			local Msh = Create(Mesh){
				Parent = Part,
				Offset = OffSet,
				Scale = Scale,
			}
			if Mesh == "SpecialMesh" then
				Msh.MeshType = MeshType
				Msh.MeshId = MeshId
			end
			return Msh
		end;
	};
	
	["Mesh"] = {
		Create = function(Mesh, Part, MeshType, MeshId, OffSet, Scale)
			local Msh = Create(Mesh){
				Parent = Part,
				Offset = OffSet,
				Scale = Scale,
			}
			if Mesh == "SpecialMesh" then
				Msh.MeshType = MeshType
				Msh.MeshId = MeshId
			end
			return Msh
		end;
	};
	
	["Weld"] = {
		Create = function(Parent, Part0, Part1, C0, C1)
			local Weld = Create("Weld"){
				Parent = Parent,
				Part0 = Part0,
				Part1 = Part1,
				C0 = C0,
				C1 = C1,
			}
			return Weld
		end;
	};

	["Sound"] = {
		Create = function(id, par, vol, pit) 
			coroutine.resume(coroutine.create(function()
				local S = Create("Sound"){
					Volume = vol,
					Pitch = pit or 1,
					SoundId = id,
					Parent = par or workspace,
				}
				wait() 
				S:play() 
				game:GetService("Debris"):AddItem(S, 6)
			end))
		end;
	};
	
	["ParticleEmitter"] = {
		Create = function(Parent, Color1, Color2, LightEmission, Size, Texture, Transparency, ZOffset, Accel, Drag, LockedToPart, VelocityInheritance, EmissionDirection, Enabled, LifeTime, Rate, Rotation, RotSpeed, Speed, VelocitySpread)
			local fp = Create("ParticleEmitter"){
				Parent = Parent,
				Color = ColorSequence.new(Color1, Color2),
				LightEmission = LightEmission,
				Size = Size,
				Texture = Texture,
				Transparency = Transparency,
				ZOffset = ZOffset,
				Acceleration = Accel,
				Drag = Drag,
				LockedToPart = LockedToPart,
				VelocityInheritance = VelocityInheritance,
				EmissionDirection = EmissionDirection,
				Enabled = Enabled,
				Lifetime = LifeTime,
				Rate = Rate,
				Rotation = Rotation,
				RotSpeed = RotSpeed,
				Speed = Speed,
				VelocitySpread = VelocitySpread,
			}
			return fp
		end;
	};

	CreateTemplate = {
	
	};
}

New = function(Object, Parent, Name, Data)
	local Object = Instance.new(Object)
	for Index, Value in pairs(Data or {}) do
		Object[Index] = Value
	end
	Object.Parent = Parent
	Object.Name = Name
	return Object
end

Handle = New("Part",m,"Handle",{BrickColor = BrickColor.new("Crimson"),Material = Enum.Material.SmoothPlastic,Transparency = 1,Transparency = 1,FormFactor = Enum.FormFactor.Custom,Size = Vector3.new(0.699999988, 0.400000006, 0.699999988),CFrame = CFrame.new(-34.8798256, 3.31016231, 9.30002022, 0, 1, 0, 0.500005305, 0, 0.866033554, 0.866033554, 0, -0.500005305),BackSurface = Enum.SurfaceType.SmoothNoOutlines,BottomSurface = Enum.SurfaceType.SmoothNoOutlines,FrontSurface = Enum.SurfaceType.SmoothNoOutlines,LeftSurface = Enum.SurfaceType.SmoothNoOutlines,RightSurface = Enum.SurfaceType.SmoothNoOutlines,TopSurface = Enum.SurfaceType.SmoothNoOutlines,Color = Color3.new(0.592157, 0, 0),})
moter = New("Weld",Handle,"mot",{Part0 = RootPart,Part1 = Handle,})
Hitbox = New("Part",m,"Hitbox",{BrickColor = BrickColor.new("Crimson"),Material = Enum.Material.SmoothPlastic,Transparency = 1,Transparency = 1,FormFactor = Enum.FormFactor.Custom,Size = Vector3.new(5, 0.400000006, 5),CFrame = CFrame.new(-17.6798229, 5.28994846, 11.4285469, 0, 1, 0, 0, 0, 1.00002098, 1.00002098, 0, 0),BackSurface = Enum.SurfaceType.SmoothNoOutlines,BottomSurface = Enum.SurfaceType.SmoothNoOutlines,FrontSurface = Enum.SurfaceType.SmoothNoOutlines,LeftSurface = Enum.SurfaceType.SmoothNoOutlines,RightSurface = Enum.SurfaceType.SmoothNoOutlines,TopSurface = Enum.SurfaceType.SmoothNoOutlines,Color = Color3.new(0.592157, 0, 0),})
mot = New("Weld",Hitbox,"mot",{Part0 = Hitbox,Part1 = Handle,C0 = CFrame.new(0, 0, 0, 0, 0, 1.00000095, 1, 0, 0, 0, 1.00000095, 0),C1 = CFrame.new(-0.0250005722, 0, -0.0433020592, 0, 0.500004888, 0.866034091, 1, 0, 0, 0, 0.866034091, -0.500004888),})

Spike = New("Part",m,"Spike",{BrickColor = BrickColor.new("Crimson"),Material = Enum.Material.SmoothPlastic,FormFactor = Enum.FormFactor.Custom,Size = Vector3.new(0.400000006, 0.400000006, 0.700000048),CFrame = CFrame.new(-34.8798256, 3.51014757, 6.34985542, 1, 0, 0, 0, 1.00001442, 1.49011612e-07, 0, -1.49011612e-07, 1.00001442),BackSurface = Enum.SurfaceType.SmoothNoOutlines,BottomSurface = Enum.SurfaceType.SmoothNoOutlines,FrontSurface = Enum.SurfaceType.SmoothNoOutlines,LeftSurface = Enum.SurfaceType.SmoothNoOutlines,RightSurface = Enum.SurfaceType.SmoothNoOutlines,TopSurface = Enum.SurfaceType.SmoothNoOutlines,Color = Color3.new(0.592157, 0, 0),})
Mesh = New("SpecialMesh",Spike,"Mesh",{MeshType = Enum.MeshType.Wedge,})
mot = New("Weld",Spike,"mot",{Part0 = Spike,Part1 = Handle,C0 = CFrame.new(0, 0, 0, 1, 0, 0, 0, 1.00000465, -1.19262666e-07, 0, 1.19262666e-07, 1.00000465),C1 = CFrame.new(-2.45490026, 0, 1.64825988, 0, 0.500000477, 0.866025209, 1, 0, 0, 0, 0.866025209, -0.500000477),})
Spike1 = New("Part",m,"Spike1",{BrickColor = BrickColor.new("Crimson"),Material = Enum.Material.SmoothPlastic,FormFactor = Enum.FormFactor.Custom,Size = Vector3.new(0.200000003, 0.200000003, 0.300000042),CFrame = CFrame.new(-34.8798256, 4.32226419, 9.42439651, 1, 0, 0, 0, 0.500007093, -0.866038024, 0, 0.866038024, 0.500007093),BackSurface = Enum.SurfaceType.SmoothNoOutlines,BottomSurface = Enum.SurfaceType.SmoothNoOutlines,FrontSurface = Enum.SurfaceType.SmoothNoOutlines,LeftSurface = Enum.SurfaceType.SmoothNoOutlines,RightSurface = Enum.SurfaceType.SmoothNoOutlines,TopSurface = Enum.SurfaceType.SmoothNoOutlines,Color = Color3.new(0.592157, 0, 0),})
Mesh = New("SpecialMesh",Spike1,"Mesh",{Scale = Vector3.new(1, 0.5, 1),MeshType = Enum.MeshType.Wedge,})
mot = New("Weld",Spike1,"mot",{Part0 = Spike1,Part1 = Handle,C0 = CFrame.new(0, 0, 0, 1, 0, 0, 0, 0.500002205, 0.866029501, 0, -0.866029501, 0.500002205),C1 = CFrame.new(0.613758087, 0, 0.814309597, 0, 0.500000477, 0.866025209, 1, 0, 0, 0, 0.866025209, -0.500000477),})
Spike1 = New("Part",m,"Spike1",{BrickColor = BrickColor.new("Crimson"),Material = Enum.Material.SmoothPlastic,FormFactor = Enum.FormFactor.Custom,Size = Vector3.new(0.200000003, 0.200000003, 0.300000042),CFrame = CFrame.new(-34.8798256, 2.33656216, 9.18515015, 1, 0, 0, 0, -0.500006735, 0.866038144, 0, -0.866038144, -0.500006735),BackSurface = Enum.SurfaceType.SmoothNoOutlines,BottomSurface = Enum.SurfaceType.SmoothNoOutlines,FrontSurface = Enum.SurfaceType.SmoothNoOutlines,LeftSurface = Enum.SurfaceType.SmoothNoOutlines,RightSurface = Enum.SurfaceType.SmoothNoOutlines,TopSurface = Enum.SurfaceType.SmoothNoOutlines,Color = Color3.new(0.592157, 0, 0),})
Mesh = New("SpecialMesh",Spike1,"Mesh",{Scale = Vector3.new(1, 0.5, 1),MeshType = Enum.MeshType.Wedge,})
mot = New("Weld",Spike1,"mot",{Part0 = Spike1,Part1 = Handle,C0 = CFrame.new(0, 0, 0, 1, 0, 0, 0, -0.500001848, -0.86602962, 0, 0.86602962, -0.500001848),C1 = CFrame.new(-0.586275101, 0, -0.785719395, 0, 0.500000477, 0.866025209, 1, 0, 0, 0, 0.866025209, -0.500000477),})
Spike = New("Part",m,"Spike",{BrickColor = BrickColor.new("Crimson"),Material = Enum.Material.SmoothPlastic,FormFactor = Enum.FormFactor.Custom,Size = Vector3.new(0.400000006, 0.700000048, 0.400000006),CFrame = CFrame.new(-34.8798256, 0.35999918, 9.50000191, 1, 0, 0, 0, -1.00001442, -1.49011612e-07, 0, 1.49011612e-07, -1.00001442),BackSurface = Enum.SurfaceType.SmoothNoOutlines,BottomSurface = Enum.SurfaceType.SmoothNoOutlines,FrontSurface = Enum.SurfaceType.SmoothNoOutlines,LeftSurface = Enum.SurfaceType.SmoothNoOutlines,RightSurface = Enum.SurfaceType.SmoothNoOutlines,TopSurface = Enum.SurfaceType.SmoothNoOutlines,Color = Color3.new(0.592157, 0, 0),})
Mesh = New("SpecialMesh",Spike,"Mesh",{MeshType = Enum.MeshType.Wedge,})
mot = New("Weld",Spike,"mot",{Part0 = Spike,Part1 = Handle,C0 = CFrame.new(0, 0, 0, 1, 0, 0, 0, -1.00000465, 1.19262666e-07, 0, -1.19262666e-07, -1.00000465),C1 = CFrame.new(-1.30188084, 0, -2.65488076, 0, 0.500000477, 0.866025209, 1, 0, 0, 0, 0.866025209, -0.500000477),})
Spike1 = New("Part",m,"Spike1",{BrickColor = BrickColor.new("Really red"),Material = Enum.Material.Neon,FormFactor = Enum.FormFactor.Custom,Size = Vector3.new(0.200000003, 0.200000003, 0.200000003),CFrame = CFrame.new(-34.8798256, 3.97403526, 8.65943718, -1, 6.56385482e-14, 3.28193757e-14, 4.86902321e-14, 0.258821815, 0.965939879, 5.49085178e-14, 0.965939879, -0.258821815),BackSurface = Enum.SurfaceType.SmoothNoOutlines,BottomSurface = Enum.SurfaceType.SmoothNoOutlines,FrontSurface = Enum.SurfaceType.SmoothNoOutlines,LeftSurface = Enum.SurfaceType.SmoothNoOutlines,RightSurface = Enum.SurfaceType.SmoothNoOutlines,TopSurface = Enum.SurfaceType.SmoothNoOutlines,Color = Color3.new(1, 0, 0),})
Mesh = New("SpecialMesh",Spike1,"Mesh",{Scale = Vector3.new(0.5, 0.600000024, 1),MeshType = Enum.MeshType.Wedge,})
mot = New("Weld",Spike1,"mot",{Part0 = Spike1,Part1 = Handle,C0 = CFrame.new(0, 0, 0, -1, 4.86897543e-14, 5.49079825e-14, 6.56385482e-14, 0.258819252, 0.965930462, 3.28193757e-14, 0.965930462, -0.258819252),C1 = CFrame.new(-0.222822189, 0, 0.895213842, 0, 0.500000477, 0.866025209, 1, 0, 0, 0, 0.866025209, -0.500000477),})
Spike1 = New("Part",m,"Spike1",{BrickColor = BrickColor.new("Really red"),Material = Enum.Material.Neon,FormFactor = Enum.FormFactor.Custom,Size = Vector3.new(0.200000003, 0.200000003, 0.200000003),CFrame = CFrame.new(-34.8798256, 2.66381645, 9.95211601, -1, 0, 0, 0, -0.258819044, -0.965940595, 0, -0.965940595, 0.258819044),BackSurface = Enum.SurfaceType.SmoothNoOutlines,BottomSurface = Enum.SurfaceType.SmoothNoOutlines,FrontSurface = Enum.SurfaceType.SmoothNoOutlines,LeftSurface = Enum.SurfaceType.SmoothNoOutlines,RightSurface = Enum.SurfaceType.SmoothNoOutlines,TopSurface = Enum.SurfaceType.SmoothNoOutlines,Color = Color3.new(1, 0, 0),})
Mesh = New("SpecialMesh",Spike1,"Mesh",{Scale = Vector3.new(0.5, 0.600000024, 1),MeshType = Enum.MeshType.Wedge,})
mot = New("Weld",Spike1,"mot",{Part0 = Spike1,Part1 = Handle,C0 = CFrame.new(0, 0, 0, -1, 0, 0, 0, -0.25881651, -0.965931177, 0, -0.965931177, 0.25881651),C1 = CFrame.new(0.241556168, 0, -0.88579154, 0, 0.500000477, 0.866025209, 1, 0, 0, 0, 0.866025209, -0.500000477),})
Spike = New("Part",m,"Spike",{BrickColor = BrickColor.new("Crimson"),Material = Enum.Material.SmoothPlastic,FormFactor = Enum.FormFactor.Custom,Size = Vector3.new(0.400000006, 0.400000006, 0.700000048),CFrame = CFrame.new(-34.8798256, 0.359994173, 9.09999847, 1, 0, 0, 0, -1.49011612e-07, 1.00001442, 0, -1.00001442, -1.49011612e-07),BackSurface = Enum.SurfaceType.SmoothNoOutlines,BottomSurface = Enum.SurfaceType.SmoothNoOutlines,FrontSurface = Enum.SurfaceType.SmoothNoOutlines,LeftSurface = Enum.SurfaceType.SmoothNoOutlines,RightSurface = Enum.SurfaceType.SmoothNoOutlines,TopSurface = Enum.SurfaceType.SmoothNoOutlines,Color = Color3.new(0.592157, 0, 0),})
Mesh = New("SpecialMesh",Spike,"Mesh",{MeshType = Enum.MeshType.Wedge,})
mot = New("Weld",Spike,"mot",{Part0 = Spike,Part1 = Handle,C0 = CFrame.new(0, 0, 0, 1, 0, 0, 0, -1.19262666e-07, -1.00000465, 0, 1.00000465, -1.19262666e-07),C1 = CFrame.new(-1.6482935, 0, -2.45488477, 0, 0.500000477, 0.866025209, 1, 0, 0, 0, 0.866025209, -0.500000477),})
Spike = New("Part",m,"Spike",{BrickColor = BrickColor.new("Crimson"),Material = Enum.Material.SmoothPlastic,FormFactor = Enum.FormFactor.Custom,Size = Vector3.new(0.400000006, 0.400000006, 0.700000048),CFrame = CFrame.new(-34.8798256, 3.11013174, 12.2501574, 1, 0, 0, 0, -1.00001442, -1.49011612e-07, 0, 1.49011612e-07, -1.00001442),BackSurface = Enum.SurfaceType.SmoothNoOutlines,BottomSurface = Enum.SurfaceType.SmoothNoOutlines,FrontSurface = Enum.SurfaceType.SmoothNoOutlines,LeftSurface = Enum.SurfaceType.SmoothNoOutlines,RightSurface = Enum.SurfaceType.SmoothNoOutlines,TopSurface = Enum.SurfaceType.SmoothNoOutlines,Color = Color3.new(0.592157, 0, 0),})
Mesh = New("SpecialMesh",Spike,"Mesh",{MeshType = Enum.MeshType.Wedge,})
mot = New("Weld",Spike,"mot",{Part0 = Spike,Part1 = Handle,C0 = CFrame.new(0, 0, 0, 1, 0, 0, 0, -1.00000465, 1.19262666e-07, 0, -1.19262666e-07, -1.00000465),C1 = CFrame.new(2.45485401, 0, -1.64828563, 0, 0.500000477, 0.866025209, 1, 0, 0, 0, 0.866025209, -0.500000477),})
Spike1 = New("Part",m,"Spike1",{BrickColor = BrickColor.new("Really red"),Material = Enum.Material.Neon,FormFactor = Enum.FormFactor.Custom,Size = Vector3.new(0.200000003, 0.200000003, 0.200000003),CFrame = CFrame.new(-34.8798256, 3.96526432, 9.9608984, -1, 0, 0, 0, -0.965940893, 0.258818179, 0, 0.258818179, 0.965940893),BackSurface = Enum.SurfaceType.SmoothNoOutlines,BottomSurface = Enum.SurfaceType.SmoothNoOutlines,FrontSurface = Enum.SurfaceType.SmoothNoOutlines,LeftSurface = Enum.SurfaceType.SmoothNoOutlines,RightSurface = Enum.SurfaceType.SmoothNoOutlines,TopSurface = Enum.SurfaceType.SmoothNoOutlines,Color = Color3.new(1, 0, 0),})
Mesh = New("SpecialMesh",Spike1,"Mesh",{Scale = Vector3.new(0.5, 0.600000024, 1),MeshType = Enum.MeshType.Wedge,})
mot = New("Weld",Spike1,"mot",{Part0 = Spike1,Part1 = Handle,C0 = CFrame.new(0, 0, 0, -1, 0, 0, 0, -0.965931416, 0.258815646, 0, 0.258815646, 0.965931416),C1 = CFrame.new(0.899879456, 0, 0.236893415, 0, 0.500000477, 0.866025209, 1, 0, 0, 0, 0.866025209, -0.500000477),})
Spike1 = New("Part",m,"Spike1",{BrickColor = BrickColor.new("Really red"),Material = Enum.Material.Neon,FormFactor = Enum.FormFactor.Custom,Size = Vector3.new(0.200000003, 0.200000003, 0.699999988),CFrame = CFrame.new(-34.8798256, 2.22914028, 10.0686007, 0, 1, 0, -0.258819044, 0, -0.965940595, -0.965940595, 0, 0.258819044),BackSurface = Enum.SurfaceType.SmoothNoOutlines,BottomSurface = Enum.SurfaceType.SmoothNoOutlines,FrontSurface = Enum.SurfaceType.SmoothNoOutlines,LeftSurface = Enum.SurfaceType.SmoothNoOutlines,RightSurface = Enum.SurfaceType.SmoothNoOutlines,TopSurface = Enum.SurfaceType.SmoothNoOutlines,Color = Color3.new(1, 0, 0),})
Mesh = New("BlockMesh",Spike1,"Mesh",{Scale = Vector3.new(0.600000024, 0.5, 1),})
mot = New("Weld",Spike1,"mot",{Part0 = Spike1,Part1 = Handle,C0 = CFrame.new(0, 0, 0, 0, -0.25881651, -0.965931177, 1, 0, 0, 0, -0.965931177, 0.25881651),C1 = CFrame.new(0.125097275, 0, -1.32047009, 0, 0.500000477, 0.866025209, 1, 0, 0, 0, 0.866025209, -0.500000477),})
Circle = New("Part",m,"Circle",{BrickColor = BrickColor.new("Crimson"),Material = Enum.Material.SmoothPlastic,FormFactor = Enum.FormFactor.Custom,Size = Vector3.new(0.300000012, 0.200000003, 1.39999998),CFrame = CFrame.new(-34.8798256, 2.78193283, 9.36204624, 0, 1, 0, 0.866037905, 0, -0.500007093, -0.500007093, 0, -0.866037905),BackSurface = Enum.SurfaceType.SmoothNoOutlines,BottomSurface = Enum.SurfaceType.SmoothNoOutlines,FrontSurface = Enum.SurfaceType.SmoothNoOutlines,LeftSurface = Enum.SurfaceType.SmoothNoOutlines,RightSurface = Enum.SurfaceType.SmoothNoOutlines,TopSurface = Enum.SurfaceType.SmoothNoOutlines,Color = Color3.new(0.592157, 0, 0),})
Mesh = New("BlockMesh",Circle,"Mesh",{})
mot = New("Weld",Circle,"mot",{Part0 = Circle,Part1 = Handle,C0 = CFrame.new(0, 0, 0, 0, 0.866029441, -0.500002205, 1, 0, 0, 0, -0.500002205, -0.866029441),C1 = CFrame.new(-0.210396767, 0, -0.48846817, 0, 0.500000477, 0.866025209, 1, 0, 0, 0, 0.866025209, -0.500000477),})
Spike1 = New("Part",m,"Spike1",{BrickColor = BrickColor.new("Really red"),Material = Enum.Material.Neon,FormFactor = Enum.FormFactor.Custom,Size = Vector3.new(0.200000003, 0.200000003, 0.400000006),CFrame = CFrame.new(-34.8698273, 1.71859038, 10.1243496, 1, 0, 0, 0, 0.1736494, 0.984822094, 0, -0.984822094, 0.1736494),BackSurface = Enum.SurfaceType.SmoothNoOutlines,BottomSurface = Enum.SurfaceType.SmoothNoOutlines,FrontSurface = Enum.SurfaceType.SmoothNoOutlines,LeftSurface = Enum.SurfaceType.SmoothNoOutlines,RightSurface = Enum.SurfaceType.SmoothNoOutlines,TopSurface = Enum.SurfaceType.SmoothNoOutlines,Color = Color3.new(1, 0, 0),})
Mesh = New("SpecialMesh",Spike1,"Mesh",{Scale = Vector3.new(0.5, 0.600000024, 1),MeshType = Enum.MeshType.Wedge,})
mot = New("Weld",Spike1,"mot",{Part0 = Spike1,Part1 = Handle,C0 = CFrame.new(0, 0, 0, 1, 0, 0, 0, 0.173647642, -0.984812438, 0, 0.984812438, 0.173647642),C1 = CFrame.new(-0.0818958282, 0.00999832153, -1.79048896, 0, 0.500000477, 0.866025209, 1, 0, 0, 0, 0.866025209, -0.500000477),})
Spike1 = New("Part",m,"Spike1",{BrickColor = BrickColor.new("Crimson"),Material = Enum.Material.SmoothPlastic,FormFactor = Enum.FormFactor.Custom,Size = Vector3.new(0.200000003, 0.200000003, 0.300000042),CFrame = CFrame.new(-34.8798256, 3.20979095, 10.2976379, 1, 0, 0, 0, -0.866038978, -0.500005245, 0, 0.500005245, -0.866038978),BackSurface = Enum.SurfaceType.SmoothNoOutlines,BottomSurface = Enum.SurfaceType.SmoothNoOutlines,FrontSurface = Enum.SurfaceType.SmoothNoOutlines,LeftSurface = Enum.SurfaceType.SmoothNoOutlines,RightSurface = Enum.SurfaceType.SmoothNoOutlines,TopSurface = Enum.SurfaceType.SmoothNoOutlines,Color = Color3.new(0.592157, 0, 0),})
Mesh = New("SpecialMesh",Spike1,"Mesh",{Scale = Vector3.new(1, 0.5, 1),MeshType = Enum.MeshType.Wedge,})
mot = New("Weld",Spike1,"mot",{Part0 = Spike1,Part1 = Handle,C0 = CFrame.new(0, 0, 0, 1, 0, 0, 0, -0.866030514, 0.500000358, 0, -0.500000358, -0.866030514),C1 = CFrame.new(0.813768387, 0, -0.585727692, 0, 0.500000477, 0.866025209, 1, 0, 0, 0, 0.866025209, -0.500000477),})
Spike = New("Part",m,"Spike",{BrickColor = BrickColor.new("Crimson"),Material = Enum.Material.SmoothPlastic,FormFactor = Enum.FormFactor.Custom,Size = Vector3.new(0.400000006, 0.700000048, 0.400000006),CFrame = CFrame.new(-34.8798256, 3.11012197, 6.34986496, 1, 0, 0, 0, -1.49011612e-07, 1.00001442, 0, -1.00001442, -1.49011612e-07),BackSurface = Enum.SurfaceType.SmoothNoOutlines,BottomSurface = Enum.SurfaceType.SmoothNoOutlines,FrontSurface = Enum.SurfaceType.SmoothNoOutlines,LeftSurface = Enum.SurfaceType.SmoothNoOutlines,RightSurface = Enum.SurfaceType.SmoothNoOutlines,TopSurface = Enum.SurfaceType.SmoothNoOutlines,Color = Color3.new(0.592157, 0, 0),})
Mesh = New("SpecialMesh",Spike,"Mesh",{MeshType = Enum.MeshType.Wedge,})
mot = New("Weld",Spike,"mot",{Part0 = Spike,Part1 = Handle,C0 = CFrame.new(0, 0, 0, 1, 0, 0, 0, -1.19262666e-07, -1.00000465, 0, 1.00000465, -1.19262666e-07),C1 = CFrame.new(-2.65490341, 0, 1.30182648, 0, 0.500000477, 0.866025209, 1, 0, 0, 0, 0.866025209, -0.500000477),})
Circle = New("Part",m,"Circle",{BrickColor = BrickColor.new("Crimson"),Material = Enum.Material.SmoothPlastic,FormFactor = Enum.FormFactor.Custom,Size = Vector3.new(0.300000012, 0.200000003, 1.39999998),CFrame = CFrame.new(-34.8798256, 3.46874952, 9.8023243, 0, 1, 0, 0.500007451, 0, 0.866037786, 0.866037846, 0, -0.500007451),BackSurface = Enum.SurfaceType.SmoothNoOutlines,BottomSurface = Enum.SurfaceType.SmoothNoOutlines,FrontSurface = Enum.SurfaceType.SmoothNoOutlines,LeftSurface = Enum.SurfaceType.SmoothNoOutlines,RightSurface = Enum.SurfaceType.SmoothNoOutlines,TopSurface = Enum.SurfaceType.SmoothNoOutlines,Color = Color3.new(0.592157, 0, 0),})
Mesh = New("BlockMesh",Circle,"Mesh",{})
mot = New("Weld",Circle,"mot",{Part0 = Circle,Part1 = Handle,C0 = CFrame.new(0, 0, 0, 0, 0.500002503, 0.866029322, 1, 0, 0, 0, 0.866029322, -0.500002563),C1 = CFrame.new(0.514296532, 0, -0.113810539, 0, 0.500000477, 0.866025209, 1, 0, 0, 0, 0.866025209, -0.500000477),})
Spike1 = New("Part",m,"Spike1",{BrickColor = BrickColor.new("Really red"),Material = Enum.Material.Neon,FormFactor = Enum.FormFactor.Custom,Size = Vector3.new(0.200000003, 0.200000003, 0.200000003),CFrame = CFrame.new(-34.8798256, 2.67258549, 8.65067768, -1, 0, 0, 0, 0.965940118, -0.258821189, 0, -0.258821189, -0.965940118),BackSurface = Enum.SurfaceType.SmoothNoOutlines,BottomSurface = Enum.SurfaceType.SmoothNoOutlines,FrontSurface = Enum.SurfaceType.SmoothNoOutlines,LeftSurface = Enum.SurfaceType.SmoothNoOutlines,RightSurface = Enum.SurfaceType.SmoothNoOutlines,TopSurface = Enum.SurfaceType.SmoothNoOutlines,Color = Color3.new(1, 0, 0),})
Mesh = New("SpecialMesh",Spike1,"Mesh",{Scale = Vector3.new(0.5, 0.600000024, 1),MeshType = Enum.MeshType.Wedge,})
mot = New("Weld",Spike1,"mot",{Part0 = Spike1,Part1 = Handle,C0 = CFrame.new(0, 0, 0, -1, 0, 0, 0, 0.965930641, -0.258818597, 0, -0.258818597, -0.965930641),C1 = CFrame.new(-0.881127357, 0, -0.227483749, 0, 0.500000477, 0.866025209, 1, 0, 0, 0, 0.866025209, -0.500000477),})
Spike1 = New("Part",m,"Spike1",{BrickColor = BrickColor.new("Really red"),Material = Enum.Material.Neon,FormFactor = Enum.FormFactor.Custom,Size = Vector3.new(0.200000003, 0.200000003, 0.800000012),CFrame = CFrame.new(-34.8798256, 3.66075945, 10.0555763, 1, 0, 0, 0, 0.500005245, -0.866038978, 0, 0.866038978, 0.500005245),BackSurface = Enum.SurfaceType.SmoothNoOutlines,BottomSurface = Enum.SurfaceType.SmoothNoOutlines,FrontSurface = Enum.SurfaceType.SmoothNoOutlines,LeftSurface = Enum.SurfaceType.SmoothNoOutlines,RightSurface = Enum.SurfaceType.SmoothNoOutlines,TopSurface = Enum.SurfaceType.SmoothNoOutlines,Color = Color3.new(1, 0, 0),})
Mesh = New("SpecialMesh",Spike1,"Mesh",{Scale = Vector3.new(0.5, 1, 1),MeshType = Enum.MeshType.Wedge,})
mot = New("Weld",Spike1,"mot",{Part0 = Spike1,Part1 = Handle,C0 = CFrame.new(0, 0, 0, 1, 0, 0, 0, 0.500000358, 0.866030514, 0, -0.866030514, 0.500000358),C1 = CFrame.new(0.829621315, 0, -0.0741517544, 0, 0.500000477, 0.866025209, 1, 0, 0, 0, 0.866025209, -0.500000477),})
Circle = New("Part",m,"Circle",{BrickColor = BrickColor.new("Crimson"),Material = Enum.Material.SmoothPlastic,FormFactor = Enum.FormFactor.Custom,Size = Vector3.new(0.300000012, 0.200000003, 1.39999998),CFrame = CFrame.new(-34.8798256, 3.81244087, 9.1413765, 0, 1, 0, 0.866037905, 0, -0.500007093, -0.500007093, 0, -0.866037905),BackSurface = Enum.SurfaceType.SmoothNoOutlines,BottomSurface = Enum.SurfaceType.SmoothNoOutlines,FrontSurface = Enum.SurfaceType.SmoothNoOutlines,LeftSurface = Enum.SurfaceType.SmoothNoOutlines,RightSurface = Enum.SurfaceType.SmoothNoOutlines,TopSurface = Enum.SurfaceType.SmoothNoOutlines,Color = Color3.new(0.592157, 0, 0),})
Mesh = New("BlockMesh",Circle,"Mesh",{})
mot = New("Weld",Circle,"mot",{Part0 = Circle,Part1 = Handle,C0 = CFrame.new(0, 0, 0, 0, 0.866029441, -0.500002205, 1, 0, 0, 0, -0.500002205, -0.866029441),C1 = CFrame.new(0.11374855, 0, 0.514302969, 0, 0.500000477, 0.866025209, 1, 0, 0, 0, 0.866025209, -0.500000477),})
Spike = New("Part",m,"Spike",{BrickColor = BrickColor.new("Crimson"),Material = Enum.Material.SmoothPlastic,FormFactor = Enum.FormFactor.Custom,Size = Vector3.new(0.400000006, 0.700000048, 0.400000006),CFrame = CFrame.new(-34.8798256, 3.51015282, 12.250165, 1, 0, 0, 0, 1.49011612e-07, -1.00001442, 0, 1.00001442, 1.49011612e-07),BackSurface = Enum.SurfaceType.SmoothNoOutlines,BottomSurface = Enum.SurfaceType.SmoothNoOutlines,FrontSurface = Enum.SurfaceType.SmoothNoOutlines,LeftSurface = Enum.SurfaceType.SmoothNoOutlines,RightSurface = Enum.SurfaceType.SmoothNoOutlines,TopSurface = Enum.SurfaceType.SmoothNoOutlines,Color = Color3.new(0.592157, 0, 0),})
Mesh = New("SpecialMesh",Spike,"Mesh",{MeshType = Enum.MeshType.Wedge,})
mot = New("Weld",Spike,"mot",{Part0 = Spike,Part1 = Handle,C0 = CFrame.new(0, 0, 0, 1, 0, 0, 0, 1.19262666e-07, 1.00000465, 0, -1.00000465, 1.19262666e-07),C1 = CFrame.new(2.65486908, 0, -1.30186415, 0, 0.500000477, 0.866025209, 1, 0, 0, 0, 0.866025209, -0.500000477),})
Circle = New("Part",m,"Circle",{BrickColor = BrickColor.new("Crimson"),Material = Enum.Material.SmoothPlastic,FormFactor = Enum.FormFactor.Custom,Size = Vector3.new(0.300000012, 0.200000003, 1.60000002),CFrame = CFrame.new(-34.8798256, 2.13135052, 10.3373613, 0, 1, 0, 0.258822232, 0, 0.96593976, 0.96593976, 0, -0.258822232),BackSurface = Enum.SurfaceType.SmoothNoOutlines,BottomSurface = Enum.SurfaceType.SmoothNoOutlines,FrontSurface = Enum.SurfaceType.SmoothNoOutlines,LeftSurface = Enum.SurfaceType.SmoothNoOutlines,RightSurface = Enum.SurfaceType.SmoothNoOutlines,TopSurface = Enum.SurfaceType.SmoothNoOutlines,Color = Color3.new(0.592157, 0, 0),})
Mesh = New("BlockMesh",Circle,"Mesh",{})
mot = New("Weld",Circle,"mot",{Part0 = Circle,Part1 = Handle,C0 = CFrame.new(0, 0, 0, 0, 0.258819699, 0.965930343, 1, 0, 0, 0, 0.965930343, -0.258819699),C1 = CFrame.new(0.308954239, 0, -1.53953671, 0, 0.500000477, 0.866025209, 1, 0, 0, 0, 0.866025209, -0.500000477),})
Spike1 = New("Part",m,"Spike1",{BrickColor = BrickColor.new("Really red"),Material = Enum.Material.Neon,FormFactor = Enum.FormFactor.Custom,Size = Vector3.new(0.200000003, 0.200000003, 0.800000012),CFrame = CFrame.new(-34.8798256, 2.57862568, 9.63611507, 1, 0, 0, 0, -0.866037965, -0.500006974, 0, 0.500006974, -0.866037965),BackSurface = Enum.SurfaceType.SmoothNoOutlines,BottomSurface = Enum.SurfaceType.SmoothNoOutlines,FrontSurface = Enum.SurfaceType.SmoothNoOutlines,LeftSurface = Enum.SurfaceType.SmoothNoOutlines,RightSurface = Enum.SurfaceType.SmoothNoOutlines,TopSurface = Enum.SurfaceType.SmoothNoOutlines,Color = Color3.new(1, 0, 0),})
Mesh = New("SpecialMesh",Spike1,"Mesh",{Scale = Vector3.new(0.5, 1, 1),MeshType = Enum.MeshType.Wedge,})
mot = New("Weld",Spike1,"mot",{Part0 = Spike1,Part1 = Handle,C0 = CFrame.new(0, 0, 0, 1, 0, 0, 0, -0.866029501, 0.500002086, 0, -0.500002086, -0.866029501),C1 = CFrame.new(-0.0747013092, 0, -0.801568985, 0, 0.500000477, 0.866025209, 1, 0, 0, 0, 0.866025209, -0.500000477),})
Spike = New("Part",m,"Spike",{BrickColor = BrickColor.new("Crimson"),Material = Enum.Material.SmoothPlastic,FormFactor = Enum.FormFactor.Custom,Size = Vector3.new(0.400000006, 0.400000006, 0.700000048),CFrame = CFrame.new(-34.8798256, 6.26027679, 9.50000191, 1, 0, 0, 0, 1.49011612e-07, -1.00001442, 0, 1.00001442, 1.49011612e-07),BackSurface = Enum.SurfaceType.SmoothNoOutlines,BottomSurface = Enum.SurfaceType.SmoothNoOutlines,FrontSurface = Enum.SurfaceType.SmoothNoOutlines,LeftSurface = Enum.SurfaceType.SmoothNoOutlines,RightSurface = Enum.SurfaceType.SmoothNoOutlines,TopSurface = Enum.SurfaceType.SmoothNoOutlines,Color = Color3.new(0.592157, 0, 0),})
Mesh = New("SpecialMesh",Spike,"Mesh",{MeshType = Enum.MeshType.Wedge,})
mot = New("Weld",Spike,"mot",{Part0 = Spike,Part1 = Handle,C0 = CFrame.new(0, 0, 0, 1, 0, 0, 0, 1.19262666e-07, 1.00000465, 0, -1.00000465, 1.19262666e-07),C1 = CFrame.new(1.64823151, 0, 2.45485854, 0, 0.500000477, 0.866025209, 1, 0, 0, 0, 0.866025209, -0.500000477),})
Circle = New("Part",m,"Circle",{BrickColor = BrickColor.new("Crimson"),Material = Enum.Material.SmoothPlastic,FormFactor = Enum.FormFactor.Custom,Size = Vector3.new(0.300000012, 0.200000003, 1.5),CFrame = CFrame.new(-34.8798256, 2.25983787, 8.07292938, 0, 1, 0, 0.965940118, 0, -0.258821189, -0.258821189, 0, -0.965940118),BackSurface = Enum.SurfaceType.SmoothNoOutlines,BottomSurface = Enum.SurfaceType.SmoothNoOutlines,FrontSurface = Enum.SurfaceType.SmoothNoOutlines,LeftSurface = Enum.SurfaceType.SmoothNoOutlines,RightSurface = Enum.SurfaceType.SmoothNoOutlines,TopSurface = Enum.SurfaceType.SmoothNoOutlines,Color = Color3.new(0.592157, 0, 0),})
Mesh = New("BlockMesh",Circle,"Mesh",{})
mot = New("Weld",Circle,"mot",{Part0 = Circle,Part1 = Handle,C0 = CFrame.new(0, 0, 0, 0, 0.965930641, -0.258818597, 1, 0, 0, 0, -0.258818597, -0.965930641),C1 = CFrame.new(-1.58783913, 0, -0.296058416, 0, 0.500000477, 0.866025209, 1, 0, 0, 0, 0.866025209, -0.500000477),})
Spike1 = New("Part",m,"Spike1",{BrickColor = BrickColor.new("Really red"),Material = Enum.Material.Neon,FormFactor = Enum.FormFactor.Custom,Size = Vector3.new(0.200000003, 0.200000003, 0.699999988),CFrame = CFrame.new(-34.8798256, 4.08174133, 10.3955889, 0, 1, 0, -0.965940893, 0, 0.258818179, 0.258818179, 0, 0.965940893),BackSurface = Enum.SurfaceType.SmoothNoOutlines,BottomSurface = Enum.SurfaceType.SmoothNoOutlines,FrontSurface = Enum.SurfaceType.SmoothNoOutlines,LeftSurface = Enum.SurfaceType.SmoothNoOutlines,RightSurface = Enum.SurfaceType.SmoothNoOutlines,TopSurface = Enum.SurfaceType.SmoothNoOutlines,Color = Color3.new(1, 0, 0),})
Mesh = New("BlockMesh",Spike1,"Mesh",{Scale = Vector3.new(0.600000024, 0.5, 1),})
mot = New("Weld",Spike1,"mot",{Part0 = Spike1,Part1 = Handle,C0 = CFrame.new(0, 0, 0, 0, -0.965931416, 0.258815646, 1, 0, 0, 0, 0.258815646, 0.965931416),C1 = CFrame.new(1.33456707, 0, 0.120420694, 0, 0.500000477, 0.866025209, 1, 0, 0, 0, 0.866025209, -0.500000477),})
Circle = New("Part",m,"Circle",{BrickColor = BrickColor.new("Crimson"),Material = Enum.Material.SmoothPlastic,FormFactor = Enum.FormFactor.Custom,Size = Vector3.new(0.300000012, 0.200000003, 1.5),CFrame = CFrame.new(-34.8798256, 4.53719711, 8.24970627, 0, 1, 0, 0.258822232, 0, 0.96593976, 0.96593976, 0, -0.258822232),BackSurface = Enum.SurfaceType.SmoothNoOutlines,BottomSurface = Enum.SurfaceType.SmoothNoOutlines,FrontSurface = Enum.SurfaceType.SmoothNoOutlines,LeftSurface = Enum.SurfaceType.SmoothNoOutlines,RightSurface = Enum.SurfaceType.SmoothNoOutlines,TopSurface = Enum.SurfaceType.SmoothNoOutlines,Color = Color3.new(0.592157, 0, 0),})
Mesh = New("BlockMesh",Circle,"Mesh",{})
mot = New("Weld",Circle,"mot",{Part0 = Circle,Part1 = Handle,C0 = CFrame.new(0, 0, 0, 0, 0.258819699, 0.965930343, 1, 0, 0, 0, 0.965930343, -0.258819699),C1 = CFrame.new(-0.296077728, 0, 1.58778524, 0, 0.500000477, 0.866025209, 1, 0, 0, 0, 0.866025209, -0.500000477),})
Spike1 = New("Part",m,"Spike1",{BrickColor = BrickColor.new("Really red"),Material = Enum.Material.Neon,FormFactor = Enum.FormFactor.Custom,Size = Vector3.new(0.200000003, 0.200000003, 0.400000006),CFrame = CFrame.new(-34.8798256, 2.50035405, 7.70545006, 1, 0, 0, 0, 0.984822094, -0.1736494, 0, 0.1736494, 0.984822094),BackSurface = Enum.SurfaceType.SmoothNoOutlines,BottomSurface = Enum.SurfaceType.SmoothNoOutlines,FrontSurface = Enum.SurfaceType.SmoothNoOutlines,LeftSurface = Enum.SurfaceType.SmoothNoOutlines,RightSurface = Enum.SurfaceType.SmoothNoOutlines,TopSurface = Enum.SurfaceType.SmoothNoOutlines,Color = Color3.new(1, 0, 0),})
Mesh = New("SpecialMesh",Spike1,"Mesh",{Scale = Vector3.new(0.5, 0.600000024, 1),MeshType = Enum.MeshType.Wedge,})
mot = New("Weld",Spike1,"mot",{Part0 = Spike1,Part1 = Handle,C0 = CFrame.new(0, 0, 0, 1, 0, 0, 0, 0.984812438, 0.173647642, 0, -0.173647642, 0.984812438),C1 = CFrame.new(-1.78582525, 0, 0.0959706306, 0, 0.500000477, 0.866025209, 1, 0, 0, 0, 0.866025209, -0.500000477),})
Spike1 = New("Part",m,"Spike1",{BrickColor = BrickColor.new("Really red"),Material = Enum.Material.Neon,FormFactor = Enum.FormFactor.Custom,Size = Vector3.new(0.200000003, 0.200000003, 0.699999988),CFrame = CFrame.new(-34.8798256, 4.40870857, 8.54296207, 1.19626364e-22, 1, -3.0440045e-28, 0.258821994, -3.09616325e-23, 0.96593982, 0.96593982, -1.15551941e-22, -0.258821994),BackSurface = Enum.SurfaceType.SmoothNoOutlines,BottomSurface = Enum.SurfaceType.SmoothNoOutlines,FrontSurface = Enum.SurfaceType.SmoothNoOutlines,LeftSurface = Enum.SurfaceType.SmoothNoOutlines,RightSurface = Enum.SurfaceType.SmoothNoOutlines,TopSurface = Enum.SurfaceType.SmoothNoOutlines,Color = Color3.new(1, 0, 0),})
Mesh = New("BlockMesh",Spike1,"Mesh",{Scale = Vector3.new(0.600000024, 0.5, 1),})
mot = New("Weld",Spike1,"mot",{Part0 = Spike1,Part1 = Handle,C0 = CFrame.new(0, 0, 0, 1.19626364e-22, 0.258819431, 0.965930402, 1, -3.09613327e-23, -1.15550818e-22, -3.0440045e-28, 0.965930402, -0.258819431),C1 = CFrame.new(-0.106356621, 0, 1.32988524, 0, 0.500000477, 0.866025209, 1, 0, 0, 0, 0.866025209, -0.500000477),})
Spike1 = New("Part",m,"Spike1",{BrickColor = BrickColor.new("Really red"),Material = Enum.Material.Neon,FormFactor = Enum.FormFactor.Custom,Size = Vector3.new(0.200000003, 0.200000003, 0.400000006),CFrame = CFrame.new(-34.8698273, 4.12749481, 10.9061289, 1, 0, 0, 0, -0.984822094, 0.1736494, 0, -0.1736494, -0.984822094),BackSurface = Enum.SurfaceType.SmoothNoOutlines,BottomSurface = Enum.SurfaceType.SmoothNoOutlines,FrontSurface = Enum.SurfaceType.SmoothNoOutlines,LeftSurface = Enum.SurfaceType.SmoothNoOutlines,RightSurface = Enum.SurfaceType.SmoothNoOutlines,TopSurface = Enum.SurfaceType.SmoothNoOutlines,Color = Color3.new(1, 0, 0),})
Mesh = New("SpecialMesh",Spike1,"Mesh",{Scale = Vector3.new(0.5, 0.600000024, 1),MeshType = Enum.MeshType.Wedge,})
mot = New("Weld",Spike1,"mot",{Part0 = Spike1,Part1 = Handle,C0 = CFrame.new(0, 0, 0, 1, 0, 0, 0, -0.984812438, -0.173647642, 0, 0.173647642, -0.984812438),C1 = CFrame.new(1.79957962, 0.00999832153, -0.0952234268, 0, 0.500000477, 0.866025209, 1, 0, 0, 0, 0.866025209, -0.500000477),})
Spike1 = New("Part",m,"Spike1",{BrickColor = BrickColor.new("Crimson"),Material = Enum.Material.SmoothPlastic,FormFactor = Enum.FormFactor.Custom,Size = Vector3.new(0.200000003, 0.200000003, 0.300000042),CFrame = CFrame.new(-34.8798256, 3.4490273, 8.31192493, 1, 0, 0, 0, 0.866038978, 0.500005245, 0, -0.500005245, 0.866038978),BackSurface = Enum.SurfaceType.SmoothNoOutlines,BottomSurface = Enum.SurfaceType.SmoothNoOutlines,FrontSurface = Enum.SurfaceType.SmoothNoOutlines,LeftSurface = Enum.SurfaceType.SmoothNoOutlines,RightSurface = Enum.SurfaceType.SmoothNoOutlines,TopSurface = Enum.SurfaceType.SmoothNoOutlines,Color = Color3.new(0.592157, 0, 0),})
Mesh = New("SpecialMesh",Spike1,"Mesh",{Scale = Vector3.new(1, 0.5, 1),MeshType = Enum.MeshType.Wedge,})
mot = New("Weld",Spike1,"mot",{Part0 = Spike1,Part1 = Handle,C0 = CFrame.new(0, 0, 0, 1, 0, 0, 0, 0.866030514, -0.500000358, 0, 0.500000358, 0.866030514),C1 = CFrame.new(-0.78627491, 0, 0.614302635, 0, 0.500000477, 0.866025209, 1, 0, 0, 0, 0.866025209, -0.500000477),})
Spike1 = New("Part",m,"Spike1",{BrickColor = BrickColor.new("Really red"),Material = Enum.Material.Neon,FormFactor = Enum.FormFactor.Custom,Size = Vector3.new(0.200000003, 0.200000003, 0.800000012),CFrame = CFrame.new(-34.8798256, 2.99807978, 8.55398464, 1, 0, 0, 0, -0.500005245, 0.866038978, 0, -0.866038978, -0.500005245),BackSurface = Enum.SurfaceType.SmoothNoOutlines,BottomSurface = Enum.SurfaceType.SmoothNoOutlines,FrontSurface = Enum.SurfaceType.SmoothNoOutlines,LeftSurface = Enum.SurfaceType.SmoothNoOutlines,RightSurface = Enum.SurfaceType.SmoothNoOutlines,TopSurface = Enum.SurfaceType.SmoothNoOutlines,Color = Color3.new(1, 0, 0),})
Mesh = New("SpecialMesh",Spike1,"Mesh",{Scale = Vector3.new(0.5, 1, 1),MeshType = Enum.MeshType.Wedge,})
mot = New("Weld",Spike1,"mot",{Part0 = Spike1,Part1 = Handle,C0 = CFrame.new(0, 0, 0, 1, 0, 0, 0, -0.500000358, -0.866030514, 0, 0.866030514, -0.500000358),C1 = CFrame.new(-0.802119255, 0, 0.102745771, 0, 0.500000477, 0.866025209, 1, 0, 0, 0, 0.866025209, -0.500000477),})
Spike1 = New("Part",m,"Spike1",{BrickColor = BrickColor.new("Really red"),Material = Enum.Material.Neon,FormFactor = Enum.FormFactor.Custom,Size = Vector3.new(0.200000003, 0.200000003, 0.800000012),CFrame = CFrame.new(-34.8798256, 4.08019829, 8.97343826, 1, 0, 0, 0, 0.866037965, 0.500006974, 0, -0.500006974, 0.866037965),BackSurface = Enum.SurfaceType.SmoothNoOutlines,BottomSurface = Enum.SurfaceType.SmoothNoOutlines,FrontSurface = Enum.SurfaceType.SmoothNoOutlines,LeftSurface = Enum.SurfaceType.SmoothNoOutlines,RightSurface = Enum.SurfaceType.SmoothNoOutlines,TopSurface = Enum.SurfaceType.SmoothNoOutlines,Color = Color3.new(1, 0, 0),})
Mesh = New("SpecialMesh",Spike1,"Mesh",{Scale = Vector3.new(0.5, 1, 1),MeshType = Enum.MeshType.Wedge,})
mot = New("Weld",Spike1,"mot",{Part0 = Spike1,Part1 = Handle,C0 = CFrame.new(0, 0, 0, 1, 0, 0, 0, 0.866029501, -0.500002086, 0, 0.500002086, 0.866029501),C1 = CFrame.new(0.102189064, 0, 0.830153704, 0, 0.500000477, 0.866025209, 1, 0, 0, 0, 0.866025209, -0.500000477),})
