-----------{{ Nemesis edited by crone }}--------------------
Player=game:GetService('Players').LocalPlayer
	Character=Player.Character
	Mouse=Player:GetMouse()
	m=Instance.new('Model',Character)


	local function weldBetween(a, b)
	    local weldd = Instance.new("ManualWeld")
	    weldd.Part0 = a
	    weldd.Part1 = b
	    weldd.C0 = CFrame.new()
	    weldd.C1 = b.CFrame:inverse() * a.CFrame
	    weldd.Parent = a
	    return weldd
	end
	
	it=Instance.new
	
	function nooutline(part)
		part.TopSurface,part.BottomSurface,part.LeftSurface,part.RightSurface,part.FrontSurface,part.BackSurface = 10,10,10,10,10,10
	end
	
	function part(formfactor,parent,material,reflectance,transparency,brickcolor,name,size)
		local fp=it("Part")
		fp.formFactor=formfactor
		fp.Parent=parent
		fp.Reflectance=reflectance
		fp.Transparency=transparency
		fp.CanCollide=false
		fp.Locked=true
		fp.BrickColor=BrickColor.new(tostring(brickcolor))
		fp.Name=name
		fp.Size=size
		fp.Position=Character.Torso.Position
		nooutline(fp)
		fp.Material=material
		fp:BreakJoints()
		return fp
	end
	
	function mesh(Mesh,part,meshtype,meshid,offset,scale)
		local mesh=it(Mesh)
		mesh.Parent=part
		if Mesh=="SpecialMesh" then
			mesh.MeshType=meshtype
			mesh.MeshId=meshid
		end
		mesh.Offset=offset
		mesh.Scale=scale
		return mesh
	end
	
	function weld(parent,part0,part1,c0,c1)
		local weld=it("Weld")
		weld.Parent=parent
		weld.Part0=part0
		weld.Part1=part1
		weld.C0=c0
		weld.C1=c1
		return weld
	end

Orb3=part(Enum.FormFactor.Brick,m,Enum.Material.Neon,0,0,"Really black","Handle",Vector3.new(0.887265563, 0.887265563, 0.887265563))
Orb3weld=weld(m,Character["Right Arm"],Orb3,CFrame.new(0, 0, 0, 1, 0, 0, 0, 1, 0, 0, 0, 1),CFrame.new(0.0678920746, -0.688210368, 1.24336052, -0.703631341, 0.00967200287, 0.710499585, -0.236187309, 0.939869761, -0.246698543, -0.670163155, -0.341395736, -0.659037471))
mesh("SpecialMesh",Orb3,Enum.MeshType.Sphere,"",Vector3.new(0, 0, 0),Vector3.new(0.890794039, 0.890788555, 0.890788138))
Orb=part(Enum.FormFactor.Brick,m,Enum.Material.Neon,0,0.5,"Bright red","Orb",Vector3.new(1.2214824, 1.2214824, 1.2214824))
Orbweld=weld(m,Orb3,Orb,CFrame.new(0, 0, 0, 1, 0, 0, 0, 1, 0, 0, 0, 1),CFrame.new(0, 0, 0, 1.00000012, 1.49011612e-008, 0, 1.49011612e-008, 1, 0, 0, 0, 1))
mesh("SpecialMesh",Orb,Enum.MeshType.Sphere,"",Vector3.new(0, 0, 0),Vector3.new(0.890794039, 0.890788555, 0.890788138))
Part=part(Enum.FormFactor.Brick,m,Enum.Material.Slate,0,0,"Bright red","Part",Vector3.new(0.887265563, 0.887265265, 0.887265563))
Partweld=weld(m,Orb3,Part,CFrame.new(0, 0, 0, 1, 0, 0, 0, 1, 0, 0, 0, 1),CFrame.new(0.0143494606, -1.25856304, 0.329597473, 1.00000012, 1.49011612e-008, 0, 0, 0.923942626, -0.382531196, 0, 0.382531166, 0.923942626))
mesh("BlockMesh",Part,"","",Vector3.new(0, 0, 0),Vector3.new(0.161962539, 0.615454078, 0.793611169))
Part=part(Enum.FormFactor.Brick,m,Enum.Material.Slate,0,0,"Really black","Part",Vector3.new(0.887265563, 0.887265265, 0.887265563))
Partweld=weld(m,Orb3,Part,CFrame.new(0, 0, 0, 1, 0, 0, 0, 1, 0, 0, 0, 1),CFrame.new(0.0143055916, -0.777040958, -1.45310402, 1.00000012, 1.49011612e-008, 0, 0, 0.923905969, -0.382619679, 2.98023224e-008, 0.382619619, 0.923905969))
mesh("BlockMesh",Part,"","",Vector3.new(0, 0, 0),Vector3.new(0.161962584, 0.145765424, 0.372511417))
Part=part(Enum.FormFactor.Brick,m,Enum.Material.Slate,0,0,"Really black","Part",Vector3.new(0.887265563, 0.887265265, 1.29332566))
Partweld=weld(m,Orb3,Part,CFrame.new(0, 0, 0, 1, 0, 0, 0, 1, 0, 0, 0, 1),CFrame.new(0.0143642426, 1.01071525, 0.32174015, 1.00000012, 1.49011612e-008, 0, 1.86264515e-009, 0.923876107, -0.382691681, 0, 0.382691681, 0.923876166))
mesh("BlockMesh",Part,"","",Vector3.new(0, 0, 0),Vector3.new(0.161962584, 0.16196157, 1))
Part=part(Enum.FormFactor.Brick,m,Enum.Material.Slate,0,0,"Really black","Part",Vector3.new(0.887265563, 0.887265265, 0.887265563))
Partweld=weld(m,Orb3,Part,CFrame.new(0, 0, 0, 1, 0, 0, 0, 1, 0, 0, 0, 1),CFrame.new(0.014380455, -0.705107212, -0.73434639, 1.00000012, 1.49011612e-008, 0, 1.86264515e-009, 0.923850656, -0.382753313, 0, 0.382753313, 0.923850656))
mesh("BlockMesh",Part,"","",Vector3.new(0, 0, 0),Vector3.new(0.161962584, 0.307727039, 0.3077268))
Part=part(Enum.FormFactor.Brick,m,Enum.Material.Slate,0,0,"Really black","Part",Vector3.new(0.887265563, 0.887265265, 0.887265563))
Partweld=weld(m,Orb3,Part,CFrame.new(0, 0, 0, 1, 0, 0, 0, 1, 0, 0, 0, 1),CFrame.new(0.0144486427, -0.138548374, 1.73012638, 1.00000012, 1.49011612e-008, 0, 1.86264515e-009, 0.923772991, -0.38294062, 0, 0.38294059, 0.92377305))
mesh("BlockMesh",Part,"","",Vector3.new(0, 0, 0),Vector3.new(0.161962539, 0.453492314, 0.583061278))
Part=part(Enum.FormFactor.Brick,m,Enum.Material.Slate,0,0,"Really black","Part",Vector3.new(0.887265563, 0.887265265, 0.887265563))
Partweld=weld(m,Orb3,Part,CFrame.new(0, 0, 0, 1, 0, 0, 0, 1, 0, 0, 0, 1),CFrame.new(0.01440382, -0.769747734, 0.573980331, 1.00000012, 1.49011612e-008, 0, 1.86264515e-009, 0.923933685, -0.382552862, -2.98023224e-008, 0.382552892, 0.923933744))
mesh("BlockMesh",Part,"","",Vector3.new(0, 0, 0),Vector3.new(0.161962584, 0.16196157, 0.242942229))
Part=part(Enum.FormFactor.Brick,m,Enum.Material.Slate,0,0,"Really black","Part",Vector3.new(0.887265563, 0.887265265, 0.887265563))
Partweld=weld(m,Orb3,Part,CFrame.new(0, 0, 0, 1, 0, 0, 0, 1, 0, 0, 0, 1),CFrame.new(0.0144219398, -0.733915329, 0.825391769, 1.00000012, 1.49011612e-008, 0, 0, 0.92392379, -0.382576406, 0, 0.382576406, 0.92392385))
mesh("BlockMesh",Part,"","",Vector3.new(0, 0, 0),Vector3.new(0.161962584, 0.242942333, 0.323922902))
Part=part(Enum.FormFactor.Brick,m,Enum.Material.Slate,0,0,"Really black","Part",Vector3.new(0.887265563, 0.887265265, 0.887265563))
Partweld=weld(m,Orb3,Part,CFrame.new(0, 0, 0, 1, 0, 0, 0, 1, 0, 0, 0, 1),CFrame.new(0.014424324, -1.38064384, -0.353040695, 1.00000012, 1.49011612e-008, 0, 1.86264515e-009, 0.923933685, -0.382552862, -2.98023224e-008, 0.382552892, 0.923933744))
mesh("BlockMesh",Part,"","",Vector3.new(0, 0, 0),Vector3.new(0.161962584, 0.890788734, 0.745022833))
Part=part(Enum.FormFactor.Brick,m,Enum.Material.Slate,0,0,"Really black","Part",Vector3.new(0.887265563, 0.887265265, 0.887265563))
Partweld=weld(m,Orb3,Part,CFrame.new(0, 0, 0, 1, 0, 0, 0, 1, 0, 0, 0, 1),CFrame.new(0.0143566132, -1.12842798, -0.970887184, 1.00000012, 1.49011612e-008, 0, -1.86264515e-009, 0.923998177, -0.382396936, -2.98023224e-008, 0.382396907, 0.923998117))
mesh("BlockMesh",Part,"","",Vector3.new(0, 0, 0),Vector3.new(0.161962584, 0.3239232, 0.323922902))
Part=part(Enum.FormFactor.Brick,m,Enum.Material.Slate,0,0,"Really black","Part",Vector3.new(0.887265563, 0.887265265, 1.25021493))
Partweld=weld(m,Orb3,Part,CFrame.new(0, 0, 0, 1, 0, 0, 0, 1, 0, 0, 0, 1),CFrame.new(0.0144233704, 1.14006543, 2.09680176, 1.00000012, 1.49011612e-008, 0, -1.86264515e-009, 0.923719823, -0.383068979, 5.96046448e-008, 0.383068949, 0.923719764))
mesh("BlockMesh",Part,"","",Vector3.new(0, 0, 0),Vector3.new(0.161962539, 0.906984746, 1))
Part=part(Enum.FormFactor.Brick,m,Enum.Material.Slate,0,0,"Really black","Part",Vector3.new(0.887265563, 0.887265265, 0.887265563))
Partweld=weld(m,Orb3,Part,CFrame.new(0, 0, 0, 1, 0, 0, 0, 1, 0, 0, 0, 1),CFrame.new(0.0144305229, -0.583024979, -1.07998466, 1.00000012, 1.49011612e-008, 0, 0, 0.923861682, -0.382726401, -2.98023224e-008, 0.382726401, 0.923861742))
mesh("BlockMesh",Part,"","",Vector3.new(0, 0, 0),Vector3.new(0.161962584, 0.583061755, 0.469688207))
Part=part(Enum.FormFactor.Brick,m,Enum.Material.Slate,0,0,"Really black","Part",Vector3.new(0.887265563, 0.887265265, 0.887265563))
Partweld=weld(m,Orb3,Part,CFrame.new(0, 0, 0, 1, 0, 0, 0, 1, 0, 0, 0, 1),CFrame.new(0.0144481659, 0.825361252, 0.8253479, 1.00000012, 1.49011612e-008, 0, 0, 0.923942626, -0.382531196, 0, 0.382531166, 0.923942626))
mesh("BlockMesh",Part,"","",Vector3.new(0, 0, 0),Vector3.new(0.161962539, 0.259138525, 0.323922902))
Part=part(Enum.FormFactor.Brick,m,Enum.Material.Slate,0,0,"Really black","Part",Vector3.new(0.887265563, 0.887265265, 0.887265563))
Partweld=weld(m,Orb3,Part,CFrame.new(0, 0, 0, 1, 0, 0, 0, 1, 0, 0, 0, 1),CFrame.new(0.0143418312, 0.86701417, 0.573102951, 1.00000012, 1.49011612e-008, 0, 3.7252903e-009, 0.923902094, -0.382628798, -2.98023224e-008, 0.382628769, 0.923902154))
mesh("BlockMesh",Part,"","",Vector3.new(0, 0, 0),Vector3.new(0.161962584, 0.16196157, 0.242942229))
Part=part(Enum.FormFactor.Brick,m,Enum.Material.Slate,0,0,"Really black","Part",Vector3.new(0.887265563, 0.887265265, 0.887265563))
Partweld=weld(m,Orb3,Part,CFrame.new(0, 0, 0, 1, 0, 0, 0, 1, 0, 0, 0, 1),CFrame.new(0.0144238472, 0.400093079, 1.79470062, 1.00000012, 1.49011612e-008, 0, 1.86264515e-009, 0.923721433, -0.383065045, 2.98023224e-008, 0.383065045, 0.923721433))
mesh("BlockMesh",Part,"","",Vector3.new(0, 0, 0),Vector3.new(0.161962539, 0.761219323, 0.728826642))
Part=part(Enum.FormFactor.Brick,m,Enum.Material.Slate,0,0,"Really black","Part",Vector3.new(0.887265563, 0.887265265, 2.58665133))
Partweld=weld(m,Orb3,Part,CFrame.new(0, 0, 0, 1, 0, 0, 0, 1, 0, 0, 0, 1),CFrame.new(0.0143995285, -0.913483143, -0.324422836, 1.00000012, 1.49011612e-008, 0, 1.86264515e-009, 0.923933685, -0.382552862, -2.98023224e-008, 0.382552892, 0.923933744))
mesh("BlockMesh",Part,"","",Vector3.new(0, 0, 0),Vector3.new(0.161962584, 0.16196157, 1))
Part=part(Enum.FormFactor.Brick,m,Enum.Material.Slate,0,0,"Really black","Part",Vector3.new(0.887265563, 0.887265265, 0.887265563))
Partweld=weld(m,Orb3,Part,CFrame.new(0, 0, 0, 1, 0, 0, 0, 1, 0, 0, 0, 1),CFrame.new(0.0143547058, -0.541141033, 1.62947273, 1.00000012, 1.49011612e-008, 0, -1.86264515e-009, 0.923827887, -0.382808328, -5.96046448e-008, 0.382808298, 0.923827887))
mesh("BlockMesh",Part,"","",Vector3.new(0, 0, 0),Vector3.new(0.161962539, 0.453492463, 0.356315255))
Part=part(Enum.FormFactor.Brick,m,Enum.Material.Slate,0,0,"Really black","Part",Vector3.new(0.887265563, 2.06932139, 0.887265563))
Partweld=weld(m,Orb3,Part,CFrame.new(0, 0, 0, 1, 0, 0, 0, 1, 0, 0, 0, 1),CFrame.new(0.0144166946, 0.0481677055, 1.21985817, 1.00000012, 1.49011612e-008, 0, -1.86264515e-009, 0.923881888, -0.382678002, 0, 0.382677972, 0.923881888))
mesh("BlockMesh",Part,"","",Vector3.new(0, 0, 0),Vector3.new(0.161962584, 1, 0.566865087))
Part=part(Enum.FormFactor.Brick,m,Enum.Material.Slate,0,0,"Really black","Part",Vector3.new(0.887265563, 0.887265265, 0.887265563))
Partweld=weld(m,Orb3,Part,CFrame.new(0, 0, 0, 1, 0, 0, 0, 1, 0, 0, 0, 1),CFrame.new(0.0143070221, -1.2364192, -0.755374908, 1.00000012, 1.49011612e-008, 0, 1.86264515e-009, 0.923951864, -0.382508934, 2.98023224e-008, 0.382508904, 0.923951805))
mesh("BlockMesh",Part,"","",Vector3.new(0, 0, 0),Vector3.new(0.161962584, 0.566865504, 0.161961451))
Part=part(Enum.FormFactor.Brick,m,Enum.Material.Slate,0,0,"Really black","Part",Vector3.new(0.887265563, 0.887265265, 0.887265563))
Partweld=weld(m,Orb3,Part,CFrame.new(0, 0, 0, 1, 0, 0, 0, 1, 0, 0, 0, 1),CFrame.new(0.0143699646, -0.769845009, -0.475525856, 1.00000012, 1.49011612e-008, 0, 1.86264515e-009, 0.923891902, -0.382653743, -2.98023224e-008, 0.382653683, 0.923891902))
mesh("BlockMesh",Part,"","",Vector3.new(0, 0, 0),Vector3.new(0.161962584, 0.16196157, 0.275334477))
Part=part(Enum.FormFactor.Brick,m,Enum.Material.Slate,0,0,"Really black","Part",Vector3.new(0.887265563, 1.33643687, 0.887265563))
Partweld=weld(m,Orb3,Part,CFrame.new(0, 0, 0, 1, 0, 0, 0, 1, 0, 0, 0, 1),CFrame.new(0.0143666267, 0.0422482491, 0.896986008, 1.00000012, 1.49011612e-008, 0, 0, 0.923899233, -0.38263604, 0, 0.382636011, 0.923899233))
mesh("BlockMesh",Part,"","",Vector3.new(0, 0, 0),Vector3.new(0.161962584, 1, 0.161961451))
Part=part(Enum.FormFactor.Brick,m,Enum.Material.Slate,0,0,"Really black","Part",Vector3.new(0.887265563, 0.887265265, 0.887265563))
Partweld=weld(m,Orb3,Part,CFrame.new(0, 0, 0, 1, 0, 0, 0, 1, 0, 0, 0, 1),CFrame.new(0.0143237114, 1.7868042, 2.95180702, 1.00000012, 1.49011612e-008, 0, -1.86264515e-009, 0.923719823, -0.383068979, 5.96046448e-008, 0.383068949, 0.923719764))
mesh("BlockMesh",Part,"","",Vector3.new(0, 0, 0),Vector3.new(0.161962584, 0.550669432, 0.842199624))
Wedge=part(Enum.FormFactor.Brick,m,Enum.Material.Slate,0,0,"Really black","Wedge",Vector3.new(0.887265563, 0.887265265, 0.887265563))
Wedgeweld=weld(m,Orb3,Wedge,CFrame.new(0, 0, 0, 1, 0, 0, 0, 1, 0, 0, 0, 1),CFrame.new(0.0143613815, -0.970600128, 1.38010454, 1.00000012, 1.49011612e-008, 0, 0, 0.382407755, 0.923993766, 1.86264515e-009, -0.923993766, 0.382407755))
mesh("SpecialMesh",Wedge,Enum.MeshType.Wedge,"",Vector3.new(0, 0, 0),Vector3.new(0.161962584, 0.3239232, 0.242942229))
Wedge=part(Enum.FormFactor.Brick,m,Enum.Material.Slate,0,0,"Really black","Wedge",Vector3.new(0.887265563, 0.887265265, 0.887265563))
Wedgeweld=weld(m,Orb3,Wedge,CFrame.new(0, 0, 0, 1, 0, 0, 0, 1, 0, 0, 0, 1),CFrame.new(-0.0143671036, 0.867209196, -0.314229965, -1.00000012, -1.49011612e-008, 0, 0, 0.923979223, -0.382442802, 0, -0.382442772, -0.923979282))
mesh("SpecialMesh",Wedge,Enum.MeshType.Wedge,"",Vector3.new(0, 0, 0),Vector3.new(0.161962584, 0.16196163, 0.340119064))
Wedge=part(Enum.FormFactor.Brick,m,Enum.Material.Slate,0,0,"Really black","Wedge",Vector3.new(0.887265563, 0.887265265, 0.887265563))
Wedgeweld=weld(m,Orb3,Wedge,CFrame.new(0, 0, 0, 1, 0, 0, 0, 1, 0, 0, 0, 1),CFrame.new(0.0143041611, 0.76987648, -0.315297127, 1.00000012, 1.49011612e-008, 0, -1.86264515e-009, -0.923951864, 0.382508934, -2.98023224e-008, -0.382508904, -0.923951805))
mesh("SpecialMesh",Wedge,Enum.MeshType.Wedge,"",Vector3.new(0, 0, 0),Vector3.new(0.161962584, 0.16196157, 0.340119064))
Wedge=part(Enum.FormFactor.Brick,m,Enum.Material.Slate,0,0,"Really black","Wedge",Vector3.new(0.887265563, 0.887265265, 0.887265563))
Wedgeweld=weld(m,Orb3,Wedge,CFrame.new(0, 0, 0, 1, 0, 0, 0, 1, 0, 0, 0, 1),CFrame.new(0.0141844749, -0.540944099, 1.8880825, 1.00000012, 1.49011612e-008, 0, 0, 0.923842251, -0.382773578, 0, 0.382773548, 0.923842311))
mesh("SpecialMesh",Wedge,Enum.MeshType.Wedge,"",Vector3.new(0, 0, 0),Vector3.new(0.161962584, 0.453492463, 0.226746053))
Wedge=part(Enum.FormFactor.Brick,m,Enum.Material.Slate,0,0,"Really black","Wedge",Vector3.new(0.887265563, 0.887265265, 0.887265563))
Wedgeweld=weld(m,Orb3,Wedge,CFrame.new(0, 0, 0, 1, 0, 0, 0, 1, 0, 0, 0, 1),CFrame.new(-0.0142354965, 0.769865513, -0.0939617157, -1.00000012, -1.49011612e-008, 0, 1.86264515e-009, -0.923998177, 0.382396936, -2.98023224e-008, 0.382396907, 0.923998117))
mesh("SpecialMesh",Wedge,Enum.MeshType.Wedge,"",Vector3.new(0, 0, 0),Vector3.new(0.161962584, 0.16196157, 0.583061278))
Wedge=part(Enum.FormFactor.Brick,m,Enum.Material.Slate,0,0,"Really black","Wedge",Vector3.new(0.887265563, 0.887265265, 0.887265563))
Wedgeweld=weld(m,Orb3,Wedge,CFrame.new(0, 0, 0, 1, 0, 0, 0, 1, 0, 0, 0, 1),CFrame.new(0.0143609047, -1.25842857, 1.07650948, 1.00000012, 1.49011612e-008, 0, 1.86264515e-009, 0.923933685, -0.382552862, -2.98023224e-008, 0.382552892, 0.923933744))
mesh("SpecialMesh",Wedge,Enum.MeshType.Wedge,"",Vector3.new(0, 0, 0),Vector3.new(0.161962584, 0.615454078, 0.890788138))
Wedge=part(Enum.FormFactor.Brick,m,Enum.Material.Slate,0,0,"Really black","Wedge",Vector3.new(0.887265563, 0.887265265, 0.887265563))
Wedgeweld=weld(m,Orb3,Wedge,CFrame.new(0, 0, 0, 1, 0, 0, 0, 1, 0, 0, 0, 1),CFrame.new(0.0143790245, -1.65408182, 0.329648972, 1, -9.68575478e-007, -2.71201134e-006, -1.24797225e-007, 0.923948586, -0.382516891, 2.86102295e-006, 0.382516801, 0.923948526))
mesh("SpecialMesh",Wedge,Enum.MeshType.Wedge,"",Vector3.new(0, 0, 0),Vector3.new(0.161962584, 0.275334716, 0.793611169))
Wedge=part(Enum.FormFactor.Brick,m,Enum.Material.Slate,0,0,"Really black","Wedge",Vector3.new(0.887265563, 0.887265265, 0.887265563))
Wedgeweld=weld(m,Orb3,Wedge,CFrame.new(0, 0, 0, 1, 0, 0, 0, 1, 0, 0, 0, 1),CFrame.new(-0.0144429207, 0.633457184, -0.475393295, -1.00000012, -1.49011612e-008, 0, 0, -0.923926353, 0.382570535, 0, 0.382570565, 0.923926353))
mesh("SpecialMesh",Wedge,Enum.MeshType.Wedge,"",Vector3.new(0, 0, 0),Vector3.new(0.161962539, 0.145765424, 0.275334477))
Wedge=part(Enum.FormFactor.Brick,m,Enum.Material.Slate,0,0,"Really black","Wedge",Vector3.new(0.887265563, 0.887265265, 0.887265563))
Wedgeweld=weld(m,Orb3,Wedge,CFrame.new(0, 0, 0, 1, 0, 0, 0, 1, 0, 0, 0, 1),CFrame.new(-0.0142507553, 0.446650028, -0.734584808, -1.00000012, -1.49011612e-008, 0, 0, -0.923942626, 0.382531196, 0, 0.382531166, 0.923942626))
mesh("SpecialMesh",Wedge,Enum.MeshType.Wedge,"",Vector3.new(0, 0, 0),Vector3.new(0.161962539, 0.275334716, 0.3077268))
Wedge=part(Enum.FormFactor.Brick,m,Enum.Material.Slate,0,0,"Really black","Wedge",Vector3.new(0.887265563, 1.79628587, 0.887265563))
Wedgeweld=weld(m,Orb3,Wedge,CFrame.new(0, 0, 0, 1, 0, 0, 0, 1, 0, 0, 0, 1),CFrame.new(-0.0143270493, 0.57338047, 1.31251836, -1.00000012, -1.49011612e-008, 0, 2.98023224e-008, 0.383064389, 0.92372179, 0, 0.923721671, -0.383064389))
mesh("SpecialMesh",Wedge,Enum.MeshType.Wedge,"",Vector3.new(0, 0, 0),Vector3.new(0.161962584, 1, 0.518276632))
Wedge=part(Enum.FormFactor.Brick,m,Enum.Material.Slate,0,0,"Really black","Wedge",Vector3.new(0.887265563, 0.887265265, 0.887265563))
Wedgeweld=weld(m,Orb3,Wedge,CFrame.new(0, 0, 0, 1, 0, 0, 0, 1, 0, 0, 0, 1),CFrame.new(0.0146727562, -1.36502552, 1.12885427, 1.00000012, 1.49011612e-008, 0, 0, 0.382083118, 0.924128056, 0, -0.924127996, 0.382083118))
mesh("SpecialMesh",Wedge,Enum.MeshType.Wedge,"",Vector3.new(0, 0, 0),Vector3.new(0.161962584, 0.566865504, 0.323922902))
Wedge=part(Enum.FormFactor.Brick,m,Enum.Material.Slate,0,0,"Really black","Wedge",Vector3.new(0.887265563, 0.887265265, 0.887265563))
Wedgeweld=weld(m,Orb3,Wedge,CFrame.new(0, 0, 0, 1, 0, 0, 0, 1, 0, 0, 0, 1),CFrame.new(0.0144696236, 0.467594624, -0.753448486, 1.00000012, 1.49011612e-008, 0, 0, -0.923969984, 0.382465094, -2.98023224e-008, -0.382465065, -0.923969984))
mesh("SpecialMesh",Wedge,Enum.MeshType.Wedge,"",Vector3.new(0, 0, 0),Vector3.new(0.161962584, 0.356315494, 0.161961451))
Wedge=part(Enum.FormFactor.Brick,m,Enum.Material.Slate,0,0,"Really black","Wedge",Vector3.new(0.887265563, 0.887265265, 0.887265563))
Wedgeweld=weld(m,Orb3,Wedge,CFrame.new(0, 0, 0, 1, 0, 0, 0, 1, 0, 0, 0, 1),CFrame.new(0.014354229, -2.0562439, -0.353294373, 1.00000012, 1.49011612e-008, 0, 1.86264515e-009, 0.923947215, -0.38252008, 0, 0.38252008, 0.923947275))
mesh("SpecialMesh",Wedge,Enum.MeshType.Wedge,"",Vector3.new(0, 0, 0),Vector3.new(0.161962584, 0.631650209, 0.745022833))
Wedge=part(Enum.FormFactor.Brick,m,Enum.Material.Slate,0,0,"Really black","Wedge",Vector3.new(0.887265563, 0.887265265, 0.887265563))
Wedgeweld=weld(m,Orb3,Wedge,CFrame.new(0, 0, 0, 1, 0, 0, 0, 1, 0, 0, 0, 1),CFrame.new(-0.0143246651, 0.552667618, -0.753526688, -1.00000012, -1.49011612e-008, 0, 0, 0.923969984, -0.382465094, -2.98023224e-008, -0.382465065, -0.923969984))
mesh("SpecialMesh",Wedge,Enum.MeshType.Wedge,"",Vector3.new(0, 0, 0),Vector3.new(0.161962584, 0.356315523, 0.161961451))
Wedge=part(Enum.FormFactor.Brick,m,Enum.Material.Slate,0,0,"Really black","Wedge",Vector3.new(0.887265563, 0.887265265, 0.887265563))
Wedgeweld=weld(m,Orb3,Wedge,CFrame.new(0, 0, 0, 1, 0, 0, 0, 1, 0, 0, 0, 1),CFrame.new(0.0142321587, 0.399935246, 2.41992378, 1.00000012, 1.49011612e-008, 0, 0, 0.923712194, -0.383087337, 0, 0.383087307, 0.923712134))
mesh("SpecialMesh",Wedge,Enum.MeshType.Wedge,"",Vector3.new(0, 0, 0),Vector3.new(0.161962539, 0.761219621, 0.680238068))
Wedge=part(Enum.FormFactor.Brick,m,Enum.Material.Slate,0,0,"Really black","Wedge",Vector3.new(0.887265563, 0.887265265, 0.887265563))
Wedgeweld=weld(m,Orb3,Wedge,CFrame.new(0, 0, 0, 1, 0, 0, 0, 1, 0, 0, 0, 1),CFrame.new(-0.0143885612, -0.93530941, -2.05617285, -1.00000012, -1.49011612e-008, 0, 0, 0.382489145, 0.92395997, 0, 0.92396009, -0.382489204))
mesh("SpecialMesh",Wedge,Enum.MeshType.Wedge,"",Vector3.new(0, 0, 0),Vector3.new(0.161962584, 0.566865504, 0.631649613))
Wedge=part(Enum.FormFactor.Brick,m,Enum.Material.Slate,0,0,"Really black","Wedge",Vector3.new(0.887265563, 0.887265265, 0.887265563))
Wedgeweld=weld(m,Orb3,Wedge,CFrame.new(0, 0, 0, 1, 0, 0, 0, 1, 0, 0, 0, 1),CFrame.new(0.0142798424, -0.755475998, 1.63162708, 1.00000012, 1.49011612e-008, 0, -5.96046448e-008, 0.382526159, 0.923944771, 0, -0.923944652, 0.382526159))
mesh("SpecialMesh",Wedge,Enum.MeshType.Wedge,"",Vector3.new(0, 0, 0),Vector3.new(0.161962584, 0.16196157, 0.323922902))
Wedge=part(Enum.FormFactor.Brick,m,Enum.Material.Slate,0,0,"Really black","Wedge",Vector3.new(0.887265563, 0.887265265, 0.887265563))
Wedgeweld=weld(m,Orb3,Wedge,CFrame.new(0, 0, 0, 1, 0, 0, 0, 1, 0, 0, 0, 1),CFrame.new(-0.0143070221, 0.573734283, -0.66204977, -1.00000012, -1.49011612e-008, 0, 2.98023224e-008, 0.382705569, 0.923870444, 3.7252903e-009, 0.923870444, -0.382705599))
mesh("SpecialMesh",Wedge,Enum.MeshType.Wedge,"",Vector3.new(0, 0, 0),Vector3.new(0.161962539, 0.242942333, 0.0809807107))
Wedge=part(Enum.FormFactor.Brick,m,Enum.Material.Slate,0,0,"Really black","Wedge",Vector3.new(0.887265563, 0.887265265, 2.14117265))
Wedgeweld=weld(m,Orb3,Wedge,CFrame.new(0, 0, 0, 1, 0, 0, 0, 1, 0, 0, 0, 1),CFrame.new(-0.0142812729, 2.95166302, 3.10169697, -1.00000012, -1.49011612e-008, 0, 2.98023224e-008, 0.383064389, 0.92372179, 0, 0.923721671, -0.383064389))
mesh("SpecialMesh",Wedge,Enum.MeshType.Wedge,"",Vector3.new(0, 0, 0),Vector3.new(0.161962539, 0.842200279, 1))
Wedge=part(Enum.FormFactor.Brick,m,Enum.Material.Slate,0,0,"Really black","Wedge",Vector3.new(0.887265563, 0.887265265, 0.887265563))
Wedgeweld=weld(m,Orb3,Wedge,CFrame.new(0, 0, 0, 1, 0, 0, 0, 1, 0, 0, 0, 1),CFrame.new(-0.014421463, 0.752266407, -0.573197365, -1.00000012, -1.49011612e-008, 0, -1.86264515e-009, 0.923974633, -0.382453978, 2.98023224e-008, -0.382453948, -0.923974633))
mesh("SpecialMesh",Wedge,Enum.MeshType.Wedge,"",Vector3.new(0, 0, 0),Vector3.new(0.161962584, 0.0971769989, 0.242942229))
Wedge=part(Enum.FormFactor.Brick,m,Enum.Material.Slate,0,0,"Really black","Wedge",Vector3.new(0.887265563, 0.887265265, 0.887265563))
Wedgeweld=weld(m,Orb3,Wedge,CFrame.new(0, 0, 0, 1, 0, 0, 0, 1, 0, 0, 0, 1),CFrame.new(0.0143566132, -0.864401817, 1.62925529, 1.00000012, 1.49011612e-008, 0, 0, 0.923869073, -0.382708788, 0, 0.382708758, 0.923869133))
mesh("SpecialMesh",Wedge,Enum.MeshType.Wedge,"",Vector3.new(0, 0, 0),Vector3.new(0.161962584, 0.275334716, 0.356315255))
Wedge=part(Enum.FormFactor.Brick,m,Enum.Material.Slate,0,0,"Really black","Wedge",Vector3.new(0.887265563, 0.887265265, 0.887265563))
Wedgeweld=weld(m,Orb3,Wedge,CFrame.new(0, 0, 0, 1, 0, 0, 0, 1, 0, 0, 0, 1),CFrame.new(0.0142197609, -1.01076412, 0.396925926, 1.00000012, 1.49011612e-008, 0, 1.86264515e-009, -0.923881888, 0.382678002, 0, -0.382677972, -0.923881888))
mesh("SpecialMesh",Wedge,Enum.MeshType.Wedge,"",Vector3.new(0, 0, 0),Vector3.new(0.161962584, 0.16196157, 0.161961451))
Wedge=part(Enum.FormFactor.Brick,m,Enum.Material.Slate,0,0,"Really black","Wedge",Vector3.new(0.887265563, 0.887265265, 0.887265563))
Wedgeweld=weld(m,Orb3,Wedge,CFrame.new(0, 0, 0, 1, 0, 0, 0, 1, 0, 0, 0, 1),CFrame.new(0.0142817497, -0.139033318, 2.05354595, 1.00000012, 1.49011612e-008, 0, -1.86264515e-009, 0.923675716, -0.383175105, 0, 0.383175135, 0.923675776))
mesh("SpecialMesh",Wedge,Enum.MeshType.Wedge,"",Vector3.new(0, 0, 0),Vector3.new(0.161962584, 0.453492463, 0.145765319))
Wedge=part(Enum.FormFactor.Brick,m,Enum.Material.Slate,0,0,"Really black","Wedge",Vector3.new(0.887265563, 0.887265265, 0.887265563))
Wedgeweld=weld(m,Orb3,Wedge,CFrame.new(0, 0, 0, 1, 0, 0, 0, 1, 0, 0, 0, 1),CFrame.new(-0.0144047737, 0.0443925858, -1.07949638, -1.00000012, -1.49011612e-008, 0, -3.7252903e-009, -0.923928738, 0.382564604, 0, 0.382564604, 0.923928857))
mesh("SpecialMesh",Wedge,Enum.MeshType.Wedge,"",Vector3.new(0, 0, 0),Vector3.new(0.161962584, 0.631650209, 0.469688356))
Wedge=part(Enum.FormFactor.Brick,m,Enum.Material.Slate,0,0,"Really black","Wedge",Vector3.new(0.887265563, 0.887265265, 1.10651183))
Wedgeweld=weld(m,Orb3,Wedge,CFrame.new(0, 0, 0, 1, 0, 0, 0, 1, 0, 0, 0, 1),CFrame.new(0.0143818855, -1.78685999, -2.02521324, 1.00000012, 1.49011612e-008, 0, 1.86264515e-009, -0.923719823, 0.383068979, -5.96046448e-008, -0.383068949, -0.923719764))
mesh("SpecialMesh",Wedge,Enum.MeshType.Wedge,"",Vector3.new(0, 0, 0),Vector3.new(0.161962584, 0.550669432, 1))
Wedge=part(Enum.FormFactor.Brick,m,Enum.Material.Slate,0,0,"Really black","Wedge",Vector3.new(0.887265563, 0.887265265, 0.887265563))
Wedgeweld=weld(m,Orb3,Wedge,CFrame.new(0, 0, 0, 1, 0, 0, 0, 1, 0, 0, 0, 1),CFrame.new(0.0142259598, 1.14000654, 3.02338028, 1.00000012, 1.49011612e-008, 0, 0, 0.923712194, -0.383087337, 0, 0.383087307, 0.923712134))
mesh("SpecialMesh",Wedge,Enum.MeshType.Wedge,"",Vector3.new(0, 0, 0),Vector3.new(0.161962539, 0.906985044, 0.680238068))

Player=game:GetService('Players').LocalPlayer
	Character=Player.Character
	Mouse=Player:GetMouse()
	m=Instance.new('Model',Character)


	local function weldBetween(a, b)
	    local weldd = Instance.new("ManualWeld")
	    weldd.Part0 = a
	    weldd.Part1 = b
	    weldd.C0 = CFrame.new()
	    weldd.C1 = b.CFrame:inverse() * a.CFrame
	    weldd.Parent = a
	    return weldd
	end
	
	it=Instance.new
	
	function nooutline(part)
		part.TopSurface,part.BottomSurface,part.LeftSurface,part.RightSurface,part.FrontSurface,part.BackSurface = 10,10,10,10,10,10
	end
	
	function part(formfactor,parent,material,reflectance,transparency,brickcolor,name,size)
		local fp=it("Part")
		fp.formFactor=formfactor
		fp.Parent=parent
		fp.Reflectance=reflectance
		fp.Transparency=transparency
		fp.CanCollide=false
		fp.Locked=true
		fp.BrickColor=BrickColor.new(tostring(brickcolor))
		fp.Name=name
		fp.Size=size
		fp.Position=Character.Torso.Position
		nooutline(fp)
		fp.Material=material
		fp:BreakJoints()
		return fp
	end
	
	function mesh(Mesh,part,meshtype,meshid,offset,scale)
		local mesh=it(Mesh)
		mesh.Parent=part
		if Mesh=="SpecialMesh" then
			mesh.MeshType=meshtype
			mesh.MeshId=meshid
		end
		mesh.Offset=offset
		mesh.Scale=scale
		return mesh
	end
	
	function weld(parent,part0,part1,c0,c1)
		local weld=it("Weld")
		weld.Parent=parent
		weld.Part0=part0
		weld.Part1=part1
		weld.C0=c0
		weld.C1=c1
		return weld
	end

WIngs=part(Enum.FormFactor.Symmetric,m,Enum.Material.DiamondPlate,0,0,"Maroon","Handle",Vector3.new(0.526163042, 0.373031557, 0.931079745))
WIngsweld=weld(m,Character["Torso"],WIngs,CFrame.new(0, 0, 0, 1, 0, 0, 0, 1, 0, 0, 0, 1),CFrame.new(-1.0159111, -1.20853615, -6.0207634, 0.866024971, 0.250001013, -0.433012992, -0.326577812, 0.938599944, -0.111252062, 0.378612816, 0.237759501, 0.894495845))
mesh("BlockMesh",WIngs,"","",Vector3.new(0, 0, 0),Vector3.new(1, 0.429282606, 1))
Part=part(Enum.FormFactor.Symmetric,m,Enum.Material.Slate,0,0,"Really black","Part",Vector3.new(0.373031408, 0.893329322, 0.679436445))
Partweld=weld(m,WIngs,Part,CFrame.new(0, 0, 0, 1, 0, 0, 0, 1, 0, 0, 0, 1),CFrame.new(0.0145301819, -1.5309906, 1.12540245, 1, -1.86264515e-008, -5.96046448e-008, -2.98023224e-008, -0.187036917, 0.982352853, -3.7252903e-009, -0.982352912, -0.187036932))
mesh("BlockMesh",Part,"","",Vector3.new(0, 0, 0),Vector3.new(0.619396091, 1, 1))
Part=part(Enum.FormFactor.Symmetric,m,Enum.Material.Slate,0,0,"Really black","Part",Vector3.new(0.373031408, 0.567338467, 0.701169252))
Partweld=weld(m,WIngs,Part,CFrame.new(0, 0, 0, 1, 0, 0, 0, 1, 0, 0, 0, 1),CFrame.new(0.012840271, -2.20268631, 1.11525655, 1, -1.86264515e-008, -5.96046448e-008, -2.98023224e-008, -0.187036917, 0.982352853, -3.7252903e-009, -0.982352912, -0.187036932))
mesh("BlockMesh",Part,"","",Vector3.new(0, 0, 0),Vector3.new(0.659258127, 1, 1))
Part=part(Enum.FormFactor.Symmetric,m,Enum.Material.SmoothPlastic,0,0,"Really black","Part",Vector3.new(0.373031408, 0.869309068, 0.701169252))
Partweld=weld(m,WIngs,Part,CFrame.new(0, 0, 0, 1, 0, 0, 0, 1, 0, 0, 0, 1),CFrame.new(-0.0128250122, 1.69621086, 2.74610329, -1, 1.86264515e-008, 5.96046448e-008, 0, -0.329198927, -0.944260657, 1.49011612e-008, -0.944260657, 0.329198956))
mesh("BlockMesh",Part,"","",Vector3.new(0, 0, 0),Vector3.new(0.904563606, 1, 1))
Part=part(Enum.FormFactor.Symmetric,m,Enum.Material.SmoothPlastic,0,0,"Really black","Part",Vector3.new(0.373031408, 0.869309068, 0.701169252))
Partweld=weld(m,WIngs,Part,CFrame.new(0, 0, 0, 1, 0, 0, 0, 1, 0, 0, 0, 1),CFrame.new(-0.0128326416, 3.14628506, 2.63505173, -1, 1.86264515e-008, 5.96046448e-008, 0, -0.757224739, -0.653154373, 2.98023224e-008, -0.653154373, 0.757224917))
mesh("BlockMesh",Part,"","",Vector3.new(0, 0, 0),Vector3.new(0.904563606, 1, 1))
Part=part(Enum.FormFactor.Symmetric,m,Enum.Material.SmoothPlastic,0,0,"Really black","Part",Vector3.new(0.373031408, 0.869309068, 0.701169252))
Partweld=weld(m,WIngs,Part,CFrame.new(0, 0, 0, 1, 0, 0, 0, 1, 0, 0, 0, 1),CFrame.new(-0.0128250122, 1.01108551, 2.51173878, -1, 1.86264515e-008, 5.96046448e-008, 2.98023224e-008, -0.0735907629, -0.997288585, 0, -0.997288525, 0.0735907704))
mesh("BlockMesh",Part,"","",Vector3.new(0, 0, 0),Vector3.new(0.904563606, 1, 1))
Part=part(Enum.FormFactor.Symmetric,m,Enum.Material.SmoothPlastic,0,0,"Really black","Part",Vector3.new(0.373031408, 0.869309068, 0.701169252))
Partweld=weld(m,WIngs,Part,CFrame.new(0, 0, 0, 1, 0, 0, 0, 1, 0, 0, 0, 1),CFrame.new(-0.0128250122, 0.396331787, 2.11554885, -1, 1.86264515e-008, 5.96046448e-008, 0, 0.187033802, -0.982353449, -7.4505806e-009, -0.982353449, -0.187033832))
mesh("BlockMesh",Part,"","",Vector3.new(0, 0, 0),Vector3.new(0.904563606, 1, 1))
Part=part(Enum.FormFactor.Symmetric,m,Enum.Material.SmoothPlastic,0,0,"Really black","Part",Vector3.new(0.373031408, 0.869309068, 0.701169252))
Partweld=weld(m,WIngs,Part,CFrame.new(0, 0, 0, 1, 0, 0, 0, 1, 0, 0, 0, 1),CFrame.new(-0.0128250122, -0.0868225098, 1.57054901, -1, 1.86264515e-008, 5.96046448e-008, 2.98023224e-008, 0.434913546, -0.900472343, 0, -0.900472283, -0.434913576))
mesh("BlockMesh",Part,"","",Vector3.new(0, 0, 0),Vector3.new(0.904563606, 1, 1))
Part=part(Enum.FormFactor.Symmetric,m,Enum.Material.SmoothPlastic,0,0,"Really black","Part",Vector3.new(0.373031408, 0.869309068, 0.701169252))
Partweld=weld(m,WIngs,Part,CFrame.new(0, 0, 0, 1, 0, 0, 0, 1, 0, 0, 0, 1),CFrame.new(-0.0128173828, 2.42856979, 2.78783226, -1, 1.86264515e-008, 5.96046448e-008, 2.98023224e-008, -0.562374592, -0.82688272, 0, -0.826882541, 0.562374532))
mesh("BlockMesh",Part,"","",Vector3.new(0, 0, 0),Vector3.new(0.904563606, 1, 1))
Part=part(Enum.FormFactor.Symmetric,m,Enum.Material.SmoothPlastic,0,0,"Really black","Part",Vector3.new(0.373031408, 0.869309068, 0.701169252))
Partweld=weld(m,WIngs,Part,CFrame.new(0, 0, 0, 1, 0, 0, 0, 1, 0, 0, 0, 1),CFrame.new(-0.0128173828, -0.416015625, 0.917181015, -1, 1.86264515e-008, 5.96046448e-008, -5.96046448e-008, 0.653154254, -0.757224917, 1.49011612e-008, -0.757224798, -0.653154254))
mesh("BlockMesh",Part,"","",Vector3.new(0, 0, 0),Vector3.new(0.904563606, 1, 1))
Part=part(Enum.FormFactor.Symmetric,m,Enum.Material.Slate,0,0,"Really black","Part",Vector3.new(0.373031408, 1.92734933, 0.701169252))
Partweld=weld(m,WIngs,Part,CFrame.new(0, 0, 0, 1, 0, 0, 0, 1, 0, 0, 0, 1),CFrame.new(0.0128173828, 0.159194946, -1.12555099, 1, -1.86264515e-008, -5.96046448e-008, 2.98023224e-008, 0.187036917, -0.982352853, 3.7252903e-009, 0.982352912, 0.187036932))
mesh("BlockMesh",Part,"","",Vector3.new(0, 0, 0),Vector3.new(0.659258127, 1, 1))
Part=part(Enum.FormFactor.Symmetric,m,Enum.Material.Slate,0,0,"Really black","Part",Vector3.new(0.373031408, 0.567338467, 0.701169252))
Partweld=weld(m,WIngs,Part,CFrame.new(0, 0, 0, 1, 0, 0, 0, 1, 0, 0, 0, 1),CFrame.new(-0.0140304565, -3.38129997, -2.7243309, -1, 1.86264515e-008, 5.96046448e-008, 0, 0.329198927, 0.944260657, -1.49011612e-008, 0.944260657, -0.329198956))
mesh("BlockMesh",Part,"","",Vector3.new(0, 0, 0),Vector3.new(0.659258127, 1, 1))
Part=part(Enum.FormFactor.Symmetric,m,Enum.Material.Slate,0,0,"Really black","Part",Vector3.new(0.373031408, 1.92734933, 0.701169252))
Partweld=weld(m,WIngs,Part,CFrame.new(0, 0, 0, 1, 0, 0, 0, 1, 0, 0, 0, 1),CFrame.new(-0.0140457153, 1.33783531, 2.71401596, -1, 1.86264515e-008, 5.96046448e-008, 0, -0.329198927, -0.944260657, 1.49011612e-008, -0.944260657, 0.329198956))
mesh("BlockMesh",Part,"","",Vector3.new(0, 0, 0),Vector3.new(0.659258127, 1, 1))
Part=part(Enum.FormFactor.Symmetric,m,Enum.Material.DiamondPlate,0,0,"Maroon","Part",Vector3.new(0.526163042, 0.373031557, 0.931079745))
Partweld=weld(m,WIngs,Part,CFrame.new(0, 0, 0, 1, 0, 0, 0, 1, 0, 0, 0, 1),CFrame.new(4.78812122, 1.92715263, -2.28927612, 0.49999845, -0.565649092, 0.655776381, 0.565651298, 0.786692977, 0.24729073, -0.655774534, 0.247295752, 0.713305533))
mesh("BlockMesh",Part,"","",Vector3.new(0, 0, 0),Vector3.new(1, 0.429282606, 1))
Part=part(Enum.FormFactor.Symmetric,m,Enum.Material.Slate,0,0,"Really black","Part",Vector3.new(0.373031408, 1.92734933, 0.701169252))
Partweld=weld(m,WIngs,Part,CFrame.new(0, 0, 0, 1, 0, 0, 0, 1, 0, 0, 0, 1),CFrame.new(-4.80215645, 2.86511993, 0.140659332, -0.49999845, 0.565649092, -0.655776381, 0.433012724, -0.492487878, -0.754954159, -0.750001132, -0.661435425, 0.00130999088))
mesh("BlockMesh",Part,"","",Vector3.new(0, 0, 0),Vector3.new(0.659258127, 1, 1))
Part=part(Enum.FormFactor.Symmetric,m,Enum.Material.Slate,0,0,"Really black","Part",Vector3.new(0.373031408, 0.893329322, 0.679436445))
Partweld=weld(m,WIngs,Part,CFrame.new(0, 0, 0, 1, 0, 0, 0, 1, 0, 0, 0, 1),CFrame.new(-4.80046654, -4.2369194, -0.140804291, -0.49999845, 0.565649092, -0.655776381, -0.433012724, 0.492487878, 0.754954159, 0.750001132, 0.661435425, -0.00130999088))
mesh("BlockMesh",Part,"","",Vector3.new(0, 0, 0),Vector3.new(0.619396091, 1, 1))
Part=part(Enum.FormFactor.Symmetric,m,Enum.Material.Slate,0,0,"Really black","Part",Vector3.new(0.373031408, 0.567338467, 0.701169252))
Partweld=weld(m,WIngs,Part,CFrame.new(0, 0, 0, 1, 0, 0, 0, 1, 0, 0, 0, 1),CFrame.new(-4.80215645, -4.90860367, -0.150947571, -0.49999845, 0.565649092, -0.655776381, -0.433012724, 0.492487878, 0.754954159, 0.750001132, 0.661435425, -0.00130999088))
mesh("BlockMesh",Part,"","",Vector3.new(0, 0, 0),Vector3.new(0.659258127, 1, 1))
Part=part(Enum.FormFactor.Symmetric,m,Enum.Material.Slate,0,0,"Really black","Part",Vector3.new(0.373031408, 0.893329322, 0.679436445))
Partweld=weld(m,WIngs,Part,CFrame.new(0, 0, 0, 1, 0, 0, 0, 1, 0, 0, 0, 1),CFrame.new(4.80265999, -4.14035034, -0.33956337, 0.49999845, -0.565649092, 0.655776381, -0.750000596, 0.0957893208, 0.654464483, -0.433013558, -0.819063783, -0.376342565))
mesh("BlockMesh",Part,"","",Vector3.new(0, 0, 0),Vector3.new(0.619396091, 1, 1))
Part=part(Enum.FormFactor.Symmetric,m,Enum.Material.SmoothPlastic,0,0,"Really black","Part",Vector3.new(0.373031408, 0.869309068, 0.701169252))
Partweld=weld(m,WIngs,Part,CFrame.new(0, 0, 0, 1, 0, 0, 0, 1, 0, 0, 0, 1),CFrame.new(-4.80095482, 3.22347641, 0.17275238, -0.49999845, 0.565649092, -0.655776381, 0.433012724, -0.492487878, -0.754954159, -0.750001132, -0.661435425, 0.00130999088))
mesh("BlockMesh",Part,"","",Vector3.new(0, 0, 0),Vector3.new(0.904563606, 1, 1))
Part=part(Enum.FormFactor.Symmetric,m,Enum.Material.Slate,0,0,"Really black","Part",Vector3.new(0.373031408, 0.567338467, 0.701169252))
Partweld=weld(m,WIngs,Part,CFrame.new(0, 0, 0, 1, 0, 0, 0, 1, 0, 0, 0, 1),CFrame.new(4.80094624, -4.81201553, -0.349707603, 0.49999845, -0.565649092, 0.655776381, -0.750000596, 0.0957893208, 0.654464483, -0.433013558, -0.819063783, -0.376342565))
mesh("BlockMesh",Part,"","",Vector3.new(0, 0, 0),Vector3.new(0.659258127, 1, 1))
Part=part(Enum.FormFactor.Symmetric,m,Enum.Material.Slate,0,0,"Really black","Part",Vector3.new(0.373031408, 1.92734933, 0.701169252))
Partweld=weld(m,WIngs,Part,CFrame.new(0, 0, 0, 1, 0, 0, 0, 1, 0, 0, 0, 1),CFrame.new(4.80094624, 2.76852798, 0.339404106, 0.49999845, -0.565649092, 0.655776381, 0.750000596, -0.0957893208, -0.654464483, 0.433013558, 0.819063783, 0.376342565))
mesh("BlockMesh",Part,"","",Vector3.new(0, 0, 0),Vector3.new(0.659258127, 1, 1))
Part=part(Enum.FormFactor.Symmetric,m,Enum.Material.SmoothPlastic,0,0,"Really black","Part",Vector3.new(0.373031408, 0.869309068, 0.701169252))
Partweld=weld(m,WIngs,Part,CFrame.new(0, 0, 0, 1, 0, 0, 0, 1, 0, 0, 0, 1),CFrame.new(-4.80095482, 3.18227959, -0.357192993, -0.49999845, 0.565649092, -0.655776381, -2.98023224e-007, -0.757224619, -0.653154492, -0.866026402, -0.326576054, 0.378611445))
mesh("BlockMesh",Part,"","",Vector3.new(0, 0, 0),Vector3.new(0.904563606, 1, 1))
Part=part(Enum.FormFactor.Symmetric,m,Enum.Material.SmoothPlastic,0,0,"Really black","Part",Vector3.new(0.373031408, 0.869309068, 0.701169252))
Partweld=weld(m,WIngs,Part,CFrame.new(0, 0, 0, 1, 0, 0, 0, 1, 0, 0, 0, 1),CFrame.new(-4.80094719, 3.23778915, -0.0931434631, -0.49999845, 0.565649092, -0.655776381, 0.224142939, -0.646899283, -0.728890419, -0.836517453, -0.511431754, 0.196662545))
mesh("BlockMesh",Part,"","",Vector3.new(0, 0, 0),Vector3.new(0.904563606, 1, 1))
Part=part(Enum.FormFactor.Symmetric,m,Enum.Material.SmoothPlastic,0,0,"Really black","Part",Vector3.new(0.373031408, 0.869309068, 0.701169252))
Partweld=weld(m,WIngs,Part,CFrame.new(0, 0, 0, 1, 0, 0, 0, 1, 0, 0, 0, 1),CFrame.new(-4.80093193, 3.15235138, 0.421354294, -0.49999845, 0.565649092, -0.655776381, 0.612372398, -0.304515153, -0.729568839, -0.61237365, -0.766362667, -0.194130719))
mesh("BlockMesh",Part,"","",Vector3.new(0, 0, 0),Vector3.new(0.904563606, 1, 1))
Part=part(Enum.FormFactor.Symmetric,m,Enum.Material.SmoothPlastic,0,0,"Really black","Part",Vector3.new(0.373031408, 0.869309068, 0.701169252))
Partweld=weld(m,WIngs,Part,CFrame.new(0, 0, 0, 1, 0, 0, 0, 1, 0, 0, 0, 1),CFrame.new(-4.80095387, 3.00566101, 0.650568962, -0.49999845, 0.565649092, -0.655776381, 0.749999642, -0.0957909003, -0.654465079, -0.433014959, -0.819063544, -0.376341343))
mesh("BlockMesh",Part,"","",Vector3.new(0, 0, 0),Vector3.new(0.904563606, 1, 1))
Part=part(Enum.FormFactor.Symmetric,m,Enum.Material.SmoothPlastic,0,0,"Really black","Part",Vector3.new(0.373031408, 0.869309068, 0.701169252))
Partweld=weld(m,WIngs,Part,CFrame.new(0, 0, 0, 1, 0, 0, 0, 1, 0, 0, 0, 1),CFrame.new(-4.80094147, 2.81278229, 0.830840111, -0.49999845, 0.565649092, -0.655776381, 0.836516857, 0.119463086, -0.534760058, -0.224145442, -0.815947115, -0.532906353))
mesh("BlockMesh",Part,"","",Vector3.new(0, 0, 0),Vector3.new(0.904563606, 1, 1))
Part=part(Enum.FormFactor.Symmetric,m,Enum.Material.SmoothPlastic,0,0,"Really black","Part",Vector3.new(0.373031408, 0.869309068, 0.701169252))
Partweld=weld(m,WIngs,Part,CFrame.new(0, 0, 0, 1, 0, 0, 0, 1, 0, 0, 0, 1),CFrame.new(-4.80094433, 2.57622147, 0.953166008, -0.49999845, 0.565649092, -0.655776381, 0.866026282, 0.326575905, -0.378611505, -4.32133675e-007, -0.757224679, -0.653154492))
mesh("BlockMesh",Part,"","",Vector3.new(0, 0, 0),Vector3.new(0.904563606, 1, 1))
Part=part(Enum.FormFactor.Symmetric,m,Enum.Material.Slate,0,0,"Really black","Part",Vector3.new(0.373031408, 1.92734933, 0.701169252))
Partweld=weld(m,WIngs,Part,CFrame.new(0, 0, 0, 1, 0, 0, 0, 1, 0, 0, 0, 1),CFrame.new(0.0128326416, 0.963986397, 2.83012009, 1, -1.86264515e-008, -5.96046448e-008, 1.49011612e-008, 0.997288585, -0.073588416, 2.98023224e-008, 0.0735884532, 0.997288704))
mesh("BlockMesh",Part,"","",Vector3.new(0, 0, 0),Vector3.new(0.659258127, 1, 1))
Part=part(Enum.FormFactor.Symmetric,m,Enum.Material.Slate,0,0,"Really black","Part",Vector3.new(0.373031408, 0.567338467, 0.701169252))
Partweld=weld(m,WIngs,Part,CFrame.new(0, 0, 0, 1, 0, 0, 0, 1, 0, 0, 0, 1),CFrame.new(0.0128173828, -3.00747108, -2.84039688, 1, -1.86264515e-008, -5.96046448e-008, -1.49011612e-008, -0.997288585, 0.073588416, -2.98023224e-008, -0.0735884532, -0.997288704))
mesh("BlockMesh",Part,"","",Vector3.new(0, 0, 0),Vector3.new(0.659258127, 1, 1))
Part=part(Enum.FormFactor.Symmetric,m,Enum.Material.SmoothPlastic,0,0,"Really black","Part",Vector3.new(0.373031408, 0.869309068, 0.701169252))
