
local Player = game.Players.localPlayer
local Character = Player.Character
local Player = game.Players.LocalPlayer
local Character = Player.Character
	local Effects = {}
	local ShootEffects = {}
	local Humanoid = Character.Humanoid
	local mouse = Player:GetMouse()
	local m = Instance.new("Model", Character)
	m.Name = "WeaponModel"
	local LeftArm = Character["Left Arm"]
	local RightArm = Character["Right Arm"]
	local LeftLeg = Character["Left Leg"]
	local RightLeg = Character["Right Leg"]
	local Head = Character.Head
	local Torso = Character.Torso
	local cam = game.Workspace.CurrentCamera
	local RootPart = Character.HumanoidRootPart
	local RootJoint = RootPart.RootJoint
	local equipped = false
	local hobb = 0
	local attack = false
	local Anim = "Idle"
	local idle = 0
	local attacktype = 1
	local Torsovelocity = (RootPart.Velocity * Vector3.new(1, 0, 1)).magnitude
	local velocity = RootPart.Velocity.y
	local sine = 0
	local change = 1
	local grabbed = false
	local cn = CFrame.new
	local mr = math.rad
	local angles = CFrame.Angles
	local ud = UDim2.new
	local c3 = Color3.new
	local Face = Head.face
	Humanoid.Animator.Parent = nil
	Character.Animate.Parent = nil
	local newMotor = function(part0, part1, c0, c1)
	
	local w = Instance.new("Motor", part0)
	w.Part0 = part0
	w.Part1 = part1
	w.C0 = c0
	w.C1 = c1
	return w
end

	clerp = function(a, b, t)
	
	return a:lerp(b, t)
end

	RootCF = CFrame.fromEulerAnglesXYZ(-1.57, 0, 3.14)
	NeckCF = CFrame.new(0, 1, 0, -1, 0, 0, 0, 0, 1, 0, 1, 0)
	local RW = newMotor(Torso, RightArm, CFrame.new(1.5, 0, 0), CFrame.new(0, 0, 0))
	local LW = newMotor(Torso, LeftArm, CFrame.new(-1.5, 0, 0), CFrame.new(0, 0, 0))
	local RH = newMotor(Torso, RightLeg, CFrame.new(0.5, -2, 0), CFrame.new(0, 0, 0))
	local LH = newMotor(Torso, LeftLeg, CFrame.new(-0.5, -2, 0), CFrame.new(0, 0, 0))
	RootJoint.C1 = CFrame.new(0, 0, 0)
	RootJoint.C0 = CFrame.new(0, 0, 0)
	Torso.Neck.C1 = CFrame.new(0, 0, 0)
	Torso.Neck.C0 = CFrame.new(0, 1.5, 0)
	local rarmc1 = RW.C1
	local larmc1 = LW.C1
	local rlegc1 = RH.C1
	local llegc1 = LH.C1
	local resetc1 = false
	PlayAnimationFromTable = function(table, speed, bool)
	
	RootJoint.C0 = clerp(RootJoint.C0, table[1], speed)
	Torso.Neck.C0 = clerp(Torso.Neck.C0, table[2], speed)
	RW.C0 = clerp(RW.C0, table[3], speed)
	LW.C0 = clerp(LW.C0, table[4], speed)
	RH.C0 = clerp(RH.C0, table[5], speed)
	LH.C0 = clerp(LH.C0, table[6], speed)
	if bool == true and resetc1 == false then
		resetc1 = true
		RootJoint.C1 = RootJoint.C1
		Torso.Neck.C1 = Torso.Neck.C1
		RW.C1 = rarmc1
		LW.C1 = larmc1
		RH.C1 = rlegc1
		LH.C1 = llegc1
	end
end

	local co1 = 5
	local co2 = 15
	local co3 = 10
	local co4 = 25
	local cooldown1 = 0
	local cooldown2 = 0
	local cooldown3 = 0
	local cooldown4 = 0
	local skillcolorscheme = BrickColor.new("Bright violet").Color
	local scrn = Instance.new("ScreenGui", Player.PlayerGui)
	makeframe = function(par, trans, pos, size, color)
	
	local frame = Instance.new("Frame", par)
	frame.BackgroundTransparency = trans
	frame.BorderSizePixel = 0
	frame.Position = pos
	frame.Size = size
	frame.BackgroundColor3 = color
	return frame
end

	makelabel = function(par, text)
	
	local label = Instance.new("TextLabel", par)
	label.BackgroundTransparency = 1
	label.Size = UDim2.new(1, 0, 1, 0)
	label.Position = UDim2.new(0, 0, 0, 0)
	label.TextColor3 = Color3.new(255, 255, 255)
	label.TextStrokeTransparency = 0
	label.FontSize = Enum.FontSize.Size32
	label.Font = Enum.Font.SourceSansLight
	label.BorderSizePixel = 0
	label.TextScaled = true
	label.Text = text
end

	framesk1 = makeframe(scrn, 0.5, UDim2.new(0.8, 0, 0.85, 0), UDim2.new(0.16, 0, 0.1, 0), skillcolorscheme)
	framesk2 = makeframe(scrn, 0.5, UDim2.new(0.8, 0, 0.74, 0), UDim2.new(0.16, 0, 0.1, 0), skillcolorscheme)
	framesk3 = makeframe(scrn, 0.5, UDim2.new(0.8, 0, 0.63, 0), UDim2.new(0.16, 0, 0.1, 0), skillcolorscheme)
	framesk4 = makeframe(scrn, 0.5, UDim2.new(0.8, 0, 0.52, 0), UDim2.new(0.16, 0, 0.1, 0), skillcolorscheme)
	bar1 = makeframe(framesk1, 0, UDim2.new(0, 0, 0, 0), UDim2.new(1, 0, 1, 0), skillcolorscheme)
	bar2 = makeframe(framesk2, 0, UDim2.new(0, 0, 0, 0), UDim2.new(1, 0, 1, 0), skillcolorscheme)
	bar3 = makeframe(framesk3, 0, UDim2.new(0, 0, 0, 0), UDim2.new(1, 0, 1, 0), skillcolorscheme)
	bar4 = makeframe(framesk4, 0, UDim2.new(0, 0, 0, 0), UDim2.new(1, 0, 1, 0), skillcolorscheme)
	text1 = Instance.new("TextLabel", framesk1)
	text1.BackgroundTransparency = 1
	text1.Size = UDim2.new(1, 0, 1, 0)
	text1.Position = UDim2.new(0, 0, 0, 0)
	text1.TextColor3 = Color3.new(255, 255, 255)
	text1.TextStrokeTransparency = 0
	text1.FontSize = Enum.FontSize.Size18
	text1.Font = Enum.Font.SourceSansLight
	text1.BorderSizePixel = 0
	text1.TextScaled = true
	text1.Text = "[Z]\n Corrupted Bazooka"
	text2 = Instance.new("TextLabel", framesk2)
	text2.BackgroundTransparency = 1
	text2.Size = UDim2.new(1, 0, 1, 0)
	text2.Position = UDim2.new(0, 0, 0, 0)
	text2.TextColor3 = Color3.new(255, 255, 255)
	text2.TextStrokeTransparency = 0
	text2.FontSize = Enum.FontSize.Size18
	text2.Font = Enum.Font.SourceSansLight
	text2.BorderSizePixel = 0
	text2.TextScaled = true
	text2.Text = "[X]\n Dark Charger"
	text3 = Instance.new("TextLabel", framesk3)
	text3.BackgroundTransparency = 1
	text3.Size = UDim2.new(1, 0, 1, 0)
	text3.Position = UDim2.new(0, 0, 0, 0)
	text3.TextColor3 = Color3.new(255, 255, 255)
	text3.TextStrokeTransparency = 0
	text3.FontSize = Enum.FontSize.Size18
	text3.Font = Enum.Font.SourceSansLight
	text3.BorderSizePixel = 0
	text3.TextScaled = false
	text3.Text = "[C]\n Shadow Cannon"
	text4 = Instance.new("TextLabel", framesk4)
	text4.BackgroundTransparency = 1
	text4.Size = UDim2.new(1, 0, 1, 0)
	text4.Position = UDim2.new(0, 0, 0, 0)
	text4.TextColor3 = Color3.new(255, 255, 255)
	text4.TextStrokeTransparency = 0
	text4.FontSize = Enum.FontSize.Size18
	text4.Font = Enum.Font.SourceSansLight
	text4.BorderSizePixel = 0
	text4.TextScaled = true
	text4.Text = "[V]\n Invincible Nightmare"
	ArtificialHB = Instance.new("BindableEvent", Player.PlayerGui)
	ArtificialHB.Name = "Heartbeat"
	Player.PlayerGui:WaitForChild("Heartbeat")
	frame = 0.033333333333333
	tf = 0
	allowframeloss = false
	tossremainder = false
	lastframe = tick()
	Player.PlayerGui.Heartbeat:Fire()
	local gg = false
	game:GetService("RunService").Heartbeat:connect(function(s, p)
	
	if Player.PlayerGui:FindFirstChild("Heartbeat") == nil then
		gg = true
	end
	if gg == true then
		return 
	end
	tf = tf + s
	if frame <= tf then
		if allowframeloss then
			Player.PlayerGui.Heartbeat:Fire()
			lastframe = tick()
		else
			for i = 1, math.floor(tf / frame) do
				Player.PlayerGui.Heartbeat:Fire()
			end
			lastframe = tick()
		end
		if tossremainder then
			tf = 0
		else
			tf = tf - frame * math.floor(tf / frame)
		end
	end
end
)
	swait = function(num)
	
	if num == 0 or num == nil then
		ArtificialHB.Event:wait()
	else
		for i = 0, num do
			ArtificialHB.Event:wait()
		end
	end
end

	local RbxUtility = LoadLibrary("RbxUtility")
	local Create = RbxUtility.Create
	RemoveOutlines = function(part)
	
	part.TopSurface = 10
end

	CreateSound = function(id, par, vol, pit)
	
	coroutine.resume(coroutine.create(function()
		
		local sou = Instance.new("Sound", par or workspace)
		sou.Volume = vol
		sou.Pitch = pit or 1
		sou.SoundId = id
		swait()
		sou:play()
		game:GetService("Debris"):AddItem(sou, 6)
	end
))
end

	CreatePart = function(Parent, Material, Reflectance, Transparency, BColor, Name, Size)
	
	local Part = Create("Part")({Parent = Parent, Reflectance = Reflectance, Transparency = Transparency, CanCollide = false, Locked = true, BrickColor = BrickColor.new(tostring(BColor)), Name = Name, Size = Size, Material = Material})
	RemoveOutlines(Part)
	return Part
end

	CreateMesh = function(Mesh, Part, MeshType, MeshId, OffSet, Scale)
	
	local Msh = Create(Mesh)({Parent = Part, Offset = OffSet, Scale = Scale})
	if Mesh == "SpecialMesh" then
		Msh.MeshType = MeshType
		Msh.MeshId = MeshId
	end
	return Msh
end

	CreateWeld = function(Parent, Part0, Part1, C0, C1)
	
	local Weld = Create("Weld")({Parent = Parent, Part0 = Part0, Part1 = Part1, C0 = C0, C1 = C1})
	return Weld
end

	Handle = CreatePart(m, Enum.Material.Plastic, 0, 1, "Really black", "Handle", Vector3.new(0.200000003, 0.200000003, 1.10801423))
	HandleWeld = CreateWeld(m, Character["Right Arm"], Handle, CFrame.new(0, 0, 0, 1, 0, 0, 0, 1, 0, 0, 0, 1), CFrame.new(0.0606536865, -1.06880665, -0.053850174, 0.999730885, -0.0130999982, 0.0191449989, -0.0131285042, -0.999912977, 0.00136399036, 0.0191254634, -0.00161496829, -0.999815762))
	CreateMesh("BlockMesh", Handle, "", "", Vector3.new(0, 0, 0), Vector3.new(0.73867619, 0.73867619, 1))
	FakeHandle = CreatePart(m, Enum.Material.Plastic, 0, 1, "Really black", "FakeHandle", Vector3.new(0.200000003, 0.200000003, 1.10801423))
	FakeHandleWeld = CreateWeld(m, Handle, FakeHandle, CFrame.new(0, 0, 0, 1, 0, 0, 0, 1, 0, 0, 0, 1), CFrame.new(0, 0, 0, 1, 9.31322575e-10, 1.86264515e-09, 9.31322575e-10, 1.00000012, 2.91038305e-11, 1.86264515e-09, 2.91038305e-11, 1))
	CreateMesh("BlockMesh", FakeHandle, "", "", Vector3.new(0, 0, 0), Vector3.new(0.73867619, 0.73867619, 1))
	Hitbox = CreatePart(m, Enum.Material.Plastic, 0, 1, "Black", "Hitbox", Vector3.new(6.04899979, 0.200000003, 6.03399992))
	HitboxWeld = CreateWeld(m, FakeHandle, Hitbox, CFrame.new(0, 0, 0, 1, 0, 0, 0, 1, 0, 0, 0, 1), CFrame.new(0.0141906738, 7.62939453e-06, 0.0669403076, -0.275638729, -2.72830948e-06, -0.961261392, -6.43450767e-06, 1.00000012, -9.93430149e-07, 0.961261332, 5.91110438e-06, -0.275638729))
	CreateMesh("BlockMesh", Hitbox, "", "", Vector3.new(0, 0, 0), Vector3.new(1, 0.73867619, 1))
	Part = CreatePart(m, Enum.Material.Plastic, 0, 0, "Really black", "Part", Vector3.new(0.200000003, 0.443205714, 0.598327696))
	PartWeld = CreateWeld(m, FakeHandle, Part, CFrame.new(0, 0, 0, 1, 0, 0, 0, 1, 0, 0, 0, 1), CFrame.new(3.85997009, -1.90734863e-05, 0.0141906738, 0.961260498, 3.64240259e-06, -0.275641471, 3.78582627e-06, -1.00000012, -7.15954229e-09, -0.275641441, -1.03772618e-06, -0.961260557))
	CreateMesh("SpecialMesh", Part, Enum.MeshType.Cylinder, "", Vector3.new(0, 0, 0), Vector3.new(0.99999994, 1, 1))
	Part = CreatePart(m, Enum.Material.Plastic, 0, 0, "Really black", "Part", Vector3.new(0.200000003, 0.443205714, 0.598327696))
	PartWeld = CreateWeld(m, FakeHandle, Part, CFrame.new(0, 0, 0, 1, 0, 0, 0, 1, 0, 0, 0, 1), CFrame.new(-3.84391785, 1.52587891e-05, -0.00863647461, 0.587776005, 2.68220901e-06, -0.809023798, -4.56254929e-06, 1.00000012, -3.49245965e-10, 0.809023738, 3.69176269e-06, 0.587775886))
	CreateMesh("SpecialMesh", Part, Enum.MeshType.Cylinder, "", Vector3.new(0, 0, 0), Vector3.new(0.99999994, 1, 1))
	Part = CreatePart(m, Enum.Material.Plastic, 0, 0, "Really black", "Part", Vector3.new(0.200000003, 0.443205714, 0.598327696))
	PartWeld = CreateWeld(m, FakeHandle, Part, CFrame.new(0, 0, 0, 1, 0, 0, 0, 1, 0, 0, 0, 1), CFrame.new(3.86808014, 2.38418579e-06, 0.00830078125, -0.559193492, -6.94300979e-07, -0.82903707, 4.35858965e-07, 1.00000012, -1.13036367e-06, 0.82903707, -9.90927219e-07, -0.559193552))
	CreateMesh("SpecialMesh", Part, Enum.MeshType.Cylinder, "", Vector3.new(0, 0, 0), Vector3.new(0.99999994, 1, 1))
	Part = CreatePart(m, Enum.Material.Plastic, 0, 0, "Really black", "Part", Vector3.new(0.200000003, 0.443205714, 0.598327696))
	PartWeld = CreateWeld(m, FakeHandle, Part, CFrame.new(0, 0, 0, 1, 0, 0, 0, 1, 0, 0, 0, 1), CFrame.new(-3.86782074, 1.76429749e-05, 0.00863647461, -0.587776005, -2.68220901e-06, 0.809023798, -4.56254929e-06, 1.00000012, -3.49245965e-10, -0.809023738, -3.69176269e-06, -0.587775886))
	CreateMesh("SpecialMesh", Part, Enum.MeshType.Cylinder, "", Vector3.new(0, 0, 0), Vector3.new(0.99999994, 1, 1))
	Part = CreatePart(m, Enum.Material.Plastic, 0, 0, "Really black", "Part", Vector3.new(0.200000003, 0.443205714, 0.598327696))
	PartWeld = CreateWeld(m, FakeHandle, Part, CFrame.new(0, 0, 0, 1, 0, 0, 0, 1, 0, 0, 0, 1), CFrame.new(3.86455536, 2.43186951e-05, -0.0119171143, 0.809012353, 2.03959644e-07, -0.587791741, -1.99023634e-06, 1.00000012, -2.39547808e-06, 0.587791622, 3.10782343e-06, 0.809012353))
	CreateMesh("SpecialMesh", Part, Enum.MeshType.Cylinder, "", Vector3.new(0, 0, 0), Vector3.new(0.99999994, 1, 1))
	Part = CreatePart(m, Enum.Material.Plastic, 0, 0, "Really black", "Part", Vector3.new(0.200000003, 0.443205714, 0.598327696))
	PartWeld = CreateWeld(m, FakeHandle, Part, CFrame.new(0, 0, 0, 1, 0, 0, 0, 1, 0, 0, 0, 1), CFrame.new(3.86489868, 2.33650208e-05, 0.0116729736, -0.788011253, -6.78095967e-06, -0.615660846, -6.26314431e-06, 1.00000012, -2.99766543e-06, 0.615660846, 1.49477273e-06, -0.788011253))
	CreateMesh("SpecialMesh", Part, Enum.MeshType.Cylinder, "", Vector3.new(0, 0, 0), Vector3.new(0.99999994, 1, 1))
	Part = CreatePart(m, Enum.Material.Plastic, 0, 0, "Really black", "Part", Vector3.new(0.200000003, 0.443205714, 0.598327696))
	PartWeld = CreateWeld(m, FakeHandle, Part, CFrame.new(0, 0, 0, 1, 0, 0, 0, 1, 0, 0, 0, 1), CFrame.new(3.85084534, 1.14440918e-05, -0.0139045715, 0.939691484, 5.68572432e-06, 0.342023343, -5.19026071e-06, 1.00000012, -2.36293999e-06, -0.342023402, 4.44706529e-07, 0.939691544))
	CreateMesh("SpecialMesh", Part, Enum.MeshType.Cylinder, "", Vector3.new(0, 0, 0), Vector3.new(0.99999994, 1, 1))
	Part = CreatePart(m, Enum.Material.Plastic, 0, 0, "Really black", "Part", Vector3.new(0.200000003, 0.443205714, 0.598327696))
	PartWeld = CreateWeld(m, FakeHandle, Part, CFrame.new(0, 0, 0, 1, 0, 0, 0, 1, 0, 0, 0, 1), CFrame.new(-3.84367371, 3.0040741e-05, 0.00827026367, -0.559193492, -6.94300979e-07, -0.82903707, 4.35858965e-07, 1.00000012, -1.13036367e-06, 0.82903707, -9.90927219e-07, -0.559193552))
	CreateMesh("SpecialMesh", Part, Enum.MeshType.Cylinder, "", Vector3.new(0, 0, 0), Vector3.new(0.99999994, 1, 1))
	Part = CreatePart(m, Enum.Material.Plastic, 0, 0, "Really black", "Part", Vector3.new(0.200000003, 0.200000003, 1.18188214))
	PartWeld = CreateWeld(m, FakeHandle, Part, CFrame.new(0, 0, 0, 1, 0, 0, 0, 1, 0, 0, 0, 1), CFrame.new(0, 0, 0, 1, 9.31322575e-10, 1.86264515e-09, 9.31322575e-10, 1.00000012, 2.91038305e-11, 1.86264515e-09, 2.91038305e-11, 1))
	CreateMesh("BlockMesh", Part, "", "", Vector3.new(0, 0, 0), Vector3.new(0.73867619, 0.73867619, 1))
	Part = CreatePart(m, Enum.Material.Plastic, 0, 0, "Really black", "Part", Vector3.new(0.200000003, 0.443205714, 0.598327696))
	PartWeld = CreateWeld(m, FakeHandle, Part, CFrame.new(0, 0, 0, 1, 0, 0, 0, 1, 0, 0, 0, 1), CFrame.new(3.86975098, 5.7220459e-06, -0.0050201416, 0.342017025, 2.15275213e-06, -0.939693868, -5.31971455e-06, 1.00000012, 3.5422272e-07, 0.939693809, 4.87826765e-06, 0.342016995))
	CreateMesh("SpecialMesh", Part, Enum.MeshType.Cylinder, "", Vector3.new(0, 0, 0), Vector3.new(0.99999994, 1, 1))
	Part = CreatePart(m, Enum.Material.Plastic, 0, 0, "Really black", "Part", Vector3.new(0.200000003, 0.443205714, 0.598327696))
	PartWeld = CreateWeld(m, FakeHandle, Part, CFrame.new(0, 0, 0, 1, 0, 0, 0, 1, 0, 0, 0, 1), CFrame.new(-3.84202576, 2.38418579e-05, -0.00498962402, 0.342017025, 2.15275213e-06, -0.939693868, -5.31971455e-06, 1.00000012, 3.5422272e-07, 0.939693809, 4.87826765e-06, 0.342016995))
	CreateMesh("SpecialMesh", Part, Enum.MeshType.Cylinder, "", Vector3.new(0, 0, 0), Vector3.new(0.99999994, 1, 1))
	Part = CreatePart(m, Enum.Material.Plastic, 0, 0, "Really black", "Part", Vector3.new(0.200000003, 0.443205714, 0.598327696))
	PartWeld = CreateWeld(m, FakeHandle, Part, CFrame.new(0, 0, 0, 1, 0, 0, 0, 1, 0, 0, 0, 1), CFrame.new(3.87003326, 6.19888306e-06, 0.00411987305, -0.275638729, -2.72830948e-06, -0.961261392, -6.43450767e-06, 1.00000012, -9.93430149e-07, 0.961261332, 5.91110438e-06, -0.275638729))
	CreateMesh("SpecialMesh", Part, Enum.MeshType.Cylinder, "", Vector3.new(0, 0, 0), Vector3.new(0.99999994, 1, 1))
	Part = CreatePart(m, Enum.Material.Plastic, 0, 0, "Really black", "Part", Vector3.new(0.200000003, 0.443205714, 0.598327696))
	PartWeld = CreateWeld(m, FakeHandle, Part, CFrame.new(0, 0, 0, 1, 0, 0, 0, 1, 0, 0, 0, 1), CFrame.new(-3.84115601, 1.90734863e-05, -0.000457763672, 0.0348991975, -1.94690074e-07, -0.999390781, -6.48386776e-06, 1.00000012, -4.21277946e-07, 0.9993909, 6.49411231e-06, 0.034899205))
	CreateMesh("SpecialMesh", Part, Enum.MeshType.Cylinder, "", Vector3.new(0, 0, 0), Vector3.new(0.99999994, 1, 1))
	Part = CreatePart(m, Enum.Material.Plastic, 0, 0, "Really black", "Part", Vector3.new(0.200000003, 0.443205714, 0.598327696))
	PartWeld = CreateWeld(m, FakeHandle, Part, CFrame.new(0, 0, 0, 1, 0, 0, 0, 1, 0, 0, 0, 1), CFrame.new(-3.84715271, -1.28746033e-05, -0.0119247437, 0.809012353, 2.03959644e-07, -0.587791741, -1.99023634e-06, 1.00000012, -2.39547808e-06, 0.587791622, 3.10782343e-06, 0.809012353))
	CreateMesh("SpecialMesh", Part, Enum.MeshType.Cylinder, "", Vector3.new(0, 0, 0), Vector3.new(0.99999994, 1, 1))
	Part = CreatePart(m, Enum.Material.Plastic, 0, 0, "Really black", "Part", Vector3.new(0.200000003, 0.443205714, 0.598327696))
	PartWeld = CreateWeld(m, FakeHandle, Part, CFrame.new(0, 0, 0, 1, 0, 0, 0, 1, 0, 0, 0, 1), CFrame.new(-3.84683228, 5.7220459e-06, 0.0116577148, -0.788011253, -6.78095967e-06, -0.615660846, -6.26314431e-06, 1.00000012, -2.99766543e-06, 0.615660846, 1.49477273e-06, -0.788011253))
	CreateMesh("SpecialMesh", Part, Enum.MeshType.Cylinder, "", Vector3.new(0, 0, 0), Vector3.new(0.99999994, 1, 1))
	Part = CreatePart(m, Enum.Material.Plastic, 0, 0, "Really black", "Part", Vector3.new(0.200000003, 0.443205714, 0.598327696))
	PartWeld = CreateWeld(m, FakeHandle, Part, CFrame.new(0, 0, 0, 1, 0, 0, 0, 1, 0, 0, 0, 1), CFrame.new(-3.85539246, -9.53674316e-07, 0.0147705078, -0.99939096, -8.62684101e-06, -0.0348977856, -8.62590969e-06, 1.00000012, -1.76834874e-07, 0.0348977894, 1.24389771e-07, -0.9993909))
	CreateMesh("SpecialMesh", Part, Enum.MeshType.Cylinder, "", Vector3.new(0, 0, 0), Vector3.new(0.99999994, 1, 1))
	Part = CreatePart(m, Enum.Material.Plastic, 0, 0, "Really black", "Part", Vector3.new(0.200000003, 0.443205714, 0.598327696))
	PartWeld = CreateWeld(m, FakeHandle, Part, CFrame.new(0, 0, 0, 1, 0, 0, 0, 1, 0, 0, 0, 1), CFrame.new(3.85174561, 9.05990601e-06, 0.0141448975, -0.961260498, -3.64240259e-06, 0.275641471, -3.78582627e-06, 1.00000012, 7.15954229e-09, -0.275641441, -1.03772618e-06, -0.961260557))
	CreateMesh("SpecialMesh", Part, Enum.MeshType.Cylinder, "", Vector3.new(0, 0, 0), Vector3.new(0.99999994, 1, 1))
	Part = CreatePart(m, Enum.Material.Plastic, 0, 0, "Really black", "Part", Vector3.new(0.200000003, 0.443205714, 0.598327696))
	PartWeld = CreateWeld(m, FakeHandle, Part, CFrame.new(0, 0, 0, 1, 0, 0, 0, 1, 0, 0, 0, 1), CFrame.new(-3.84172058, 7.62939453e-06, 0.00410461426, -0.275638729, -2.72830948e-06, -0.961261392, -6.43450767e-06, 1.00000012, -9.93430149e-07, 0.961261332, 5.91110438e-06, -0.275638729))
	CreateMesh("SpecialMesh", Part, Enum.MeshType.Cylinder, "", Vector3.new(0, 0, 0), Vector3.new(0.99999994, 1, 1))
	Part = CreatePart(m, Enum.Material.Plastic, 0, 0, "Really black", "Part", Vector3.new(0.200000003, 0.443205714, 0.598327696))
	PartWeld = CreateWeld(m, FakeHandle, Part, CFrame.new(0, 0, 0, 1, 0, 0, 0, 1, 0, 0, 0, 1), CFrame.new(3.87061691, -3.33786011e-06, -0.00048828125, 0.0348991975, -1.94690074e-07, -0.999390781, -6.48386776e-06, 1.00000012, -4.21277946e-07, 0.9993909, 6.49411231e-06, 0.034899205))
	CreateMesh("SpecialMesh", Part, Enum.MeshType.Cylinder, "", Vector3.new(0, 0, 0), Vector3.new(0.99999994, 1, 1))
	Part = CreatePart(m, Enum.Material.Plastic, 0, 0, "Eggplant", "Part", Vector3.new(0.317630798, 0.443205714, 0.598327696))
	PartWeld = CreateWeld(m, FakeHandle, Part, CFrame.new(0, 0, 0, 1, 0, 0, 0, 1, 0, 0, 0, 1), CFrame.new(-0.0119552612, 1.28746033e-05, -3.94950104, 0.587784708, 9.48831439e-06, 0.809017479, -8.12485814e-06, 1.00000012, -5.82361827e-06, -0.809017539, -3.14880162e-06, 0.587784648))
	CreateMesh("SpecialMesh", Part, Enum.MeshType.FileMesh, "http://www.roblox.com/Asset/?id=9756362", Vector3.new(0, 0, 0), Vector3.new(0.369338065, 0.369338065, 0.738676131))
	Part = CreatePart(m, Enum.Material.Plastic, 0, 0, "Eggplant", "Part", Vector3.new(0.317630798, 0.443205714, 0.598327696))
	PartWeld = CreateWeld(m, FakeHandle, Part, CFrame.new(0, 0, 0, 1, 0, 0, 0, 1, 0, 0, 0, 1), CFrame.new(-0.00859069824, 1.62124634e-05, 3.92887115, 0.809015155, 4.64636832e-06, 0.587787926, -5.60190529e-06, 1.00000012, -1.93627784e-07, -0.587787926, -3.13622877e-06, 0.809015155))
	CreateMesh("SpecialMesh", Part, Enum.MeshType.FileMesh, "http://www.roblox.com/Asset/?id=9756362", Vector3.new(0, 0, 0), Vector3.new(0.369338065, 0.369338065, 0.738676131))
	Part = CreatePart(m, Enum.Material.Plastic, 0, 0, "Eggplant", "Part", Vector3.new(0.317630798, 0.443205714, 0.598327696))
	PartWeld = CreateWeld(m, FakeHandle, Part, CFrame.new(0, 0, 0, 1, 0, 0, 0, 1, 0, 0, 0, 1), CFrame.new(-0.00868225098, -2.86102295e-06, -3.95278168, 0.809015155, 4.64636832e-06, 0.587787926, -5.60190529e-06, 1.00000012, -1.93627784e-07, -0.587787926, -3.13622877e-06, 0.809015155))
	CreateMesh("SpecialMesh", Part, Enum.MeshType.FileMesh, "http://www.roblox.com/Asset/?id=9756362", Vector3.new(0, 0, 0), Vector3.new(0.369338065, 0.369338065, 0.738676131))
	Part = CreatePart(m, Enum.Material.Plastic, 0, 0, "Eggplant", "Part", Vector3.new(0.317630798, 0.443205714, 0.598327696))
	PartWeld = CreateWeld(m, FakeHandle, Part, CFrame.new(0, 0, 0, 1, 0, 0, 0, 1, 0, 0, 0, 1), CFrame.new(-0.000473022461, 1.14440918e-05, -3.95556831, 0.99939096, 8.62684101e-06, 0.0348977856, -8.62590969e-06, 1.00000012, -1.76834874e-07, -0.0348977894, -1.24389771e-07, 0.9993909))
	CreateMesh("SpecialMesh", Part, Enum.MeshType.FileMesh, "http://www.roblox.com/Asset/?id=9756362", Vector3.new(0, 0, 0), Vector3.new(0.369338065, 0.369338065, 0.738676131))
	Part = CreatePart(m, Enum.Material.Plastic, 0, 0, "Eggplant", "Part", Vector3.new(0.317630798, 0.443205714, 0.598327696))
	PartWeld = CreateWeld(m, FakeHandle, Part, CFrame.new(0, 0, 0, 1, 0, 0, 0, 1, 0, 0, 0, 1), CFrame.new(0.0117034912, 0, -3.94985962, 0.615653992, 3.55765224e-06, -0.788016558, -4.55323607e-06, 1.00000012, 9.56177246e-07, 0.788016617, 2.99792737e-06, 0.615653992))
	CreateMesh("SpecialMesh", Part, Enum.MeshType.FileMesh, "http://www.roblox.com/Asset/?id=9756362", Vector3.new(0, 0, 0), Vector3.new(0.369338065, 0.369338065, 0.738676131))
	Part = CreatePart(m, Enum.Material.Plastic, 0, 0, "Eggplant", "Part", Vector3.new(0.317630798, 0.443205714, 0.598327696))
	PartWeld = CreateWeld(m, FakeHandle, Part, CFrame.new(0, 0, 0, 1, 0, 0, 0, 1, 0, 0, 0, 1), CFrame.new(0.013874054, 1.14440918e-05, 3.93579102, 0.342017025, 2.15275213e-06, -0.939693868, -5.31971455e-06, 1.00000012, 3.5422272e-07, 0.939693809, 4.87826765e-06, 0.342016995))
	CreateMesh("SpecialMesh", Part, Enum.MeshType.FileMesh, "http://www.roblox.com/Asset/?id=9756362", Vector3.new(0, 0, 0), Vector3.new(0.369338065, 0.369338065, 0.738676131))
	Part = CreatePart(m, Enum.Material.Plastic, 0, 0, "Eggplant", "Part", Vector3.new(0.317630798, 0.443205714, 0.598327696))
	PartWeld = CreateWeld(m, FakeHandle, Part, CFrame.new(0, 0, 0, 1, 0, 0, 0, 1, 0, 0, 0, 1), CFrame.new(0.00407409668, 1.09672546e-05, 3.92666626, 0.961259723, 6.65895641e-06, -0.275644481, -7.27362931e-06, 1.00000012, -1.21051562e-06, 0.275644451, 3.16882506e-06, 0.961259663))
	CreateMesh("SpecialMesh", Part, Enum.MeshType.FileMesh, "http://www.roblox.com/Asset/?id=9756362", Vector3.new(0, 0, 0), Vector3.new(0.369338065, 0.369338065, 0.738676131))
	Part = CreatePart(m, Enum.Material.Plastic, 0, 0, "Eggplant", "Part", Vector3.new(0.317630798, 0.443205714, 0.598327696))
	PartWeld = CreateWeld(m, FakeHandle, Part, CFrame.new(0, 0, 0, 1, 0, 0, 0, 1, 0, 0, 0, 1), CFrame.new(0.0147628784, 4.29153442e-06, 3.94032288, 0.0348991975, -1.94690074e-07, -0.999390781, -6.48386776e-06, 1.00000012, -4.21277946e-07, 0.9993909, 6.49411231e-06, 0.034899205))
	CreateMesh("SpecialMesh", Part, Enum.MeshType.FileMesh, "http://www.roblox.com/Asset/?id=9756362", Vector3.new(0, 0, 0), Vector3.new(0.369338065, 0.369338065, 0.738676131))
	Part = CreatePart(m, Enum.Material.Plastic, 0, 0, "Really black", "Part", Vector3.new(0.200000003, 0.200000003, 0.443205714))
	PartWeld = CreateWeld(m, FakeHandle, Part, CFrame.new(0, 0, 0, 1, 0, 0, 0, 1, 0, 0, 0, 1), CFrame.new(-0.0704994202, 1.23977661e-05, 0.763931274, -0.207910523, -4.69619408e-06, -0.978147805, -6.49597496e-06, 1.00000012, -3.42010753e-06, 0.978147864, 5.6438148e-06, -0.207910508))
	CreateMesh("BlockMesh", Part, "", "", Vector3.new(0, 0, 0), Vector3.new(0.73867619, 0.73867619, 1))
	Part = CreatePart(m, Enum.Material.Plastic, 0, 0, "Really black", "Part", Vector3.new(0.200000003, 0.200000003, 0.443205714))
	PartWeld = CreateWeld(m, FakeHandle, Part, CFrame.new(0, 0, 0, 1, 0, 0, 0, 1, 0, 0, 0, 1), CFrame.new(-0.0730209351, 9.53674316e-06, 0.769554138, -0.587784708, -9.48831439e-06, -0.809017479, -8.12485814e-06, 1.00000012, -5.82361827e-06, 0.809017539, 3.14880162e-06, -0.587784648))
	CreateMesh("BlockMesh", Part, "", "", Vector3.new(0, 0, 0), Vector3.new(0.73867619, 0.73867619, 1))
	Part = CreatePart(m, Enum.Material.Plastic, 0, 0, "Really black", "Part", Vector3.new(0.200000003, 0.200000003, 0.443205714))
	PartWeld = CreateWeld(m, FakeHandle, Part, CFrame.new(0, 0, 0, 1, 0, 0, 0, 1, 0, 0, 0, 1), CFrame.new(-0.0780181885, 4.00543213e-05, 0.773895264, -0.882944465, -5.23682684e-06, -0.469477326, -4.31761146e-06, 1.00000012, -3.0323281e-06, 0.469477355, -6.50528818e-07, -0.882944584))
	CreateMesh("BlockMesh", Part, "", "", Vector3.new(0, 0, 0), Vector3.new(0.73867619, 0.73867619, 1))
	Part = CreatePart(m, Enum.Material.Plastic, 0, 0, "Really black", "Part", Vector3.new(0.200000003, 0.200000003, 0.443205714))
	PartWeld = CreateWeld(m, FakeHandle, Part, CFrame.new(0, 0, 0, 1, 0, 0, 0, 1, 0, 0, 0, 1), CFrame.new(0.0849456787, 1.1920929e-05, -0.775592804, 1, 9.31322575e-10, 1.86264515e-09, 9.31322575e-10, 1.00000012, 2.91038305e-11, 1.86264515e-09, 2.91038305e-11, 1))
	CreateMesh("BlockMesh", Part, "", "", Vector3.new(0, 0, 0), Vector3.new(0.73867619, 0.73867619, 1))
	Part = CreatePart(m, Enum.Material.Plastic, 0, 0, "Eggplant", "Part", Vector3.new(0.317630798, 0.443205714, 0.598327696))
	PartWeld = CreateWeld(m, FakeHandle, Part, CFrame.new(0, 0, 0, 1, 0, 0, 0, 1, 0, 0, 0, 1), CFrame.new(0.0138931274, 1.14440918e-05, -3.94581604, 0.342017025, 2.15275213e-06, -0.939693868, -5.31971455e-06, 1.00000012, 3.5422272e-07, 0.939693809, 4.87826765e-06, 0.342016995))
	CreateMesh("SpecialMesh", Part, Enum.MeshType.FileMesh, "http://www.roblox.com/Asset/?id=9756362", Vector3.new(0, 0, 0), Vector3.new(0.369338065, 0.369338065, 0.738676131))
	Part = CreatePart(m, Enum.Material.Plastic, 0, 0, "Eggplant", "Part", Vector3.new(0.317630798, 0.443205714, 0.598327696))
	PartWeld = CreateWeld(m, FakeHandle, Part, CFrame.new(0, 0, 0, 1, 0, 0, 0, 1, 0, 0, 0, 1), CFrame.new(0.0141906738, -2.86102295e-06, 3.94491577, -0.275638729, -2.72830948e-06, -0.961261392, -6.43450767e-06, 1.00000012, -9.93430149e-07, 0.961261332, 5.91110438e-06, -0.275638729))
	CreateMesh("SpecialMesh", Part, Enum.MeshType.FileMesh, "http://www.roblox.com/Asset/?id=9756362", Vector3.new(0, 0, 0), Vector3.new(0.369338065, 0.369338065, 0.738676131))
	Part = CreatePart(m, Enum.Material.Plastic, 0, 0, "Really black", "Part", Vector3.new(0.200000003, 0.200000003, 0.443205714))
	PartWeld = CreateWeld(m, FakeHandle, Part, CFrame.new(0, 0, 0, 1, 0, 0, 0, 1, 0, 0, 0, 1), CFrame.new(0.0914611816, 1.38282776e-05, -0.77407074, 0.898792446, 4.78886068e-06, -0.438374549, -5.40539622e-06, 1.00000012, -1.58092007e-07, 0.438374519, 2.51177698e-06, 0.898792386))
	CreateMesh("BlockMesh", Part, "", "", Vector3.new(0, 0, 0), Vector3.new(0.73867619, 0.73867619, 1))
	Part = CreatePart(m, Enum.Material.Plastic, 0, 0, "Eggplant", "Part", Vector3.new(0.317630798, 0.443205714, 0.598327696))
	PartWeld = CreateWeld(m, FakeHandle, Part, CFrame.new(0, 0, 0, 1, 0, 0, 0, 1, 0, 0, 0, 1), CFrame.new(-0.000457763672, 1.23977661e-05, 3.92610168, 0.99939096, 8.62684101e-06, 0.0348977856, -8.62590969e-06, 1.00000012, -1.76834874e-07, -0.0348977894, -1.24389771e-07, 0.9993909))
	CreateMesh("SpecialMesh", Part, Enum.MeshType.FileMesh, "http://www.roblox.com/Asset/?id=9756362", Vector3.new(0, 0, 0), Vector3.new(0.369338065, 0.369338065, 0.738676131))
	Part = CreatePart(m, Enum.Material.Plastic, 0, 0, "Really black", "Part", Vector3.new(0.200000003, 0.200000003, 0.443205714))
	PartWeld = CreateWeld(m, FakeHandle, Part, CFrame.new(0, 0, 0, 1, 0, 0, 0, 1, 0, 0, 0, 1), CFrame.new(-0.070602417, 1.57356262e-05, 0.757293701, 0.241917431, 2.88034789e-06, -0.97029686, -7.35372305e-06, 1.00000012, 1.13470014e-06, 0.97029686, 6.86012208e-06, 0.241917446))
	CreateMesh("BlockMesh", Part, "", "", Vector3.new(0, 0, 0), Vector3.new(0.73867619, 0.73867619, 1))
	Part = CreatePart(m, Enum.Material.Plastic, 0, 0, "Really black", "Part", Vector3.new(0.200000003, 0.200000003, 0.443205714))
	PartWeld = CreateWeld(m, FakeHandle, Part, CFrame.new(0, 0, 0, 1, 0, 0, 0, 1, 0, 0, 0, 1), CFrame.new(0.0992660522, -3.81469727e-06, -0.764343262, 0.241917431, 2.88034789e-06, -0.97029686, -7.35372305e-06, 1.00000012, 1.13470014e-06, 0.97029686, 6.86012208e-06, 0.241917446))
	CreateMesh("BlockMesh", Part, "", "", Vector3.new(0, 0, 0), Vector3.new(0.73867619, 0.73867619, 1))
	Part = CreatePart(m, Enum.Material.Plastic, 0, 0, "Really black", "Part", Vector3.new(0.200000003, 0.200000003, 0.443205714))
	PartWeld = CreateWeld(m, FakeHandle, Part, CFrame.new(0, 0, 0, 1, 0, 0, 0, 1, 0, 0, 0, 1), CFrame.new(0.0993690491, 1.43051147e-05, -0.757736206, -0.207910523, -4.69619408e-06, -0.978147805, -6.49597496e-06, 1.00000012, -3.42010753e-06, 0.978147864, 5.6438148e-06, -0.207910508))
	CreateMesh("BlockMesh", Part, "", "", Vector3.new(0, 0, 0), Vector3.new(0.73867619, 0.73867619, 1))
	Part = CreatePart(m, Enum.Material.Plastic, 0, 0, "Eggplant", "Part", Vector3.new(0.317630798, 0.443205714, 0.598327696))
	PartWeld = CreateWeld(m, FakeHandle, Part, CFrame.new(0, 0, 0, 1, 0, 0, 0, 1, 0, 0, 0, 1), CFrame.new(0.00826263428, 6.67572021e-06, 3.92862701, 0.829033315, 8.75815749e-06, -0.559199274, -9.8599121e-06, 1, 1.04334322e-06, 0.559199214, 4.64823097e-06, 0.829033256))
	CreateMesh("SpecialMesh", Part, Enum.MeshType.FileMesh, "http://www.roblox.com/Asset/?id=9756362", Vector3.new(0, 0, 0), Vector3.new(0.369338065, 0.369338065, 0.738676131))
	Part = CreatePart(m, Enum.Material.Plastic, 0, 0, "Eggplant", "Part", Vector3.new(0.317630798, 0.443205714, 0.598327696))
	PartWeld = CreateWeld(m, FakeHandle, Part, CFrame.new(0, 0, 0, 1, 0, 0, 0, 1, 0, 0, 0, 1), CFrame.new(0.0147399902, 5.7220459e-06, -3.94126892, 0.0348991975, -1.94690074e-07, -0.999390781, -6.48386776e-06, 1.00000012, -4.21277946e-07, 0.9993909, 6.49411231e-06, 0.034899205))
	CreateMesh("SpecialMesh", Part, Enum.MeshType.FileMesh, "http://www.roblox.com/Asset/?id=9756362", Vector3.new(0, 0, 0), Vector3.new(0.369338065, 0.369338065, 0.738676131))
	Part = CreatePart(m, Enum.Material.Plastic, 0, 0, "Really black", "Part", Vector3.new(0.200000003, 0.200000003, 0.443205714))
	PartWeld = CreateWeld(m, FakeHandle, Part, CFrame.new(0, 0, 0, 1, 0, 0, 0, 1, 0, 0, 0, 1), CFrame.new(0.0968551636, 2.05039978e-05, -0.752113342, -0.587784708, -9.48831439e-06, -0.809017479, -8.12485814e-06, 1.00000012, -5.82361827e-06, 0.809017539, 3.14880162e-06, -0.587784648))
	CreateMesh("BlockMesh", Part, "", "", Vector3.new(0, 0, 0), Vector3.new(0.73867619, 0.73867619, 1))
	Part = CreatePart(m, Enum.Material.Plastic, 0, 0, "Really black", "Part", Vector3.new(0.200000003, 0.200000003, 0.590941012))
	PartWeld = CreateWeld(m, FakeHandle, Part, CFrame.new(0, 0, 0, 1, 0, 0, 0, 1, 0, 0, 0, 1), CFrame.new(0.0918121338, 9.05990601e-06, -0.821632385, -0.882944465, -5.23682684e-06, -0.469477326, -4.31761146e-06, 1.00000012, -3.0323281e-06, 0.469477355, -6.50528818e-07, -0.882944584))
	CreateMesh("BlockMesh", Part, "", "", Vector3.new(0, 0, 0), Vector3.new(0.73867619, 0.73867619, 1))
	Part = CreatePart(m, Enum.Material.Plastic, 0, 0, "Eggplant", "Part", Vector3.new(0.317630798, 0.443205714, 0.598327696))
	PartWeld = CreateWeld(m, FakeHandle, Part, CFrame.new(0, 0, 0, 1, 0, 0, 0, 1, 0, 0, 0, 1), CFrame.new(-0.00497436523, 1.90734863e-06, 3.92697525, 0.939691484, 5.68572432e-06, 0.342023343, -5.19026071e-06, 1.00000012, -2.36293999e-06, -0.342023402, 4.44706529e-07, 0.939691544))
	CreateMesh("SpecialMesh", Part, Enum.MeshType.FileMesh, "http://www.roblox.com/Asset/?id=9756362", Vector3.new(0, 0, 0), Vector3.new(0.369338065, 0.369338065, 0.738676131))
	Part = CreatePart(m, Enum.Material.Plastic, 0, 0, "Really black", "Part", Vector3.new(0.200000003, 0.443205714, 0.598327696))
	PartWeld = CreateWeld(m, FakeHandle, Part, CFrame.new(0, 0, 0, 1, 0, 0, 0, 1, 0, 0, 0, 1), CFrame.new(3.8608551, 2.28881836e-05, 0.0138702393, -0.939691484, -5.68572432e-06, -0.342023343, -5.19026071e-06, 1.00000012, -2.36293999e-06, 0.342023402, -4.44706529e-07, -0.939691544))
	CreateMesh("SpecialMesh", Part, Enum.MeshType.Cylinder, "", Vector3.new(0, 0, 0), Vector3.new(0.99999994, 1, 1))
	Part = CreatePart(m, Enum.Material.Plastic, 0, 0, "Eggplant", "Part", Vector3.new(0.317630798, 0.443205714, 0.598327696))
	PartWeld = CreateWeld(m, FakeHandle, Part, CFrame.new(0, 0, 0, 1, 0, 0, 0, 1, 0, 0, 0, 1), CFrame.new(0.00832366943, 1.1920929e-05, -3.95301819, 0.829033315, 8.75815749e-06, -0.559199274, -9.8599121e-06, 1, 1.04334322e-06, 0.559199214, 4.64823097e-06, 0.829033256))
	CreateMesh("SpecialMesh", Part, Enum.MeshType.FileMesh, "http://www.roblox.com/Asset/?id=9756362", Vector3.new(0, 0, 0), Vector3.new(0.369338065, 0.369338065, 0.738676131))
	Part = CreatePart(m, Enum.Material.Plastic, 0, 0, "Eggplant", "Part", Vector3.new(0.317630798, 0.443205714, 0.598327696))
	PartWeld = CreateWeld(m, FakeHandle, Part, CFrame.new(0, 0, 0, 1, 0, 0, 0, 1, 0, 0, 0, 1), CFrame.new(0.00410461426, 1.33514404e-05, -3.95498657, 0.961259723, 6.65895641e-06, -0.275644481, -7.27362931e-06, 1.00000012, -1.21051562e-06, 0.275644451, 3.16882506e-06, 0.961259663))
	CreateMesh("SpecialMesh", Part, Enum.MeshType.FileMesh, "http://www.roblox.com/Asset/?id=9756362", Vector3.new(0, 0, 0), Vector3.new(0.369338065, 0.369338065, 0.738676131))
	Part = CreatePart(m, Enum.Material.Plastic, 0, 0, "Eggplant", "Part", Vector3.new(0.317630798, 0.443205714, 0.598327696))
	PartWeld = CreateWeld(m, FakeHandle, Part, CFrame.new(0, 0, 0, 1, 0, 0, 0, 1, 0, 0, 0, 1), CFrame.new(0.0141601563, 1.85966492e-05, -3.93669128, -0.275638729, -2.72830948e-06, -0.961261392, -6.43450767e-06, 1.00000012, -9.93430149e-07, 0.961261332, 5.91110438e-06, -0.275638729))
	CreateMesh("SpecialMesh", Part, Enum.MeshType.FileMesh, "http://www.roblox.com/Asset/?id=9756362", Vector3.new(0, 0, 0), Vector3.new(0.369338065, 0.369338065, 0.738676131))
	Part = CreatePart(m, Enum.Material.Plastic, 0, 0, "Really black", "Part", Vector3.new(0.200000003, 0.443205714, 0.598327696))
	PartWeld = CreateWeld(m, FakeHandle, Part, CFrame.new(0, 0, 0, 1, 0, 0, 0, 1, 0, 0, 0, 1), CFrame.new(3.85630798, 1.62124634e-05, 0.0147399902, -0.99939096, -8.62684101e-06, -0.0348977856, -8.62590969e-06, 1.00000012, -1.76834874e-07, 0.0348977894, 1.24389771e-07, -0.9993909))
	CreateMesh("SpecialMesh", Part, Enum.MeshType.Cylinder, "", Vector3.new(0, 0, 0), Vector3.new(0.99999994, 1, 1))
	Part = CreatePart(m, Enum.Material.Plastic, 0, 0, "Eggplant", "Part", Vector3.new(0.317630798, 0.443205714, 0.598327696))
	PartWeld = CreateWeld(m, FakeHandle, Part, CFrame.new(0, 0, 0, 1, 0, 0, 0, 1, 0, 0, 0, 1), CFrame.new(-0.00503540039, 1.23977661e-05, -3.9547081, 0.939691484, 5.68572432e-06, 0.342023343, -5.19026071e-06, 1.00000012, -2.36293999e-06, -0.342023402, 4.44706529e-07, 0.939691544))
	CreateMesh("SpecialMesh", Part, Enum.MeshType.FileMesh, "http://www.roblox.com/Asset/?id=9756362", Vector3.new(0, 0, 0), Vector3.new(0.369338065, 0.369338065, 0.738676131))
	Part = CreatePart(m, Enum.Material.Plastic, 0, 0, "Eggplant", "Part", Vector3.new(0.317630798, 0.443205714, 0.598327696))
	PartWeld = CreateWeld(m, FakeHandle, Part, CFrame.new(0, 0, 0, 1, 0, 0, 0, 1, 0, 0, 0, 1), CFrame.new(0.0116043091, 1.23977661e-05, 3.93174744, 0.615653992, 3.55765224e-06, -0.788016558, -4.55323607e-06, 1.00000012, 9.56177246e-07, 0.788016617, 2.99792737e-06, 0.615653992))
	CreateMesh("SpecialMesh", Part, Enum.MeshType.FileMesh, "http://www.roblox.com/Asset/?id=9756362", Vector3.new(0, 0, 0), Vector3.new(0.369338065, 0.369338065, 0.738676131))
	Part = CreatePart(m, Enum.Material.Plastic, 0, 0, "Eggplant", "Part", Vector3.new(0.317630798, 0.443205714, 0.598327696))
	PartWeld = CreateWeld(m, FakeHandle, Part, CFrame.new(0, 0, 0, 1, 0, 0, 0, 1, 0, 0, 0, 1), CFrame.new(-0.0118484497, 7.15255737e-06, 3.93209076, 0.587784708, 9.48831439e-06, 0.809017479, -8.12485814e-06, 1.00000012, -5.82361827e-06, -0.809017539, -3.14880162e-06, 0.587784648))
	CreateMesh("SpecialMesh", Part, Enum.MeshType.FileMesh, "http://www.roblox.com/Asset/?id=9756362", Vector3.new(0, 0, 0), Vector3.new(0.369338065, 0.369338065, 0.738676131))
	Part = CreatePart(m, Enum.Material.Plastic, 0, 0, "Really black", "Part", Vector3.new(0.317630887, 0.200000003, 0.200000003))
	PartWeld = CreateWeld(m, FakeHandle, Part, CFrame.new(0, 0, 0, 1, 0, 0, 0, 1, 0, 0, 0, 1), CFrame.new(3.05175781e-05, 1.76429749e-05, 0.598358154, 1, 9.31322575e-10, 1.86264515e-09, 9.31322575e-10, 1.00000012, 2.91038305e-11, 1.86264515e-09, 2.91038305e-11, 1))
	CreateMesh("BlockMesh", Part, "", "", Vector3.new(0, 0, 0), Vector3.new(1, 0.73867619, 0.73867619))
	Part = CreatePart(m, Enum.Material.Plastic, 0, 0, "Really black", "Part", Vector3.new(0.317630827, 0.200000003, 0.200000003))
	PartWeld = CreateWeld(m, FakeHandle, Part, CFrame.new(0, 0, 0, 1, 0, 0, 0, 1, 0, 0, 0, 1), CFrame.new(0.0143203735, 1.38282776e-05, -0.616622925, 0.241917431, 2.88034789e-06, -0.97029686, -7.35372305e-06, 1.00000012, 1.13470014e-06, 0.97029686, 6.86012208e-06, 0.241917446))
	CreateMesh("BlockMesh", Part, "", "", Vector3.new(0, 0, 0), Vector3.new(1, 0.73867619, 0.73867619))
	Part = CreatePart(m, Enum.Material.Plastic, 0, 0, "Really black", "Part", Vector3.new(0.317630887, 0.200000003, 0.200000003))
	PartWeld = CreateWeld(m, FakeHandle, Part, CFrame.new(0, 0, 0, 1, 0, 0, 0, 1, 0, 0, 0, 1), CFrame.new(0.00648498535, 1.66893005e-05, 0.599876404, 0.898792446, 4.78886068e-06, -0.438374549, -5.40539622e-06, 1.00000012, -1.58092007e-07, 0.438374519, 2.51177698e-06, 0.898792386))
	CreateMesh("BlockMesh", Part, "", "", Vector3.new(0, 0, 0), Vector3.new(1, 0.73867619, 0.73867619))
	Part = CreatePart(m, Enum.Material.Plastic, 0, 0, "Really black", "Part", Vector3.new(0.317630887, 0.200000003, 0.200000003))
	PartWeld = CreateWeld(m, FakeHandle, Part, CFrame.new(0, 0, 0, 1, 0, 0, 0, 1, 0, 0, 0, 1), CFrame.new(0.0144615173, 9.53674316e-06, 0.61618042, -0.207910523, -4.69619408e-06, -0.978147805, -6.49597496e-06, 1.00000012, -3.42010753e-06, 0.978147864, 5.6438148e-06, -0.207910508))
	CreateMesh("BlockMesh", Part, "", "", Vector3.new(0, 0, 0), Vector3.new(1, 0.73867619, 0.73867619))
	Part = CreatePart(m, Enum.Material.Plastic, 0, 0, "Really black", "Part", Vector3.new(0.200000003, 0.200000003, 2.22341561))
	PartWeld = CreateWeld(m, FakeHandle, Part, CFrame.new(0, 0, 0, 1, 0, 0, 0, 1, 0, 0, 0, 1), CFrame.new(0.0254669189, 1.09672546e-05, 2.24623871, -0.529915392, -5.53671271e-06, -0.848050594, -7.79144466e-06, 1.00000012, -1.66005339e-06, 0.848050535, 5.72763383e-06, -0.529915333))
	CreateMesh("BlockMesh", Part, "", "", Vector3.new(0, 0, 0), Vector3.new(0.73867619, 0.73867619, 1))
	Part = CreatePart(m, Enum.Material.Plastic, 0, 0, "Really black", "Part", Vector3.new(0.317630887, 0.200000003, 0.200000003))
