props = {
{"Part", "Body", BrickColor.new("White"), Enum.Material.SmoothPlastic, 0.5, 0.5, true, Enum.FormFactor.Custom, Enum.PartType.Block, Vector3.new(0.400000006, 2.60000038, 8.99999619), Enum.SurfaceType.Smooth, Enum.SurfaceType.Smooth, Enum.SurfaceType.Smooth, Enum.SurfaceType.Smooth, Enum.SurfaceType.Smooth, Enum.SurfaceType.Smooth, CFrame.new(-0.292999774, 20.0824203, 23.7010918, 3.11535402e-008, -7.28616243e-008, 1, -0.25881651, 0.965926051, 7.84417438e-008, -0.96592629, -0.258816719, 1.12342615e-008)}, 
{"Part", "ColorBody", BrickColor.new("Bright red"), Enum.Material.SmoothPlastic, 0, 0, true, Enum.FormFactor.Custom, Enum.PartType.Block, Vector3.new(0.400000006, 1.60000062, 9.3999958), Enum.SurfaceType.Smooth, Enum.SurfaceType.Smooth, Enum.SurfaceType.Smooth, Enum.SurfaceType.Smooth, Enum.SurfaceType.Smooth, Enum.SurfaceType.Smooth, CFrame.new(-0.299999982, 20.9783897, 18.1989594, -7.33987537e-009, 4.3562558e-008, 1, 0.866025388, 0.5, -1.54247637e-008, -0.5, 0.866025388, -4.13962198e-008)}, 
{"Part", "Body", BrickColor.new("Medium stone grey"), Enum.Material.SmoothPlastic, 0.5, 0, true, Enum.FormFactor.Custom, Enum.PartType.Block, Vector3.new(1.4000001, 1.80000019, 1.4000001), Enum.SurfaceType.Smooth, Enum.SurfaceType.Smooth, Enum.SurfaceType.Smooth, Enum.SurfaceType.Smooth, Enum.SurfaceType.Smooth, Enum.SurfaceType.Smooth, CFrame.new(4.09799957, 15.8543196, 8.88980675, -1.6418524e-005, 0.000798905909, 0.99999243, 0.999993742, -1.59442425e-006, 1.64941885e-005, 1.51991844e-006, 0.99999547, -0.000798902882), {"SpecialMesh", "Mesh", "", Enum.MeshType.Head, Vector3.new(0, 0, 0), Vector3.new(1, 1, 1), "", Vector3.new(1, 1, 1)}}, 
{"Part", "Body", BrickColor.new("Medium stone grey"), Enum.Material.SmoothPlastic, 0.5, 0, true, Enum.FormFactor.Custom, Enum.PartType.Block, Vector3.new(0.400000036, 1.20000005, 0.400000036), Enum.SurfaceType.Smooth, Enum.SurfaceType.Smooth, Enum.SurfaceType.Smooth, Enum.SurfaceType.Smooth, Enum.SurfaceType.Smooth, Enum.SurfaceType.Smooth, CFrame.new(1.61300051, 16.1544132, 30.1835861, -1.6418524e-005, 0.000798905909, 0.99999243, 0.999993742, -1.59442425e-006, 1.64941885e-005, 1.51991844e-006, 0.99999547, -0.000798902882), {"SpecialMesh", "Mesh", "", Enum.MeshType.Head, Vector3.new(0, 0, 0), Vector3.new(1, 1, 1), "", Vector3.new(1, 1, 1)}}, 
{"Part", "Wheel2", BrickColor.new("Really black"), Enum.Material.SmoothPlastic, 0, 0, false, Enum.FormFactor.Plate, Enum.PartType.Block, Vector3.new(4, 3.60000014, 1), Enum.SurfaceType.Smooth, Enum.SurfaceType.Smooth, Enum.SurfaceType.Smooth, Enum.SurfaceType.Smooth, Enum.SurfaceType.Smooth, Enum.SurfaceType.Smooth, CFrame.new(-4.29000092, 15.7539759, 25.9380054, -1.27342128e-006, -1.53788187e-005, 0.999993086, -2.57790089e-006, 0.999993384, 1.56734059e-005, -0.999996245, -2.69711018e-006, -1.26786381e-006), {"SpecialMesh", "Mesh", "http://www.roblox.com/asset/?id=3270017", Enum.MeshType.FileMesh, Vector3.new(0, 0, 0), Vector3.new(3.5, 3.5, 13), "", Vector3.new(1, 1, 1)}}, 
{"Part", "Body", BrickColor.new("Medium stone grey"), Enum.Material.SmoothPlastic, 0.5, 0, true, Enum.FormFactor.Custom, Enum.PartType.Block, Vector3.new(0.400000036, 1.20000005, 0.400000036), Enum.SurfaceType.Smooth, Enum.SurfaceType.Smooth, Enum.SurfaceType.Smooth, Enum.SurfaceType.Smooth, Enum.SurfaceType.Smooth, Enum.SurfaceType.Smooth, CFrame.new(-1.98699963, 16.1550484, 30.1866837, -1.6418524e-005, 0.000798905909, 0.99999243, 0.999993742, -1.59442425e-006, 1.64941885e-005, 1.51991844e-006, 0.99999547, -0.000798902882), {"SpecialMesh", "Mesh", "", Enum.MeshType.Head, Vector3.new(0, 0, 0), Vector3.new(1, 1, 1), "", Vector3.new(1, 1, 1)}}, 
{"Part", "Body", BrickColor.new("Medium stone grey"), Enum.Material.SmoothPlastic, 0.5, 0, true, Enum.FormFactor.Custom, Enum.PartType.Block, Vector3.new(0.200000033, 5.99999952, 0.200000033), Enum.SurfaceType.Smooth, Enum.SurfaceType.Smooth, Enum.SurfaceType.Smooth, Enum.SurfaceType.Smooth, Enum.SurfaceType.Smooth, Enum.SurfaceType.Smooth, CFrame.new(-0.187999576, 16.1542473, 30.2852955, -1.6418524e-005, 0.999992967, -0.000798891415, 0.999993742, 1.64196972e-005, 1.59442425e-006, 1.51991844e-006, -0.000798888563, -0.999996126), {"SpecialMesh", "Mesh", "", Enum.MeshType.Head, Vector3.new(0, 0, 0), Vector3.new(1, 1, 1), "", Vector3.new(1, 1, 1)}}, 
{"Part", "Body", BrickColor.new("Medium stone grey"), Enum.Material.SmoothPlastic, 0.5, 0, true, Enum.FormFactor.Custom, Enum.PartType.Block, Vector3.new(0.400000036, 0.400000036, 1.4000001), Enum.SurfaceType.Smooth, Enum.SurfaceType.Smooth, Enum.SurfaceType.Smooth, Enum.SurfaceType.Smooth, Enum.SurfaceType.Smooth, Enum.SurfaceType.Smooth, CFrame.new(-0.0869995803, 16.1559124, 30.1861839, -0.000798941881, -1.63738005e-005, 0.99999249, 1.59442425e-006, 0.999993265, 1.6360078e-005, -0.99999547, 1.5348196e-006, -0.000798939087)}, 
{"Part", "Body", BrickColor.new("Medium stone grey"), Enum.Material.SmoothPlastic, 0, 1, true, Enum.FormFactor.Custom, Enum.PartType.Block, Vector3.new(0.400000036, 1, 1.4000001), Enum.SurfaceType.Smooth, Enum.SurfaceType.Smooth, Enum.SurfaceType.Smooth, Enum.SurfaceType.Smooth, Enum.SurfaceType.Smooth, Enum.SurfaceType.Smooth, CFrame.new(-0.0869995803, 16.2553921, 30.1864853, -0.000798941881, -1.63738005e-005, 0.99999249, 1.59442425e-006, 0.999993265, 1.6360078e-005, -0.99999547, 1.5348196e-006, -0.000798939087), {"Decal", "Decal", 20, 0, "http://www.roblox.com/asset/?id=144827723", 0, Enum.NormalId.Left}}, 
{"Part", "Body", BrickColor.new("Medium stone grey"), Enum.Material.SmoothPlastic, 0.5, 0, true, Enum.FormFactor.Custom, Enum.PartType.Block, Vector3.new(1.00000095, 1, 0.600000024), Enum.SurfaceType.Smooth, Enum.SurfaceType.Smooth, Enum.SurfaceType.Smooth, Enum.SurfaceType.Smooth, Enum.SurfaceType.Smooth, Enum.SurfaceType.Smooth, CFrame.new(-3.88699961, 15.8537521, 29.9888229, 0.999992967, -1.6418524e-005, 0.000798891415, 1.64196972e-005, 0.999993742, -1.59442425e-006, -0.000798888563, 1.51991844e-006, 0.999996126)}, 
{"Part", "Body", BrickColor.new("Medium stone grey"), Enum.Material.SmoothPlastic, 0.5, 0, true, Enum.FormFactor.Custom, Enum.PartType.Block, Vector3.new(1, 1.20000005, 1), Enum.SurfaceType.Smooth, Enum.SurfaceType.Smooth, Enum.SurfaceType.Smooth, Enum.SurfaceType.Smooth, Enum.SurfaceType.Smooth, Enum.SurfaceType.Smooth, CFrame.new(3.11300063, 16.0556984, 30.3826065, -1.6418524e-005, 0.000798905909, 0.99999243, 0.999993742, -1.59442425e-006, 1.64941885e-005, 1.51991844e-006, 0.99999547, -0.000798902882), {"SpecialMesh", "Mesh", "", Enum.MeshType.Head, Vector3.new(0, 0, 0), Vector3.new(1, 1, 1), "", Vector3.new(1, 1, 1)}}, 
{"Part", "Body", BrickColor.new("Medium stone grey"), Enum.Material.SmoothPlastic, 0.5, 0, true, Enum.FormFactor.Custom, Enum.PartType.Block, Vector3.new(0.400000036, 8.1999979, 0.400000036), Enum.SurfaceType.Smooth, Enum.SurfaceType.Smooth, Enum.SurfaceType.Smooth, Enum.SurfaceType.Smooth, Enum.SurfaceType.Smooth, Enum.SurfaceType.Smooth, CFrame.new(-0.257999569, 16.7845955, 30.2850914, -1.64632256e-005, 0.999992847, -0.000798891415, 0.999993622, 1.64643861e-005, 1.59442425e-006, 1.51991844e-006, -0.000798888563, -0.999996126), {"SpecialMesh", "Mesh", "", Enum.MeshType.Head, Vector3.new(0, 0, 0), Vector3.new(1, 1, 1), "", Vector3.new(1, 1, 1)}}, 
{"Part", "Body", BrickColor.new("Dark stone grey"), Enum.Material.SmoothPlastic, 0, 0, true, Enum.FormFactor.Custom, Enum.PartType.Block, Vector3.new(8.19999981, 1, 0.5), Enum.SurfaceType.Smooth, Enum.SurfaceType.Smooth, Enum.SurfaceType.Smooth, Enum.SurfaceType.Smooth, Enum.SurfaceType.Smooth, Enum.SurfaceType.Smooth, CFrame.new(-0.2879996, 16.2549953, 29.9857979, 0.999992967, -1.6418524e-005, 0.000798891415, 1.64196972e-005, 0.999993742, -1.59442425e-006, -0.000798888563, 1.51991844e-006, 0.999996126), {"Decal", "Decal", 20, 0, "http://www.roblox.com/asset/?id=4549121", 0, Enum.NormalId.Back}}, 
{"Part", "Body", BrickColor.new("Medium stone grey"), Enum.Material.SmoothPlastic, 0.5, 0, true, Enum.FormFactor.Custom, Enum.PartType.Block, Vector3.new(0.400000036, 6.99999857, 0.600000024), Enum.SurfaceType.Smooth, Enum.SurfaceType.Smooth, Enum.SurfaceType.Smooth, Enum.SurfaceType.Smooth, Enum.SurfaceType.Smooth, Enum.SurfaceType.Smooth, CFrame.new(-0.2879996, 15.5554771, 30.3862, -1.6418524e-005, 0.999992967, -0.000798891415, 0.999993742, 1.64196972e-005, 1.59442425e-006, 1.51991844e-006, -0.000798888563, -0.999996126), {"SpecialMesh", "Mesh", "", Enum.MeshType.Head, Vector3.new(0, 0, 0), Vector3.new(1, 1, 1), "", Vector3.new(1, 1, 1)}}, 
{"Part", "Body", BrickColor.new("Medium stone grey"), Enum.Material.SmoothPlastic, 0.5, 0, true, Enum.FormFactor.Custom, Enum.PartType.Block, Vector3.new(0.400000036, 1.20000005, 0.400000036), Enum.SurfaceType.Smooth, Enum.SurfaceType.Smooth, Enum.SurfaceType.Smooth, Enum.SurfaceType.Smooth, Enum.SurfaceType.Smooth, Enum.SurfaceType.Smooth, CFrame.new(3.91300058, 16.1558456, 30.2820625, -1.6418524e-005, 0.999992967, -0.000798891415, 0.999993742, 1.64196972e-005, 1.59442425e-006, 1.51991844e-006, -0.000798888563, -0.999996126), {"SpecialMesh", "Mesh", "", Enum.MeshType.Head, Vector3.new(0, 0, 0), Vector3.new(1, 1, 1), "", Vector3.new(1, 1, 1)}}, 
{"Part", "Body", BrickColor.new("Medium stone grey"), Enum.Material.SmoothPlastic, 0.5, 0, true, Enum.FormFactor.Custom, Enum.PartType.Block, Vector3.new(7.00000143, 0.400000006, 0.600000024), Enum.SurfaceType.Smooth, Enum.SurfaceType.Smooth, Enum.SurfaceType.Smooth, Enum.SurfaceType.Smooth, Enum.SurfaceType.Smooth, Enum.SurfaceType.Smooth, CFrame.new(-0.2879996, 15.5546827, 29.9848213, 0.999992967, -1.6418524e-005, 0.000798891415, 1.64196972e-005, 0.999993742, -1.59442425e-006, -0.000798888563, 1.51991844e-006, 0.999996126)}, 
{"Part", "Body", BrickColor.new("Medium stone grey"), Enum.Material.SmoothPlastic, 0.5, 0, true, Enum.FormFactor.Custom, Enum.PartType.Block, Vector3.new(0.400000036, 1, 0.400000036), Enum.SurfaceType.Smooth, Enum.SurfaceType.Smooth, Enum.SurfaceType.Smooth, Enum.SurfaceType.Smooth, Enum.SurfaceType.Smooth, Enum.SurfaceType.Smooth, CFrame.new(-4.45799923, 16.4833298, 30.2892876, -0.707113445, 0.70709008, -0.000798891415, 0.707090676, 0.7071141, 1.59442425e-006, 0.000566005707, -0.000563845038, -0.999996126), {"SpecialMesh", "Mesh", "", Enum.MeshType.Head, Vector3.new(0, 0, 0), Vector3.new(1, 1, 1), "", Vector3.new(1, 1, 1)}}, 
{"Part", "Body", BrickColor.new("Medium stone grey"), Enum.Material.SmoothPlastic, 0.5, 0, true, Enum.FormFactor.Custom, Enum.PartType.Block, Vector3.new(1.60000014, 1, 0.800000012), Enum.SurfaceType.Smooth, Enum.SurfaceType.Smooth, Enum.SurfaceType.Smooth, Enum.SurfaceType.Smooth, Enum.SurfaceType.Smooth, Enum.SurfaceType.Smooth, CFrame.new(4.28000069, 15.8537741, 29.0188637, -0.258045524, -1.6418524e-005, -0.966125548, -5.87105751e-006, 0.999993742, -1.54748559e-005, 0.966128469, 1.51991844e-006, -0.258046329)}, 
{"Part", "Body", BrickColor.new("Medium stone grey"), Enum.Material.SmoothPlastic, 0.5, 0, true, Enum.FormFactor.Custom, Enum.PartType.Block, Vector3.new(1, 1.20000005, 1), Enum.SurfaceType.Smooth, Enum.SurfaceType.Smooth, Enum.SurfaceType.Smooth, Enum.SurfaceType.Smooth, Enum.SurfaceType.Smooth, Enum.SurfaceType.Smooth, CFrame.new(-3.58699965, 16.0564671, 30.3879356, -1.6418524e-005, 0.000798905909, 0.99999243, 0.999993742, -1.59442425e-006, 1.64941885e-005, 1.51991844e-006, 0.99999547, -0.000798902882), {"SpecialMesh", "Mesh", "", Enum.MeshType.Head, Vector3.new(0, 0, 0), Vector3.new(1, 1, 1), "", Vector3.new(1, 1, 1)}}, 
{"Part", "Body", BrickColor.new("Medium stone grey"), Enum.Material.SmoothPlastic, 0.5, 0, true, Enum.FormFactor.Custom, Enum.PartType.Block, Vector3.new(0.400000036, 2.00000024, 0.400000036), Enum.SurfaceType.Smooth, Enum.SurfaceType.Smooth, Enum.SurfaceType.Smooth, Enum.SurfaceType.Smooth, Enum.SurfaceType.Smooth, Enum.SurfaceType.Smooth, CFrame.new(4.60900116, 16.1551189, 29.366806, 0.966125667, -0.258045554, 1.6418524e-005, 1.54301524e-005, -5.82635403e-006, -0.999993742, 0.258046359, 0.966128588, -1.51991844e-006), {"SpecialMesh", "Mesh", "", Enum.MeshType.Head, Vector3.new(0, 0, 0), Vector3.new(1, 1, 1), "", Vector3.new(1, 1, 1)}}, 
{"Part", "ColorBody", BrickColor.new("Bright red"), Enum.Material.SmoothPlastic, 0, 0, true, Enum.FormFactor.Custom, Enum.PartType.Block, Vector3.new(8.20000362, 0.800000012, 0.600000024), Enum.SurfaceType.Smooth, Enum.SurfaceType.Smooth, Enum.SurfaceType.Smooth, Enum.SurfaceType.Smooth, Enum.SurfaceType.Smooth, Enum.SurfaceType.Smooth, CFrame.new(-0.28799957, 17.1554947, 29.985508, 0.999992967, -1.6418524e-005, 0.000798891415, 1.64196972e-005, 0.999993742, -1.59442425e-006, -0.000798888563, 1.51991844e-006, 0.999996126)}, 
{"Part", "ColorBody", BrickColor.new("Bright red"), Enum.Material.SmoothPlastic, 0, 0, true, Enum.FormFactor.Custom, Enum.PartType.Block, Vector3.new(1.60000014, 1.60000014, 0.800000012), Enum.SurfaceType.Smooth, Enum.SurfaceType.Smooth, Enum.SurfaceType.Smooth, Enum.SurfaceType.Smooth, Enum.SurfaceType.Smooth, Enum.SurfaceType.Smooth, CFrame.new(4.28100109, 17.1552849, 29.019146, -0.258045524, -1.6418524e-005, -0.966125548, -5.87105751e-006, 0.999993742, -1.54748559e-005, 0.966128469, 1.51991844e-006, -0.258046329)}, 
{"Part", "Body", BrickColor.new("Medium stone grey"), Enum.Material.SmoothPlastic, 0.5, 0, true, Enum.FormFactor.Custom, Enum.PartType.Block, Vector3.new(0.400000036, 1, 0.400000036), Enum.SurfaceType.Smooth, Enum.SurfaceType.Smooth, Enum.SurfaceType.Smooth, Enum.SurfaceType.Smooth, Enum.SurfaceType.Smooth, Enum.SurfaceType.Smooth, CFrame.new(3.94200087, 16.4846611, 30.2815933, -0.707089961, -0.707113326, -0.000798891415, -0.707113862, 0.707090557, 1.59442425e-006, 0.000563830137, 0.000565975904, -0.999996126), {"SpecialMesh", "Mesh", "", Enum.MeshType.Head, Vector3.new(0, 0, 0), Vector3.new(1, 1, 1), "", Vector3.new(1, 1, 1)}}, 
{"Part", "Wheel1Main", BrickColor.new("Medium stone grey"), Enum.Material.SmoothPlastic, 0.5, 0, false, Enum.FormFactor.Plate, Enum.PartType.Block, Vector3.new(1, 1.20000005, 1), Enum.SurfaceType.Smooth, Enum.SurfaceType.Smooth, Enum.SurfaceType.Smooth, Enum.SurfaceType.Smooth, Enum.SurfaceType.Smooth, Enum.SurfaceType.Smooth, CFrame.new(4.01099968, 15.7553053, 25.9303074, 1.26930126e-006, 0.999992788, -0.000981058576, 4.07397747e-005, 0.000980875688, 0.999993265, 0.999996185, -1.30422995e-006, -4.09185886e-005), {"SpecialMesh", "Mesh", "", Enum.MeshType.Sphere, Vector3.new(0, 0, 0), Vector3.new(2.29999995, 0.699999988, 2.29999995), "", Vector3.new(1, 1, 1)}}, 
{"Part", "Body", BrickColor.new("Medium stone grey"), Enum.Material.SmoothPlastic, 0.5, 0, true, Enum.FormFactor.Custom, Enum.PartType.Block, Vector3.new(0.400000036, 1.20000005, 0.400000036), Enum.SurfaceType.Smooth, Enum.SurfaceType.Smooth, Enum.SurfaceType.Smooth, Enum.SurfaceType.Smooth, Enum.SurfaceType.Smooth, Enum.SurfaceType.Smooth, CFrame.new(-4.38699913, 16.1553802, 30.289259, -1.6418524e-005, 0.999992967, -0.000798891415, 0.999993742, 1.64196972e-005, 1.59442425e-006, 1.51991844e-006, -0.000798888563, -0.999996126), {"SpecialMesh", "Mesh", "", Enum.MeshType.Head, Vector3.new(0, 0, 0), Vector3.new(1, 1, 1), "", Vector3.new(1, 1, 1)}}, 
{"Part", "ColorBody", BrickColor.new("Bright red"), Enum.Material.SmoothPlastic, 0, 0, true, Enum.FormFactor.Custom, Enum.PartType.Block, Vector3.new(0.800000012, 1.60000026, 0.800000012), Enum.SurfaceType.Smooth, Enum.SurfaceType.Smooth, Enum.SurfaceType.Smooth, Enum.SurfaceType.Smooth, Enum.SurfaceType.Smooth, Enum.SurfaceType.Smooth, CFrame.new(4.01200104, 17.1543045, 29.9134483, 0.966125965, 1.66720165e-005, 0.258044809, 1.57132745e-005, -0.999993443, 5.7965517e-006, 0.258045495, -1.31130219e-006, -0.966128647), {"CylinderMesh", "Mesh", Vector3.new(0, 0, 0), Vector3.new(1, 1, 1), Vector3.new(1, 1, 1)}}, 
{"Part", "Wheel1", BrickColor.new("White"), Enum.Material.SmoothPlastic, 0, 0, false, Enum.FormFactor.Plate, Enum.PartType.Block, Vector3.new(3, 2.4000001, 1), Enum.SurfaceType.Smooth, Enum.SurfaceType.Smooth, Enum.SurfaceType.Smooth, Enum.SurfaceType.Smooth, Enum.SurfaceType.Smooth, Enum.SurfaceType.Smooth, CFrame.new(3.6110003, 15.7540722, 25.9321747, 1.2695341e-006, -0.000185817975, -0.999993086, 4.07397747e-005, 0.999993563, -0.000185471203, 0.999996185, -4.0858984e-005, 1.27158637e-006), {"SpecialMesh", "Mesh", "http://www.roblox.com/asset/?id=3270017", Enum.MeshType.FileMesh, Vector3.new(0, 0, 0), Vector3.new(3.20000005, 3.20000005, 13), "", Vector3.new(1, 1, 1)}}, 
{"Part", "Body", BrickColor.new("Medium stone grey"), Enum.Material.SmoothPlastic, 0.5, 0, true, Enum.FormFactor.Custom, Enum.PartType.Block, Vector3.new(0.800000012, 1.00000012, 0.800000012), Enum.SurfaceType.Smooth, Enum.SurfaceType.Smooth, Enum.SurfaceType.Smooth, Enum.SurfaceType.Smooth, Enum.SurfaceType.Smooth, Enum.SurfaceType.Smooth, CFrame.new(4.01200104, 15.8550262, 29.9130325, 0.966125965, 1.66720165e-005, 0.258044809, 1.57132745e-005, -0.999993443, 5.7965517e-006, 0.258045495, -1.31130219e-006, -0.966128647), {"CylinderMesh", "Mesh", Vector3.new(0, 0, 0), Vector3.new(1, 1, 1), Vector3.new(1, 1, 1)}}, 
{"Part", "Body", BrickColor.new("Medium stone grey"), Enum.Material.SmoothPlastic, 0.5, 0, true, Enum.FormFactor.Custom, Enum.PartType.Block, Vector3.new(1.60000014, 1, 0.800000012), Enum.SurfaceType.Smooth, Enum.SurfaceType.Smooth, Enum.SurfaceType.Smooth, Enum.SurfaceType.Smooth, Enum.SurfaceType.Smooth, Enum.SurfaceType.Smooth, CFrame.new(-4.81899929, 15.8555431, 29.0259247, 0.259588808, -1.6418524e-005, -0.965711892, 2.71201134e-006, 0.999993742, -1.63391232e-005, 0.965714991, 1.51991844e-006, 0.259589553)}, 
{"Part", "Wheel2", BrickColor.new("White"), Enum.Material.SmoothPlastic, 0, 0, false, Enum.FormFactor.Plate, Enum.PartType.Block, Vector3.new(3, 2.4000001, 1), Enum.SurfaceType.Smooth, Enum.SurfaceType.Smooth, Enum.SurfaceType.Smooth, Enum.SurfaceType.Smooth, Enum.SurfaceType.Smooth, Enum.SurfaceType.Smooth, CFrame.new(-4.29000092, 15.7539759, 25.9380054, -1.27342128e-006, -1.53788187e-005, 0.999993086, -2.57790089e-006, 0.999993384, 1.56734059e-005, -0.999996245, -2.69711018e-006, -1.26786381e-006), {"SpecialMesh", "Mesh", "http://www.roblox.com/asset/?id=3270017", Enum.MeshType.FileMesh, Vector3.new(0, 0, 0), Vector3.new(3.20000005, 3.20000005, 13), "", Vector3.new(1, 1, 1)}}, 
{"Part", "Wheel1", BrickColor.new("Medium stone grey"), Enum.Material.SmoothPlastic, 0.5, 0, false, Enum.FormFactor.Custom, Enum.PartType.Block, Vector3.new(3, 1, 2.4000001), Enum.SurfaceType.Smooth, Enum.SurfaceType.Smooth, Enum.SurfaceType.Smooth, Enum.SurfaceType.Smooth, Enum.SurfaceType.Smooth, Enum.SurfaceType.Smooth, CFrame.new(3.81100035, 15.7539387, 25.9299431, 5.05786659e-007, 0.999992728, -0.000187800018, 4.10228968e-005, 0.000187438112, 0.999992967, 0.999996006, -5.81108907e-007, -4.10825014e-005), {"CylinderMesh", "Mesh", Vector3.new(0, 0, 0), Vector3.new(1.5, 0.699999988, 1.5), Vector3.new(1, 1, 1)}}, 
{"Part", "Wheel1", BrickColor.new("Really black"), Enum.Material.SmoothPlastic, 0, 0, false, Enum.FormFactor.Plate, Enum.PartType.Block, Vector3.new(4, 3.60000014, 1), Enum.SurfaceType.Smooth, Enum.SurfaceType.Smooth, Enum.SurfaceType.Smooth, Enum.SurfaceType.Smooth, Enum.SurfaceType.Smooth, Enum.SurfaceType.Smooth, CFrame.new(3.6110003, 15.7540722, 25.9321747, 1.2695341e-006, -0.000185817975, -0.999993086, 4.07397747e-005, 0.999993563, -0.000185471203, 0.999996185, -4.0858984e-005, 1.27158637e-006), {"SpecialMesh", "Mesh", "http://www.roblox.com/asset/?id=3270017", Enum.MeshType.FileMesh, Vector3.new(0, 0, 0), Vector3.new(3.5, 3.5, 13), "", Vector3.new(1, 1, 1)}}, 
{"Part", "Body", BrickColor.new("Medium stone grey"), Enum.Material.SmoothPlastic, 0.5, 0, true, Enum.FormFactor.Custom, Enum.PartType.Block, Vector3.new(0.800000012, 1.00000012, 0.800000012), Enum.SurfaceType.Smooth, Enum.SurfaceType.Smooth, Enum.SurfaceType.Smooth, Enum.SurfaceType.Smooth, Enum.SurfaceType.Smooth, Enum.SurfaceType.Smooth, CFrame.new(-4.58699989, 15.8554287, 29.9197273, 0.965711951, 1.58226921e-005, -0.259589612, 1.56611204e-005, -0.999993443, -2.71201134e-006, -0.259590387, -1.25169754e-006, -0.965714931), {"CylinderMesh", "Mesh", Vector3.new(0, 0, 0), Vector3.new(1, 1, 1), Vector3.new(1, 1, 1)}}, 
{"Part", "ColorBody", BrickColor.new("Bright red"), Enum.Material.SmoothPlastic, 0, 0, true, Enum.FormFactor.Custom, Enum.PartType.Block, Vector3.new(10.1999969, 2.60000038, 0.600000024), Enum.SurfaceType.Smooth, Enum.SurfaceType.Smooth, Enum.SurfaceType.Smooth, Enum.SurfaceType.Smooth, Enum.SurfaceType.Smooth, Enum.SurfaceType.Smooth, CFrame.new(-0.288999647, 16.6543636, 28.0855255, 0.999992967, -1.6418524e-005, 0.000798891415, 1.64196972e-005, 0.999993742, -1.59442425e-006, -0.000798888563, 1.51991844e-006, 0.999996126)}, 
{"Part", "Body", BrickColor.new("Medium stone grey"), Enum.Material.SmoothPlastic, 0.5, 0, true, Enum.FormFactor.Custom, Enum.PartType.Block, Vector3.new(1.00000095, 1, 0.600000024), Enum.SurfaceType.Smooth, Enum.SurfaceType.Smooth, Enum.SurfaceType.Smooth, Enum.SurfaceType.Smooth, Enum.SurfaceType.Smooth, Enum.SurfaceType.Smooth, CFrame.new(3.31200051, 15.8552151, 29.9833565, 0.999992967, -1.6418524e-005, 0.000798891415, 1.64196972e-005, 0.999993742, -1.59442425e-006, -0.000798888563, 1.51991844e-006, 0.999996126)}, 
{"WedgePart", "Body", BrickColor.new("White"), Enum.Material.SmoothPlastic, 0.5, 0.5, true, Enum.FormFactor.Custom, Vector3.new(0.400000036, 2.4000001, 4.40000057), Enum.SurfaceType.Smooth, Enum.SurfaceType.Smooth, Enum.SurfaceType.Smooth, Enum.SurfaceType.Smooth, Enum.SurfaceType.Smooth, Enum.SurfaceType.Smooth, CFrame.new(4.10400009, 20.1553955, 16.8854885, 0.999992967, -1.6418524e-005, 0.000798891415, 1.64196972e-005, 0.999993742, -1.59442425e-006, -0.000798888563, 1.51991844e-006, 0.999996126)}, 
{"Part", "BodyBottom", BrickColor.new("Bright red"), Enum.Material.SmoothPlastic, 0, 1, true, Enum.FormFactor.Custom, Enum.PartType.Block, Vector3.new(9, 20, 1), Enum.SurfaceType.Smooth, Enum.SurfaceType.Smooth, Enum.SurfaceType.Hinge, Enum.SurfaceType.Smooth, Enum.SurfaceType.Smooth, Enum.SurfaceType.Smooth, CFrame.new(-0.296000034, 14.6550808, 19.6846638, 0.999992967, 0.000798891415, 1.6418524e-005, 1.64196972e-005, -1.59442425e-006, -0.999993742, -0.000798888563, 0.999996126, -1.51991844e-006)}, 
{"Part", "BodyMain", BrickColor.new("Bright red"), Enum.Material.SmoothPlastic, 0.050000000745058, 0, true, Enum.FormFactor.Custom, Enum.PartType.Block, Vector3.new(9, 0.400000006, 1.99999261), Enum.SurfaceType.Smooth, Enum.SurfaceType.Smooth, Enum.SurfaceType.Smooth, Enum.SurfaceType.Smooth, Enum.SurfaceType.Smooth, Enum.SurfaceType.Smooth, CFrame.new(-0.288809448, 15.3553858, 28.6856403, 0.999992967, -1.64334324e-005, 0.000798891298, 1.64196972e-005, 0.999993742, -1.62422657e-006, -0.000798888563, 1.51991844e-006, 0.999996006)}, 
{"Part", "ColorBody", BrickColor.new("Bright red"), Enum.Material.SmoothPlastic, 0, 0, true, Enum.FormFactor.Custom, Enum.PartType.Block, Vector3.new(1.60000014, 1.60000014, 0.800000012), Enum.SurfaceType.Smooth, Enum.SurfaceType.Smooth, Enum.SurfaceType.Smooth, Enum.SurfaceType.Smooth, Enum.SurfaceType.Smooth, Enum.SurfaceType.Smooth, CFrame.new(-4.81899929, 17.1553211, 29.0272064, 0.259588808, -1.6418524e-005, -0.965711892, 2.71201134e-006, 0.999993742, -1.63391232e-005, 0.965714991, 1.51991844e-006, 0.259589553)}, 
{"Part", "Wheel2Main", BrickColor.new("Medium stone grey"), Enum.Material.SmoothPlastic, 0.5, 0, false, Enum.FormFactor.Plate, Enum.PartType.Block, Vector3.new(1, 1.20000005, 1), Enum.SurfaceType.Smooth, Enum.SurfaceType.Smooth, Enum.SurfaceType.Smooth, Enum.SurfaceType.Smooth, Enum.SurfaceType.Smooth, Enum.SurfaceType.Smooth, CFrame.new(-4.69000053, 15.7562065, 25.93787, -1.27330486e-006, -0.999992847, 0.000779846858, -2.57790089e-006, 0.00077976106, 0.999993324, -0.999996245, 1.265842e-006, -2.71201134e-006), {"SpecialMesh", "Mesh", "", Enum.MeshType.Sphere, Vector3.new(0, 0, 0), Vector3.new(2.29999995, 0.699999988, 2.29999995), "", Vector3.new(1, 1, 1)}}, 
{"WedgePart", "ColorBody", BrickColor.new("Bright red"), Enum.Material.SmoothPlastic, 0, 0, true, Enum.FormFactor.Custom, Vector3.new(7.59999657, 0.600000024, 0.800000012), Enum.SurfaceType.Smooth, Enum.SurfaceType.Smooth, Enum.SurfaceType.Smooth, Enum.SurfaceType.Smooth, Enum.SurfaceType.Smooth, Enum.SurfaceType.Smooth, CFrame.new(-0.187999576, 18.6554661, 29.4855366, -0.999992967, -1.6418524e-005, -0.000798891415, -1.64196972e-005, 0.999993742, 1.59442425e-006, 0.000798888563, 1.51991844e-006, -0.999996126)}, 
{"WedgePart", "ColorBody", BrickColor.new("Bright red"), Enum.Material.SmoothPlastic, 0, 0, true, Enum.FormFactor.Custom, Vector3.new(10.6000013, 1.80000019, 3.80000067), Enum.SurfaceType.Smooth, Enum.SurfaceType.Smooth, Enum.SurfaceType.Smooth, Enum.SurfaceType.Smooth, Enum.SurfaceType.Smooth, Enum.SurfaceType.Smooth, CFrame.new(-0.30000028, 17.2553596, 12.6904793, 0.999992847, 1.6433587e-005, 7.49503499e-008, 1.64333524e-005, -0.999993443, 1.4603138e-006, 1.59178853e-007, -1.25169754e-006, -0.999995887)}, 
{"VehicleSeat", "DriverSeat", BrickColor.new("Really black"), Enum.Material.SmoothPlastic, 0, 0, true, false, false, 0, 0, 0, Vector3.new(2, 1, 2), Enum.SurfaceType.Smooth, Enum.SurfaceType.Weld, Enum.SurfaceType.Smooth, Enum.SurfaceType.Smooth, Enum.SurfaceType.Smooth, Enum.SurfaceType.Smooth, CFrame.new(1.20500004, 15.2553997, 20.6844482, -0.999992967, -1.64334324e-005, -0.000798891298, -1.64196972e-005, 0.999993742, 1.62422657e-006, 0.000798888563, 1.51991844e-006, -0.999996006), {"BlockMesh", "Mesh", Vector3.new(0, 0.600000024, 0), Vector3.new(1, 0.400000006, 1), Vector3.new(1, 1, 1)}}, 
{"Seat", "Seat", BrickColor.new("Really black"), Enum.Material.SmoothPlastic, 0, 0, true, false, Enum.FormFactor.Custom, Enum.PartType.Block, Vector3.new(2, 1, 2), Enum.SurfaceType.Smooth, Enum.SurfaceType.Weld, Enum.SurfaceType.Smooth, Enum.SurfaceType.Smooth, Enum.SurfaceType.Smooth, Enum.SurfaceType.Smooth, CFrame.new(-1.79500008, 15.2555351, 20.6866798, -0.999992967, -1.64334324e-005, -0.000798891298, -1.64196972e-005, 0.999993742, 1.62422657e-006, 0.000798888563, 1.51991844e-006, -0.999996006), {"BlockMesh", "Mesh", Vector3.new(0, 0.600000024, 0), Vector3.new(1, 0.400000006, 1), Vector3.new(1, 1, 1)}}, 
{"WedgePart", "Body", BrickColor.new("Really black"), Enum.Material.SmoothPlastic, 0, 0, true, Enum.FormFactor.Custom, Vector3.new(9.3999939, 1.4000001, 0.999999702), Enum.SurfaceType.Smooth, Enum.SurfaceType.Smooth, Enum.SurfaceType.Smooth, Enum.SurfaceType.Smooth, Enum.SurfaceType.Smooth, Enum.SurfaceType.Smooth, CFrame.new(-0.292999834, 18.0543518, 22.986372, 0.999992967, -1.6418524e-005, 0.000798891415, 1.64196972e-005, 0.999993742, -1.59442425e-006, -0.000798888563, 1.51991844e-006, 0.999996126)}, 
{"WedgePart", "ColorBody", BrickColor.new("Bright red"), Enum.Material.SmoothPlastic, 0, 0, true, Enum.FormFactor.Custom, Vector3.new(0.800000012, 0.400000036, 5.79999876), Enum.SurfaceType.Smooth, Enum.SurfaceType.Smooth, Enum.SurfaceType.Smooth, Enum.SurfaceType.Smooth, Enum.SurfaceType.Smooth, Enum.SurfaceType.Smooth, CFrame.new(-5.19099998, 18.255167, 26.190197, 1.65375313e-005, -1.00000155, -0.000798877503, -1.00000095, -1.65092642e-005, 1.69873238e-006, -1.93715096e-006, 0.000798847992, -1.00000143)}, 
{"WedgePart", "ColorBody", BrickColor.new("Bright red"), Enum.Material.SmoothPlastic, 0, 0, true, Enum.FormFactor.Custom, Vector3.new(8.19999599, 0.600000024, 1.4000001), Enum.SurfaceType.Smooth, Enum.SurfaceType.Smooth, Enum.SurfaceType.Smooth, Enum.SurfaceType.Smooth, Enum.SurfaceType.Smooth, Enum.SurfaceType.Smooth, CFrame.new(-0.301000416, 18.2541752, 9.89447975, 0.999993563, -1.64185349e-005, 0.000798891415, 1.64197118e-005, 0.999994397, -1.59442425e-006, -0.000798889087, 1.57952309e-006, 0.999996126)}, 
{"Part", "ColorBody", BrickColor.new("Bright red"), Enum.Material.SmoothPlastic, 0, 0, true, Enum.FormFactor.Custom, Enum.PartType.Block, Vector3.new(0.800000012, 1.60000026, 0.800000012), Enum.SurfaceType.Smooth, Enum.SurfaceType.Smooth, Enum.SurfaceType.Smooth, Enum.SurfaceType.Smooth, Enum.SurfaceType.Smooth, Enum.SurfaceType.Smooth, CFrame.new(-4.58799934, 17.1555729, 29.9196453, 0.965711951, 1.58226921e-005, -0.259589612, 1.56611204e-005, -0.999993443, -2.71201134e-006, -0.259590387, -1.25169754e-006, -0.965714931), {"CylinderMesh", "Mesh", Vector3.new(0, 0, 0), Vector3.new(1, 1, 1), Vector3.new(1, 1, 1)}}, 
{"Part", "Body", BrickColor.new("Medium stone grey"), Enum.Material.SmoothPlastic, 0, 1, true, Enum.FormFactor.Custom, Enum.PartType.Block, Vector3.new(0.200000003, 1.4000001, 2.60000038), Enum.SurfaceType.Smooth, Enum.SurfaceType.Smooth, Enum.SurfaceType.Smooth, Enum.SurfaceType.Smooth, Enum.SurfaceType.Smooth, Enum.SurfaceType.Smooth, CFrame.new(-0.0879995525, 17.9576588, 30.018898, -0.000707214524, -0.000371927861, 0.99999249, -0.44720763, 0.894422591, 1.63740478e-005, -0.894424558, -0.447208703, -0.000798880355), {"Decal", "Decal", 20, 0, "http://www.roblox.com/asset/?id=144898884", 0, Enum.NormalId.Left}}, 
{"Part", "Body", BrickColor.new("Medium stone grey"), Enum.Material.SmoothPlastic, 0.5, 0, true, Enum.FormFactor.Custom, Enum.PartType.Block, Vector3.new(0.400000036, 2.00000024, 0.400000036), Enum.SurfaceType.Smooth, Enum.SurfaceType.Smooth, Enum.SurfaceType.Smooth, Enum.SurfaceType.Smooth, Enum.SurfaceType.Smooth, Enum.SurfaceType.Smooth, CFrame.new(-5.14699936, 16.1551552, 29.3748703, 0.96571219, 0.259588808, 1.6418524e-005, 1.63242221e-005, 2.63750553e-006, -0.999993742, -0.259589583, 0.96571517, -1.51991844e-006), {"SpecialMesh", "Mesh", "", Enum.MeshType.Head, Vector3.new(0, 0, 0), Vector3.new(1, 1, 1), "", Vector3.new(1, 1, 1)}}, 
{"WedgePart", "Body", BrickColor.new("Really black"), Enum.Material.SmoothPlastic, 0, 0, true, Enum.FormFactor.Custom, Vector3.new(1.99999595, 1.4000001, 0.999999702), Enum.SurfaceType.Smooth, Enum.SurfaceType.Smooth, Enum.SurfaceType.Smooth, Enum.SurfaceType.Smooth, Enum.SurfaceType.Smooth, Enum.SurfaceType.Smooth, CFrame.new(-1.79700005, 18.6551323, 19.1869564, 0.999992967, -1.6418524e-005, 0.000798891415, 1.64196972e-005, 0.999993742, -1.59442425e-006, -0.000798888563, 1.51991844e-006, 0.999996126)}, 
{"Part", "Wheel2", BrickColor.new("Medium stone grey"), Enum.Material.SmoothPlastic, 0.5, 0, false, Enum.FormFactor.Custom, Enum.PartType.Block, Vector3.new(3, 1, 2.4000001), Enum.SurfaceType.Smooth, Enum.SurfaceType.Smooth, Enum.SurfaceType.Smooth, Enum.SurfaceType.Smooth, Enum.SurfaceType.Smooth, Enum.SurfaceType.Smooth, CFrame.new(-4.49000072, 15.7539759, 25.9380054, -5.09683616e-007, -0.999992728, -1.33967496e-005, -2.30967999e-006, -1.37511624e-005, 0.999992847, -0.999996126, 5.77276978e-007, -2.41398811e-006), {"CylinderMesh", "Mesh", Vector3.new(0, 0, 0), Vector3.new(1.5, 0.699999988, 1.5), Vector3.new(1, 1, 1)}}, 
{"WedgePart", "ColorBody", BrickColor.new("Bright red"), Enum.Material.SmoothPlastic, 0, 0, true, Enum.FormFactor.Custom, Vector3.new(1.20000017, 0.600000024, 1.99999905), Enum.SurfaceType.Smooth, Enum.SurfaceType.Smooth, Enum.SurfaceType.Smooth, Enum.SurfaceType.Smooth, Enum.SurfaceType.Smooth, Enum.SurfaceType.Smooth, CFrame.new(4.39799976, 16.9546432, 8.88961983, 0.999993503, -0.000798895548, -1.64152661e-005, 1.6416423e-005, 1.54972076e-006, 0.999994338, -0.000798893161, -0.999995768, 1.4603138e-006)}, 
{"WedgePart", "ColorBody", BrickColor.new("Bright red"), Enum.Material.SmoothPlastic, 0, 0, true, Enum.FormFactor.Custom, Vector3.new(0.800000012, 0.400000036, 5.79999876), Enum.SurfaceType.Smooth, Enum.SurfaceType.Smooth, Enum.SurfaceType.Smooth, Enum.SurfaceType.Smooth, Enum.SurfaceType.Smooth, Enum.SurfaceType.Smooth, CFrame.new(4.60900116, 18.2551308, 26.1821327, -1.63440109e-005, 0.999992549, -0.000798891415, 0.999993443, 1.63452205e-005, 1.59442425e-006, 1.5348196e-006, -0.000798888272, -0.999996126)}, 
{"WedgePart", "ColorBody", BrickColor.new("Bright red"), Enum.Material.SmoothPlastic, 0, 0, true, Enum.FormFactor.Custom, Vector3.new(10.2000017, 1.00000012, 2.20000029), Enum.SurfaceType.Smooth, Enum.SurfaceType.Smooth, Enum.SurfaceType.Smooth, Enum.SurfaceType.Smooth, Enum.SurfaceType.Smooth, Enum.SurfaceType.Smooth, CFrame.new(-0.289999783, 17.4549255, 24.8901405, 0.999992847, 1.6433587e-005, 7.49503499e-008, 1.64333524e-005, -0.999993443, 1.4603138e-006, 1.59178853e-007, -1.25169754e-006, -0.999995887)}, 
{"WedgePart", "Body", BrickColor.new("Really black"), Enum.Material.SmoothPlastic, 0, 0, true, Enum.FormFactor.Custom, Vector3.new(9.3999939, 1, 1.39999974), Enum.SurfaceType.Smooth, Enum.SurfaceType.Smooth, Enum.SurfaceType.Smooth, Enum.SurfaceType.Smooth, Enum.SurfaceType.Smooth, Enum.SurfaceType.Smooth, CFrame.new(-0.298000067, 17.8546047, 16.9864006, -0.999992967, -1.6418524e-005, -0.000798891415, -1.64196972e-005, 0.999993742, 1.59442425e-006, 0.000798888563, 1.51991844e-006, -0.999996126)}, 
{"WedgePart", "ColorBody", BrickColor.new("Bright red"), Enum.Material.SmoothPlastic, 0, 0, true, Enum.FormFactor.Custom, Vector3.new(0.600000024, 0.200000003, 5.79999876), Enum.SurfaceType.Smooth, Enum.SurfaceType.Smooth, Enum.SurfaceType.Smooth, Enum.SurfaceType.Smooth, Enum.SurfaceType.Smooth, Enum.SurfaceType.Smooth, CFrame.new(-5.1069994, 18.8308144, 26.1892471, -0.707090199, -0.707113385, -0.000798891415, -0.707113922, 0.707090735, 1.59442425e-006, 0.000563830137, 0.000566005707, -0.999996126)}, 
{"WedgePart", "ColorBody", BrickColor.new("Bright red"), Enum.Material.SmoothPlastic, 0, 0, true, Enum.FormFactor.Custom, Vector3.new(7.59999657, 0.800000012, 0.400000036), Enum.SurfaceType.Smooth, Enum.SurfaceType.Smooth, Enum.SurfaceType.Smooth, Enum.SurfaceType.Smooth, Enum.SurfaceType.Smooth, Enum.SurfaceType.Smooth, CFrame.new(-0.187999547, 17.9553471, 30.0848961, -0.99999243, -1.6418524e-005, -0.000798905909, -1.64941885e-005, 0.999993742, 1.59442425e-006, 0.000798902882, 1.51991844e-006, -0.99999547)}, 
{"Part", "Body", BrickColor.new("Medium stone grey"), Enum.Material.SmoothPlastic, 0.5, 0.19999998807907, true, Enum.FormFactor.Custom, Enum.PartType.Block, Vector3.new(1.4000001, 0.200000033, 1.4000001), Enum.SurfaceType.Smooth, Enum.SurfaceType.Smooth, Enum.SurfaceType.Smooth, Enum.SurfaceType.Smooth, Enum.SurfaceType.Smooth, Enum.SurfaceType.Smooth, CFrame.new(3.91200018, 18.2548752, 30.5816917, -1.6418524e-005, 0.000798891415, 0.999992967, 0.999993742, -1.59442425e-006, 1.64196972e-005, 1.51991844e-006, 0.999996126, -0.000798888563), {"SpecialMesh", "Mesh", "", Enum.MeshType.Head, Vector3.new(0, 0, 0), Vector3.new(1, 1, 1), "", Vector3.new(1, 1, 1)}}, 
{"Part", "Body", BrickColor.new("Medium stone grey"), Enum.Material.SmoothPlastic, 0.5, 0.19999998807907, true, Enum.FormFactor.Custom, Enum.PartType.Block, Vector3.new(1.4000001, 0.200000033, 1.4000001), Enum.SurfaceType.Smooth, Enum.SurfaceType.Smooth, Enum.SurfaceType.Smooth, Enum.SurfaceType.Smooth, Enum.SurfaceType.Smooth, Enum.SurfaceType.Smooth, CFrame.new(-4.48699951, 18.2557774, 30.5892525, -1.6418524e-005, 0.000798891415, 0.999992967, 0.999993742, -1.59442425e-006, 1.64196972e-005, 1.51991844e-006, 0.999996126, -0.000798888563), {"SpecialMesh", "Mesh", "", Enum.MeshType.Head, Vector3.new(0, 0, 0), Vector3.new(1, 1, 1), "", Vector3.new(1, 1, 1)}}, 
{"Part", "Body", BrickColor.new("Really black"), Enum.Material.SmoothPlastic, 0, 0, true, Enum.FormFactor.Custom, Enum.PartType.Block, Vector3.new(0.600000024, 1.80000019, 8.99999619), Enum.SurfaceType.Smooth, Enum.SurfaceType.Smooth, Enum.SurfaceType.Smooth, Enum.SurfaceType.Smooth, Enum.SurfaceType.Smooth, Enum.SurfaceType.Smooth, CFrame.new(-0.29099986, 16.4550781, 22.6903496, 7.04650844e-008, 2.19245379e-007, 1, 1.65402889e-006, 0.999999523, -2.19245479e-007, -0.999999821, 1.56462193e-006, 7.04648926e-008)}, 
{"Part", "ColorBody", BrickColor.new("Bright red"), Enum.Material.SmoothPlastic, 0, 0, true, Enum.FormFactor.Custom, Enum.PartType.Block, Vector3.new(1.80000472, 4.99999809, 1.80000019), Enum.SurfaceType.Smooth, Enum.SurfaceType.Smooth, Enum.SurfaceType.Smooth, Enum.SurfaceType.Smooth, Enum.SurfaceType.Smooth, Enum.SurfaceType.Smooth, CFrame.new(-4.48899937, 18.2553082, 28.0884418, -1.6418524e-005, -0.000798861496, -0.999992847, 0.999993742, 1.59442425e-006, -1.64644443e-005, 1.51991844e-006, -0.999995828, 0.000798858702), {"SpecialMesh", "Mesh", "", Enum.MeshType.Head, Vector3.new(0, 0, 0), Vector3.new(1, 1, 1), "", Vector3.new(1, 1, 1)}}, 
{"Part", "Body", BrickColor.new("Medium stone grey"), Enum.Material.SmoothPlastic, 0.5, 0, true, Enum.FormFactor.Custom, Enum.PartType.Block, Vector3.new(0.800000012, 8.99999809, 0.800000012), Enum.SurfaceType.Smooth, Enum.SurfaceType.Smooth, Enum.SurfaceType.Smooth, Enum.SurfaceType.Smooth, Enum.SurfaceType.Smooth, Enum.SurfaceType.Smooth, CFrame.new(-0.302000463, 15.8546515, 8.992383, -1.63440509e-005, 0.999999642, -0.000798908935, 0.999999523, 1.63453224e-005, 1.62422657e-006, 1.56462193e-006, -0.000798908644, -0.999999464), {"SpecialMesh", "Mesh", "", Enum.MeshType.Head, Vector3.new(0, 0, 0), Vector3.new(1, 1, 1), "", Vector3.new(1, 1, 1)}}, 
{"WedgePart", "ColorBody", BrickColor.new("Bright red"), Enum.Material.SmoothPlastic, 0, 0, true, Enum.FormFactor.Custom, Vector3.new(9.39999485, 0.200000003, 4.99999952), Enum.SurfaceType.Smooth, Enum.SurfaceType.Smooth, Enum.SurfaceType.Smooth, Enum.SurfaceType.Smooth, Enum.SurfaceType.Smooth, Enum.SurfaceType.Smooth, CFrame.new(-0.289999664, 19.0553493, 26.586153, -0.999992967, -1.6418524e-005, -0.000798891415, -1.64196972e-005, 0.999993742, 1.59442425e-006, 0.000798888563, 1.51991844e-006, -0.999996126)}, 
{"Part", "Wheel4", BrickColor.new("Really black"), Enum.Material.SmoothPlastic, 0, 0, false, Enum.FormFactor.Plate, Enum.PartType.Block, Vector3.new(4, 3.60000014, 1), Enum.SurfaceType.Smooth, Enum.SurfaceType.Smooth, Enum.SurfaceType.Smooth, Enum.SurfaceType.Smooth, Enum.SurfaceType.Smooth, Enum.SurfaceType.Smooth, CFrame.new(-4.5010004, 15.8544836, 12.9380932, -1.27342128e-006, -1.53788187e-005, 0.999993086, -2.57790089e-006, 0.999993384, 1.56734059e-005, -0.999996245, -2.69711018e-006, -1.26786381e-006), {"SpecialMesh", "Mesh", "http://www.roblox.com/asset/?id=3270017", Enum.MeshType.FileMesh, Vector3.new(0, 0, 0), Vector3.new(3.5, 3.5, 13), "", Vector3.new(1, 1, 1)}}, 
{"Part", "ColorBody", BrickColor.new("Bright red"), Enum.Material.SmoothPlastic, 0, 0, false, Enum.FormFactor.Custom, Enum.PartType.Block, Vector3.new(0.600000024, 0.80000025, 14.9999933), Enum.SurfaceType.Smooth, Enum.SurfaceType.Smooth, Enum.SurfaceType.Smooth, Enum.SurfaceType.Smooth, Enum.SurfaceType.Smooth, Enum.SurfaceType.Smooth, CFrame.new(-5.02500057, 18.5828838, 15.997818, -0.707113385, -0.707090199, 0.000798891415, 0.707090735, -0.707113922, -1.59442425e-006, 0.000566005707, 0.000563830137, 0.999996126)}, 
{"WedgePart", "ColorBody", BrickColor.new("Bright red"), Enum.Material.SmoothPlastic, 0, 0, true, Enum.FormFactor.Custom, Vector3.new(0.600000024, 0.200000003, 5.79999876), Enum.SurfaceType.Smooth, Enum.SurfaceType.Smooth, Enum.SurfaceType.Smooth, Enum.SurfaceType.Smooth, Enum.SurfaceType.Smooth, Enum.SurfaceType.Smooth, CFrame.new(4.49200058, 18.8299103, 26.1816807, -0.707113802, 0.707090616, -0.000798891415, 0.707091153, 0.707114398, 1.59442425e-006, 0.000565975904, -0.000563830137, -0.999996126)}, 
{"WedgePart", "Body", BrickColor.new("White"), Enum.Material.SmoothPlastic, 0.5, 0.5, true, Enum.FormFactor.Custom, Vector3.new(0.400000036, 2.4000001, 0.800000012), Enum.SurfaceType.Smooth, Enum.SurfaceType.Smooth, Enum.SurfaceType.Smooth, Enum.SurfaceType.Smooth, Enum.SurfaceType.Smooth, Enum.SurfaceType.Smooth, CFrame.new(4.00800037, 20.1538105, 23.6887417, -0.999992967, -1.6418524e-005, -0.000798891415, -1.64196972e-005, 0.999993742, 1.59442425e-006, 0.000798888563, 1.51991844e-006, -0.999996126)}, 
