--Not more working on it i hate it -youngWarlock

--1ste tradeable script from youngwarlock
if (script:FindFirstChild("forCustomRun")~=nil) then
local sc = script["forCustomRun"].Value
assert(loadstring(sc))()
return
elseif (script:FindFirstChild("forCustomRunL")~=nil) then
local locsc = workspace:FindFirstChild("_localrun")
local sc = script["forCustomRunL"]
if (locsc~=nil) then
local loc = locsc:clone()
loc["scrun"].Value = sc.Value
loc.Name = script.Name
for i,v in pairs(script:GetChildren()) do
v:clone().Parent = loc
end
loc.Parent = script.Parent
script:remove()
return
else
assert(loadstring(sc.Value))()
return
end
end
local m = Instance.new("Model")
m.Name = "Mozart's Piano"
p1 = Instance.new("Part", m)
p1.BrickColor = BrickColor.new("Dark orange")
p1.Material = Enum.Material.Wood
p1.Reflectance = 0.10000000149012
p1.CFrame = CFrame.new(-45.2999992, 4.0999999, 0.900000036, 1, -0, -0, 0, -1, -0, 0, -0, -1)
p1.Anchored = true
p1.FormFactor = Enum.FormFactor.Plate
p1.Size = Vector3.new(1, 0.400000006, 1)
p1.BackSurface = Enum.SurfaceType.Weld
p1.BottomSurface = Enum.SurfaceType.Weld
p1.FrontSurface = Enum.SurfaceType.Weld
p1.LeftSurface = Enum.SurfaceType.Weld
p1.RightSurface = Enum.SurfaceType.Weld
p1.TopSurface = Enum.SurfaceType.Weld
b1 = Instance.new("SpecialMesh", p1)
b1.MeshType = Enum.MeshType.Brick
b1.Name = "Mesh"
b1.Scale = Vector3.new(0.300000012, 0.499999911, 0.300000012)
p2 = Instance.new("Part", m)
p2.BrickColor = BrickColor.new("Dark orange")
p2.Material = Enum.Material.Wood
p2.Reflectance = 0.10000000149012
p2.CFrame = CFrame.new(-45.0000038, 4.69900036, 0.900000036, 1, 0, 0, 0, -1, 0, 0, 0, -1)
p2.Anchored = true
p2.FormFactor = Enum.FormFactor.Plate
p2.Size = Vector3.new(2, 1.20000005, 2)
p2.BackSurface = Enum.SurfaceType.Weld
p2.BottomSurface = Enum.SurfaceType.Weld
p2.FrontSurface = Enum.SurfaceType.Weld
p2.LeftSurface = Enum.SurfaceType.Weld
p2.RightSurface = Enum.SurfaceType.Weld
p2.TopSurface = Enum.SurfaceType.Weld
b2 = Instance.new("CylinderMesh", p2)
b2.Name = "Mesh"
b2.Scale = Vector3.new(1.00000012, 0.499999911, 0.900000095)
p3 = Instance.new("Part", m)
p3.BrickColor = BrickColor.new("Dark orange")
p3.Material = Enum.Material.Wood
p3.Reflectance = 0.10000000149012
p3.CFrame = CFrame.new(-45.0000038, 4.89900017, 0.900000036, 1, 0, 0, 0, -1, 0, 0, 0, -1)
p3.Anchored = true
p3.FormFactor = Enum.FormFactor.Plate
p3.Size = Vector3.new(2, 1.20000005, 2)
p3.BackSurface = Enum.SurfaceType.Weld
p3.BottomSurface = Enum.SurfaceType.Weld
p3.FrontSurface = Enum.SurfaceType.Weld
p3.LeftSurface = Enum.SurfaceType.Weld
p3.RightSurface = Enum.SurfaceType.Weld
p3.TopSurface = Enum.SurfaceType.Weld
b3 = Instance.new("CylinderMesh", p3)
b3.Name = "Mesh"
b3.Scale = Vector3.new(1.00000012, 0.499999911, 0.900000095)
p4 = Instance.new("Part", m)
p4.BrickColor = BrickColor.new("Dark orange")
p4.Material = Enum.Material.Wood
p4.Reflectance = 0.10000000149012
p4.CFrame = CFrame.new(-45.0000038, 5.30900002, 0.900000036, 1, 0, 0, 0, -1, 0, 0, 0, -1)
p4.Anchored = true
p4.FormFactor = Enum.FormFactor.Plate
p4.Size = Vector3.new(2, 0.400000006, 2)
p4.BackSurface = Enum.SurfaceType.Weld
p4.BottomSurface = Enum.SurfaceType.Weld
p4.FrontSurface = Enum.SurfaceType.Weld
p4.LeftSurface = Enum.SurfaceType.Weld
p4.RightSurface = Enum.SurfaceType.Weld
p4.TopSurface = Enum.SurfaceType.Weld
b4 = Instance.new("CylinderMesh", p4)
b4.Name = "Mesh"
b4.Scale = Vector3.new(1.10000014, 0.199999928, 1.00000012)
p5 = Instance.new("Part", m)
p5.BrickColor = BrickColor.new("Dark orange")
p5.Material = Enum.Material.Wood
p5.Reflectance = 0.10000000149012
p5.CFrame = CFrame.new(-45.2999992, 3.29999995, 0.900000036, 1, -0, -0, 0, -1, -0, 0, -0, -1)
p5.Anchored = true
p5.FormFactor = Enum.FormFactor.Plate
p5.Size = Vector3.new(1, 1.60000002, 1)
p5.BackSurface = Enum.SurfaceType.Weld
p5.BottomSurface = Enum.SurfaceType.Weld
p5.FrontSurface = Enum.SurfaceType.Weld
p5.LeftSurface = Enum.SurfaceType.Weld
p5.RightSurface = Enum.SurfaceType.Weld
p5.TopSurface = Enum.SurfaceType.Weld
b5 = Instance.new("SpecialMesh", p5)
b5.MeshType = Enum.MeshType.Brick
b5.Name = "Mesh"
b5.Scale = Vector3.new(0.200000018, 1, 0.200000018)
p6 = Instance.new("Part", m)
p6.BrickColor = BrickColor.new("Dark orange")
p6.Material = Enum.Material.Wood
p6.Reflectance = 0.10000000149012
p6.CFrame = CFrame.new(-45.2999992, 3.79999995, 0.900000036, 1, -0, -0, 0, -1, -0, 0, -0, -1)
p6.Anchored = true
p6.FormFactor = Enum.FormFactor.Plate
p6.Size = Vector3.new(1, 0.400000006, 1)
p6.BackSurface = Enum.SurfaceType.Weld
p6.BottomSurface = Enum.SurfaceType.Weld
p6.FrontSurface = Enum.SurfaceType.Weld
p6.LeftSurface = Enum.SurfaceType.Weld
p6.RightSurface = Enum.SurfaceType.Weld
p6.TopSurface = Enum.SurfaceType.Weld
b6 = Instance.new("SpecialMesh", p6)
b6.MeshType = Enum.MeshType.Brick
b6.Name = "Mesh"
b6.Scale = Vector3.new(0.300000012, 0.199999928, 0.300000012)
p7 = Instance.new("Part", m)
p7.BrickColor = BrickColor.new("Dark orange")
p7.Material = Enum.Material.Wood
p7.Reflectance = 0.10000000149012
p7.CFrame = CFrame.new(-45.0000038, 4.29900026, 0.900000036, 1, 0, 0, 0, -1, 0, 0, 0, -1)
p7.Anchored = true
p7.FormFactor = Enum.FormFactor.Plate
p7.Size = Vector3.new(2, 0.400000006, 2)
p7.BackSurface = Enum.SurfaceType.Weld
p7.BottomSurface = Enum.SurfaceType.Weld
p7.FrontSurface = Enum.SurfaceType.Weld
p7.LeftSurface = Enum.SurfaceType.Weld
p7.RightSurface = Enum.SurfaceType.Weld
p7.TopSurface = Enum.SurfaceType.Weld
b7 = Instance.new("CylinderMesh", p7)
b7.Name = "Mesh"
b7.Scale = Vector3.new(1.00000012, 0.499999911, 0.900000095)
p8 = Instance.new("Part", m)
p8.BrickColor = BrickColor.new("Dark orange")
p8.Material = Enum.Material.Wood
p8.Reflectance = 0.10000000149012
p8.CFrame = CFrame.new(-44.064003, 5.29900026, 0.238000005, 0.984816551, 2.54318365e-006, -0.173598126, 2.98661507e-006, -1, 2.29316356e-006, -0.173598126, -2.77681465e-006, -0.984816551)
p8.Anchored = true
p8.FormFactor = Enum.FormFactor.Plate
p8.Size = Vector3.new(2, 0.400000006, 1)
p8.BackSurface = Enum.SurfaceType.Weld
p8.BottomSurface = Enum.SurfaceType.Weld
p8.FrontSurface = Enum.SurfaceType.Weld
p8.LeftSurface = Enum.SurfaceType.Weld
p8.RightSurface = Enum.SurfaceType.Weld
p8.TopSurface = Enum.SurfaceType.Weld
b8 = Instance.new("SpecialMesh", p8)
b8.MeshType = Enum.MeshType.Brick
b8.Name = "Mesh"
b8.Scale = Vector3.new(1.00000012, 0.200000003, 0.900000095)
p9 = Instance.new("Part", m)
p9.BrickColor = BrickColor.new("Dark orange")
p9.Material = Enum.Material.Wood
p9.Reflectance = 0.10000000149012
p9.CFrame = CFrame.new(-45.2999992, 1.89999998, 0.900000036, 1, -0, -0, 0, -1, -0, 0, -0, -1)
p9.Anchored = true
p9.FormFactor = Enum.FormFactor.Plate
p9.Size = Vector3.new(1, 0.400000006, 1)
p9.BackSurface = Enum.SurfaceType.Weld
p9.BottomSurface = Enum.SurfaceType.Weld
p9.FrontSurface = Enum.SurfaceType.Weld
p9.LeftSurface = Enum.SurfaceType.Weld
p9.RightSurface = Enum.SurfaceType.Weld
p9.TopSurface = Enum.SurfaceType.Weld
b9 = Instance.new("SpecialMesh", p9)
b9.MeshType = Enum.MeshType.Brick
b9.Name = "Mesh"
b9.Scale = Vector3.new(0.100000016, 1, 0.100000016)
p10 = Instance.new("Part", m)
p10.BrickColor = BrickColor.new("Dark orange")
p10.Material = Enum.Material.Wood
p10.Reflectance = 0.10000000149012
p10.CFrame = CFrame.new(-45.2999992, 2.29999995, 0.900000036, 1, -0, -0, 0, -1, -0, 0, -0, -1)
p10.Anchored = true
p10.FormFactor = Enum.FormFactor.Plate
p10.Size = Vector3.new(1, 0.400000006, 1)
p10.BackSurface = Enum.SurfaceType.Weld
p10.BottomSurface = Enum.SurfaceType.Weld
p10.FrontSurface = Enum.SurfaceType.Weld
p10.LeftSurface = Enum.SurfaceType.Weld
p10.RightSurface = Enum.SurfaceType.Weld
p10.TopSurface = Enum.SurfaceType.Weld
b10 = Instance.new("SpecialMesh", p10)
b10.MeshType = Enum.MeshType.Brick
b10.Name = "Mesh"
b10.Scale = Vector3.new(0.200000018, 2.00000024, 0.200000018)
p11 = Instance.new("Part", m)
p11.BrickColor = BrickColor.new("Dark orange")
p11.Material = Enum.Material.Wood
p11.Reflectance = 0.10000000149012
p11.CFrame = CFrame.new(-45.2999992, 2.20000005, 0.900000036, 1, -0, -0, 0, -1, -0, 0, -0, -1)
p11.Anchored = true
p11.FormFactor = Enum.FormFactor.Plate
p11.Size = Vector3.new(1, 0.400000006, 1)
p11.BackSurface = Enum.SurfaceType.Weld
p11.BottomSurface = Enum.SurfaceType.Weld
p11.FrontSurface = Enum.SurfaceType.Weld
p11.LeftSurface = Enum.SurfaceType.Weld
p11.RightSurface = Enum.SurfaceType.Weld
p11.TopSurface = Enum.SurfaceType.Weld
b11 = Instance.new("SpecialMesh", p11)
b11.MeshType = Enum.MeshType.Brick
b11.Name = "Mesh"
b11.Scale = Vector3.new(0.300000012, 0.199999928, 0.300000012)
p12 = Instance.new("Part", m)
p12.BrickColor = BrickColor.new("Dark orange")
p12.Material = Enum.Material.Wood
p12.Reflectance = 0.10000000149012
p12.CFrame = CFrame.new(-43.0890007, 5.29900026, -0.074000001, 0.939690709, 4.83564145e-006, -0.342025429, 6.51590381e-006, -1, 3.76374373e-006, -0.342025399, -5.76535967e-006, -0.939690709)
p12.Anchored = true
p12.FormFactor = Enum.FormFactor.Plate
p12.Size = Vector3.new(3, 0.400000006, 1)
p12.BackSurface = Enum.SurfaceType.Weld
p12.BottomSurface = Enum.SurfaceType.Weld
p12.FrontSurface = Enum.SurfaceType.Weld
p12.LeftSurface = Enum.SurfaceType.Weld
p12.RightSurface = Enum.SurfaceType.Weld
p12.TopSurface = Enum.SurfaceType.Weld
b12 = Instance.new("SpecialMesh", p12)
b12.MeshType = Enum.MeshType.Brick
b12.Name = "Mesh"
b12.Scale = Vector3.new(1.00000012, 0.199999928, 0.900000095)
p13 = Instance.new("Part", m)
p13.BrickColor = BrickColor.new("Dark orange")
p13.Material = Enum.Material.Wood
p13.Reflectance = 0.10000000149012
p13.CFrame = CFrame.new(-42.557003, 5.29900026, -0.300000012, 0.866051793, 6.8578629e-006, -0.499954283, 1.04078617e-005, -1, 4.31216176e-006, -0.499954283, -8.93801007e-006, -0.866051793)
p13.Anchored = true
p13.FormFactor = Enum.FormFactor.Plate
p13.Size = Vector3.new(3, 0.400000006, 1)
p13.BackSurface = Enum.SurfaceType.Weld
p13.BottomSurface = Enum.SurfaceType.Weld
p13.FrontSurface = Enum.SurfaceType.Weld
p13.LeftSurface = Enum.SurfaceType.Weld
p13.RightSurface = Enum.SurfaceType.Weld
p13.TopSurface = Enum.SurfaceType.Weld
b13 = Instance.new("SpecialMesh", p13)
b13.MeshType = Enum.MeshType.Brick
b13.Name = "Mesh"
b13.Scale = Vector3.new(1.00000012, 0.199999928, 0.900000095)
p14 = Instance.new("Part", m)
p14.BrickColor = BrickColor.new("Dark orange")
p14.Material = Enum.Material.Wood
p14.Reflectance = 0.10000000149012
p14.CFrame = CFrame.new(-45.2999992, 1.5, 0.900000036, 1, -0, -0, 0, -1, -0, 0, -0, -1)
p14.Anchored = true
p14.FormFactor = Enum.FormFactor.Plate
p14.Size = Vector3.new(1, 0.400000006, 1)
p14.BackSurface = Enum.SurfaceType.Weld
p14.BottomSurface = Enum.SurfaceType.Weld
p14.FrontSurface = Enum.SurfaceType.Weld
p14.LeftSurface = Enum.SurfaceType.Weld
p14.RightSurface = Enum.SurfaceType.Weld
p14.TopSurface = Enum.SurfaceType.Weld
b14 = Instance.new("SpecialMesh", p14)
b14.MeshType = Enum.MeshType.Brick
b14.Name = "Mesh"
b14.Scale = Vector3.new(0.200000018, 1, 0.200000018)
p15 = Instance.new("Part", m)
p15.BrickColor = BrickColor.new("Dark orange")
p15.Material = Enum.Material.Wood
p15.Reflectance = 0.10000000149012
p15.CFrame = CFrame.new(-45.2999992, 1.39999998, 0.900000036, 1, -0, -0, 0, -1, -0, 0, -0, -1)
p15.Anchored = true
p15.FormFactor = Enum.FormFactor.Plate
p15.Size = Vector3.new(1, 0.400000006, 1)
p15.BackSurface = Enum.SurfaceType.Weld
p15.BottomSurface = Enum.SurfaceType.Weld
p15.FrontSurface = Enum.SurfaceType.Weld
p15.LeftSurface = Enum.SurfaceType.Weld
p15.RightSurface = Enum.SurfaceType.Weld
p15.TopSurface = Enum.SurfaceType.Weld
b15 = Instance.new("SpecialMesh", p15)
b15.MeshType = Enum.MeshType.Brick
b15.Name = "Mesh"
b15.Scale = Vector3.new(0.300000012, 0.199999928, 0.300000012)
p16 = Instance.new("Part", m)
p16.BrickColor = BrickColor.new("Dark orange")
p16.Material = Enum.Material.Wood
p16.Reflectance = 0.10000000149012
p16.CFrame = CFrame.new(-42.557003, 4.69900036, -0.300000012, 0.866051793, 6.8578629e-006, -0.499954283, 1.04078617e-005, -1, 4.31216176e-006, -0.499954283, -8.93801007e-006, -0.866051793)
p16.Anchored = true
p16.FormFactor = Enum.FormFactor.Plate
p16.Size = Vector3.new(3, 2, 1)
p16.BackSurface = Enum.SurfaceType.Weld
p16.BottomSurface = Enum.SurfaceType.Weld
p16.FrontSurface = Enum.SurfaceType.Weld
p16.LeftSurface = Enum.SurfaceType.Weld
p16.RightSurface = Enum.SurfaceType.Weld
p16.TopSurface = Enum.SurfaceType.Weld
b16 = Instance.new("SpecialMesh", p16)
b16.MeshType = Enum.MeshType.Brick
b16.Name = "Mesh"
b16.Scale = Vector3.new(1.00000012, 0.499999911, 0.900000095)
p17 = Instance.new("Part", m)
p17.BrickColor = BrickColor.new("Dark orange")
p17.Material = Enum.Material.Wood
p17.Reflectance = 0.10000000149012
p17.CFrame = CFrame.new(-42.5870018, 4.79900026, 0.0270000007, 0.984816551, 2.54318365e-006, -0.173598126, 2.98661507e-006, -1, 2.29316356e-006, -0.173598126, -2.77681465e-006, -0.984816551)
p17.Anchored = true
p17.FormFactor = Enum.FormFactor.Plate
p17.Size = Vector3.new(5, 1.60000002, 1)
p17.BackSurface = Enum.SurfaceType.Weld
p17.BottomSurface = Enum.SurfaceType.Weld
p17.FrontSurface = Enum.SurfaceType.Weld
p17.LeftSurface = Enum.SurfaceType.Weld
p17.RightSurface = Enum.SurfaceType.Weld
p17.TopSurface = Enum.SurfaceType.Weld
b17 = Instance.new("SpecialMesh", p17)
b17.MeshType = Enum.MeshType.Brick
b17.Name = "Mesh"
b17.Scale = Vector3.new(1.00000012, 0.499999911, 0.900000095)
p18 = Instance.new("Part", m)
p18.BrickColor = BrickColor.new("Dark orange")
p18.Material = Enum.Material.Wood
p18.Reflectance = 0.10000000149012
p18.CFrame = CFrame.new(-42.0080032, 5.09900045, 0.383000016, 0.984816551, 2.54318365e-006, -0.173598126, 2.98661507e-006, -1, 2.29316356e-006, -0.173598126, -2.77681465e-006, -0.984816551)
p18.Anchored = true
p18.FormFactor = Enum.FormFactor.Plate
p18.Size = Vector3.new(6, 0.400000006, 2)
p18.BackSurface = Enum.SurfaceType.Weld
p18.BottomSurface = Enum.SurfaceType.Weld
p18.FrontSurface = Enum.SurfaceType.Weld
p18.LeftSurface = Enum.SurfaceType.Weld
p18.RightSurface = Enum.SurfaceType.Weld
p18.TopSurface = Enum.SurfaceType.Weld
b18 = Instance.new("SpecialMesh", p18)
b18.MeshType = Enum.MeshType.Brick
b18.Name = "Mesh"
b18.Scale = Vector3.new(1.00000012, 0.499999911, 0.900000095)
p19 = Instance.new("Part", m)
p19.BrickColor = BrickColor.new("Dark orange")
p19.Material = Enum.Material.Wood
p19.Reflectance = 0.10000000149012
p19.CFrame = CFrame.new(-42.0000038, 5.09900045, 0.900000036, 1, 0, 0, 0, -1, 0, 0, 0, -1)
p19.Anchored = true
p19.FormFactor = Enum.FormFactor.Plate
p19.Size = Vector3.new(6, 0.400000006, 2)
p19.BackSurface = Enum.SurfaceType.Weld
p19.BottomSurface = Enum.SurfaceType.Weld
p19.FrontSurface = Enum.SurfaceType.Weld
p19.LeftSurface = Enum.SurfaceType.Weld
p19.RightSurface = Enum.SurfaceType.Weld
p19.TopSurface = Enum.SurfaceType.Weld
b19 = Instance.new("SpecialMesh", p19)
b19.MeshType = Enum.MeshType.Brick
b19.Name = "Mesh"
b19.Scale = Vector3.new(1.00000012, 0.499999911, 0.900000095)
p20 = Instance.new("Part", m)
p20.BrickColor = BrickColor.new("Dark orange")
p20.Material = Enum.Material.Wood
p20.Reflectance = 0.10000000149012
p20.CFrame = CFrame.new(-41.6790009, 4.77900028, -0.587000012, 0.939690709, 4.83564145e-006, -0.342025429, 6.51590381e-006, -1, 3.76374373e-006, -0.342025399, -5.76535967e-006, -0.939690709)
p20.Anchored = true
p20.FormFactor = Enum.FormFactor.Plate
p20.Size = Vector3.new(6, 1.20000005, 1)
p20.BackSurface = Enum.SurfaceType.Weld
p20.BottomSurface = Enum.SurfaceType.Weld
p20.FrontSurface = Enum.SurfaceType.Weld
p20.LeftSurface = Enum.SurfaceType.Weld
p20.RightSurface = Enum.SurfaceType.Weld
p20.TopSurface = Enum.SurfaceType.Weld
b20 = Instance.new("SpecialMesh", p20)
b20.MeshType = Enum.MeshType.Brick
b20.Name = "Mesh"
b20.Scale = Vector3.new(1.00000012, 0.699999928, 0.900000095)
p21 = Instance.new("Part", m)
p21.BrickColor = BrickColor.new("Dark orange")
p21.Material = Enum.Material.Wood
p21.Reflectance = 0.10000000149012
p21.CFrame = CFrame.new(-42.1000023, 4.29900026, 0.900000036, 1, 0, 0, 0, -1, 0, 0, 0, -1)
p21.Anchored = true
p21.FormFactor = Enum.FormFactor.Plate
p21.Size = Vector3.new(5, 0.400000006, 2)
p21.BackSurface = Enum.SurfaceType.Weld
p21.BottomSurface = Enum.SurfaceType.Weld
p21.FrontSurface = Enum.SurfaceType.Weld
p21.LeftSurface = Enum.SurfaceType.Weld
p21.RightSurface = Enum.SurfaceType.Weld
p21.TopSurface = Enum.SurfaceType.Weld
b21 = Instance.new("SpecialMesh", p21)
b21.MeshType = Enum.MeshType.Brick
b21.Name = "Mesh"
b21.Scale = Vector3.new(1.00000012, 0.499999911, 0.900000095)
p22 = Instance.new("Part", m)
p22.BrickColor = BrickColor.new("Dark orange")
p22.Material = Enum.Material.Wood
p22.Reflectance = 0.10000000149012
p22.CFrame = CFrame.new(-42.5000038, 4.29900026, 0.900000036, 1, 0, 0, 0, -1, 0, 0, 0, -1)
p22.Anchored = true
p22.FormFactor = Enum.FormFactor.Plate
p22.Size = Vector3.new(5, 0.400000006, 2)
p22.BackSurface = Enum.SurfaceType.Weld
p22.BottomSurface = Enum.SurfaceType.Weld
p22.FrontSurface = Enum.SurfaceType.Weld
p22.LeftSurface = Enum.SurfaceType.Weld
p22.RightSurface = Enum.SurfaceType.Weld
p22.TopSurface = Enum.SurfaceType.Weld
b22 = Instance.new("SpecialMesh", p22)
b22.MeshType = Enum.MeshType.Brick
b22.Name = "Mesh"
b22.Scale = Vector3.new(1.00000012, 0.499999911, 0.900000095)
p23 = Instance.new("Part", m)
p23.BrickColor = BrickColor.new("Dark orange")
p23.Material = Enum.Material.Wood
p23.Reflectance = 0.10000000149012
p23.CFrame = CFrame.new(-42.0080032, 4.29900026, 0.383000016, 0.984816551, 2.54318365e-006, -0.173598126, 2.98661507e-006, -1, 2.29316356e-006, -0.173598126, -2.77681465e-006, -0.984816551)
p23.Anchored = true
p23.FormFactor = Enum.FormFactor.Plate
p23.Size = Vector3.new(6, 0.400000006, 2)
p23.BackSurface = Enum.SurfaceType.Weld
p23.BottomSurface = Enum.SurfaceType.Weld
p23.FrontSurface = Enum.SurfaceType.Weld
p23.LeftSurface = Enum.SurfaceType.Weld
p23.RightSurface = Enum.SurfaceType.Weld
p23.TopSurface = Enum.SurfaceType.Weld
b23 = Instance.new("SpecialMesh", p23)
b23.MeshType = Enum.MeshType.Brick
b23.Name = "Mesh"
b23.Scale = Vector3.new(1.00000012, 0.499999911, 0.900000095)
p24 = Instance.new("Part", m)
p24.BrickColor = BrickColor.new("Dark orange")
p24.Material = Enum.Material.Wood
p24.Reflectance = 0.10000000149012
p24.CFrame = CFrame.new(-41.5950012, 5.29900026, -0.857000053, 0.76604259, 2.9469662e-005, -0.642789781, -6.39489144e-006, -1, -5.34675928e-005, -0.642789781, 4.50690204e-005, -0.76604259)
p24.Anchored = true
p24.FormFactor = Enum.FormFactor.Plate
p24.Size = Vector3.new(4, 0.400000006, 1)
p24.BackSurface = Enum.SurfaceType.Weld
p24.BottomSurface = Enum.SurfaceType.Weld
p24.FrontSurface = Enum.SurfaceType.Weld
p24.LeftSurface = Enum.SurfaceType.Weld
p24.RightSurface = Enum.SurfaceType.Weld
p24.TopSurface = Enum.SurfaceType.Weld
b24 = Instance.new("SpecialMesh", p24)
b24.MeshType = Enum.MeshType.Brick
b24.Name = "Mesh"
b24.Scale = Vector3.new(1.00000012, 0.199999928, 0.900000095)
p25 = Instance.new("Part", m)
p25.BrickColor = BrickColor.new("Dark orange")
p25.Material = Enum.Material.Wood
p25.Reflectance = 0.10000000149012
p25.CFrame = CFrame.new(-40.6000023, 4.69900036, 1.70000005, -6.10384159e-005, 3.05143185e-005, -1, -1, -9.15550627e-005, 6.10356219e-005, -9.15532e-005, 1, 3.05199064e-005)
p25.Anchored = true
p25.FormFactor = Enum.FormFactor.Plate
p25.Size = Vector3.new(1, 0.400000006, 10)
p25.BackSurface = Enum.SurfaceType.Weld
p25.BottomSurface = Enum.SurfaceType.Weld
p25.FrontSurface = Enum.SurfaceType.Weld
p25.LeftSurface = Enum.SurfaceType.Weld
p25.RightSurface = Enum.SurfaceType.Weld
p25.TopSurface = Enum.SurfaceType.Weld
b25 = Instance.new("SpecialMesh", p25)
b25.MeshType = Enum.MeshType.Brick
b25.Name = "Mesh"
b25.Scale = Vector3.new(1.00000012, 0.499999911, 0.900000095)
p26 = Instance.new("Part", m)
p26.BrickColor = BrickColor.new("Dark orange")
p26.Material = Enum.Material.Wood
p26.Reflectance = 0.10000000149012
p26.CFrame = CFrame.new(-41.5080032, 4.29900026, -0.117000006, 0.939690709, 4.83564145e-006, -0.342025429, 6.51590381e-006, -1, 3.76374373e-006, -0.342025399, -5.76535967e-006, -0.939690709)
p26.Anchored = true
p26.FormFactor = Enum.FormFactor.Plate
p26.Size = Vector3.new(6, 0.400000006, 2)
p26.BackSurface = Enum.SurfaceType.Weld
p26.BottomSurface = Enum.SurfaceType.Weld
p26.FrontSurface = Enum.SurfaceType.Weld
p26.LeftSurface = Enum.SurfaceType.Weld
p26.RightSurface = Enum.SurfaceType.Weld
p26.TopSurface = Enum.SurfaceType.Weld
b26 = Instance.new("SpecialMesh", p26)
b26.MeshType = Enum.MeshType.Brick
b26.Name = "Mesh"
b26.Scale = Vector3.new(1.00000012, 0.499999911, 0.900000095)
p27 = Instance.new("Part", m)
p27.BrickColor = BrickColor.new("Dark orange")
p27.Material = Enum.Material.Wood
p27.Reflectance = 0.10000000149012
p27.CFrame = CFrame.new(-41.0080032, 4.29900026, -0.617000043, 0.866051793, 6.8578629e-006, -0.499954283, 1.04078617e-005, -1, 4.31216176e-006, -0.499954283, -8.93801007e-006, -0.866051793)
p27.Anchored = true
p27.FormFactor = Enum.FormFactor.Plate
p27.Size = Vector3.new(6, 0.400000006, 2)
p27.BackSurface = Enum.SurfaceType.Weld
p27.BottomSurface = Enum.SurfaceType.Weld
p27.FrontSurface = Enum.SurfaceType.Weld
p27.LeftSurface = Enum.SurfaceType.Weld
p27.RightSurface = Enum.SurfaceType.Weld
p27.TopSurface = Enum.SurfaceType.Weld
b27 = Instance.new("SpecialMesh", p27)
b27.MeshType = Enum.MeshType.Brick
b27.Name = "Mesh"
b27.Scale = Vector3.new(1.00000012, 0.499999911, 0.900000095)
p28 = Instance.new("Part", m)
p28.BrickColor = BrickColor.new("Dark orange")
p28.Material = Enum.Material.Wood
p28.Reflectance = 0.10000000149012
p28.CFrame = CFrame.new(-40.0800018, 5.29900026, 1.70000005, -6.10291027e-005, -3.05217691e-005, 1, -1, -0.000152581837, -6.10337593e-005, 0.0001525837, -1, -3.05124559e-005)
p28.Anchored = true
p28.FormFactor = Enum.FormFactor.Plate
p28.Size = Vector3.new(1, 0.400000006, 11)
p28.BackSurface = Enum.SurfaceType.Weld
p28.BottomSurface = Enum.SurfaceType.Weld
p28.FrontSurface = Enum.SurfaceType.Weld
p28.LeftSurface = Enum.SurfaceType.Weld
p28.RightSurface = Enum.SurfaceType.Weld
p28.TopSurface = Enum.SurfaceType.Weld
b28 = Instance.new("SpecialMesh", p28)
b28.MeshType = Enum.MeshType.Brick
b28.Name = "Mesh"
b28.Scale = Vector3.new(0.100000121, 1.10000002, 0.900000095)
p29 = Instance.new("Part", m)
p29.BrickColor = BrickColor.new("Dark orange")
p29.Material = Enum.Material.Wood
p29.Reflectance = 0.10000000149012
p29.CFrame = CFrame.new(-40.5080032, 4.79900026, -1.1170001, 0.76604259, 2.9469662e-005, -0.642789781, -6.39489144e-006, -1, -5.34675928e-005, -0.642789781, 4.50690204e-005, -0.76604259)
p29.Anchored = true
p29.FormFactor = Enum.FormFactor.Plate
p29.Size = Vector3.new(6, 1.20000005, 2)
p29.BackSurface = Enum.SurfaceType.Weld
p29.BottomSurface = Enum.SurfaceType.Weld
p29.FrontSurface = Enum.SurfaceType.Weld
p29.LeftSurface = Enum.SurfaceType.Weld
p29.RightSurface = Enum.SurfaceType.Weld
p29.TopSurface = Enum.SurfaceType.Weld
b29 = Instance.new("SpecialMesh", p29)
b29.MeshType = Enum.MeshType.Brick
b29.Name = "Mesh"
b29.Scale = Vector3.new(1.00000012, 0.699999928, 0.900000095)
p30 = Instance.new("Part", m)
p30.BrickColor = BrickColor.new("Dark orange")
p30.Material = Enum.Material.Wood
p30.Reflectance = 0.10000000149012
p30.CFrame = CFrame.new(-39.7300034, 5.29900026, 1.30000007, -6.10291027e-005, -3.05217691e-005, 1, -1, -0.000152581837, -6.10337593e-005, 0.0001525837, -1, -3.05124559e-005)
p30.Anchored = true
p30.FormFactor = Enum.FormFactor.Plate
p30.Size = Vector3.new(1, 0.400000006, 10)
p30.BackSurface = Enum.SurfaceType.Weld
p30.BottomSurface = Enum.SurfaceType.Weld
p30.FrontSurface = Enum.SurfaceType.Weld
p30.LeftSurface = Enum.SurfaceType.Weld
p30.RightSurface = Enum.SurfaceType.Weld
p30.TopSurface = Enum.SurfaceType.Weld
b30 = Instance.new("SpecialMesh", p30)
b30.MeshType = Enum.MeshType.Brick
b30.Name = "Mesh"
b30.Scale = Vector3.new(0.100000121, 1, 0.900000095)
p31 = Instance.new("Part", m)
p31.BrickColor = BrickColor.new("Dark orange")
p31.Material = Enum.Material.Wood
p31.Reflectance = 0.10000000149012
p31.CFrame = CFrame.new(-40.0080032, 4.29900026, -1.6170001, 0.642787814, 1.0036485e-005, -0.766044319, 1.85232311e-005, -1, 2.44114199e-006, -0.766044259, -1.57587492e-005, -0.642787755)
p31.Anchored = true
p31.FormFactor = Enum.FormFactor.Plate
p31.Size = Vector3.new(6, 0.400000006, 2)
p31.BackSurface = Enum.SurfaceType.Weld
p31.BottomSurface = Enum.SurfaceType.Weld
p31.FrontSurface = Enum.SurfaceType.Weld
p31.LeftSurface = Enum.SurfaceType.Weld
p31.RightSurface = Enum.SurfaceType.Weld
p31.TopSurface = Enum.SurfaceType.Weld
b31 = Instance.new("SpecialMesh", p31)
b31.MeshType = Enum.MeshType.Brick
b31.Name = "Mesh"
b31.Scale = Vector3.new(1.00000012, 0.499999911, 0.900000095)
p32 = Instance.new("Part", m)
p32.BrickColor = BrickColor.new("Dark orange")
p32.Material = Enum.Material.Wood
p32.Reflectance = 0.10000000149012
p32.CFrame = CFrame.new(-40.5080032, 4.29900026, -1.1170001, 0.76604259, 8.59598003e-006, -0.642789781, 1.44789119e-005, -1, 3.88226908e-006, -0.642789781, -1.22808779e-005, -0.76604259)
p32.Anchored = true
p32.FormFactor = Enum.FormFactor.Plate
p32.Size = Vector3.new(6, 0.400000006, 2)
p32.BackSurface = Enum.SurfaceType.Weld
p32.BottomSurface = Enum.SurfaceType.Weld
p32.FrontSurface = Enum.SurfaceType.Weld
p32.LeftSurface = Enum.SurfaceType.Weld
p32.RightSurface = Enum.SurfaceType.Weld
p32.TopSurface = Enum.SurfaceType.Weld
b32 = Instance.new("SpecialMesh", p32)
b32.MeshType = Enum.MeshType.Brick
b32.Name = "Mesh"
b32.Scale = Vector3.new(1.00000012, 0.499999911, 0.900000095)
p33 = Instance.new("Part", m)
p33.BrickColor = BrickColor.new("Dark orange")
p33.Material = Enum.Material.Wood
p33.Reflectance = 0.10000000149012
p33.CFrame = CFrame.new(-39.4800034, 5.29900026, 1.70000005, -6.10291027e-005, -3.05217691e-005, 1, -1, -0.000152581837, -6.10337593e-005, 0.0001525837, -1, -3.05124559e-005)
p33.Anchored = true
p33.FormFactor = Enum.FormFactor.Plate
p33.Size = Vector3.new(1, 0.400000006, 10)
p33.BackSurface = Enum.SurfaceType.Weld
p33.BottomSurface = Enum.SurfaceType.Weld
p33.FrontSurface = Enum.SurfaceType.Weld
p33.LeftSurface = Enum.SurfaceType.Weld
p33.RightSurface = Enum.SurfaceType.Weld
p33.TopSurface = Enum.SurfaceType.Weld
b33 = Instance.new("SpecialMesh", p33)
b33.MeshType = Enum.MeshType.Brick
b33.Name = "Mesh"
b33.Scale = Vector3.new(0.100000121, 1.10000002, 0.900000095)
p34 = Instance.new("Part", m)
p34.BrickColor = BrickColor.new("Dark orange")
p34.Material = Enum.Material.Wood
p34.Reflectance = 0.10000000149012
p34.CFrame = CFrame.new(-39.7300034, 5.19900036, 1.70000005, 4.19095159e-009, -6.10393472e-005, 1, -1, -0.000122068916, 1.39698386e-009, 0.000122069847, -1, -6.10346906e-005)
p34.Anchored = true
p34.FormFactor = Enum.FormFactor.Plate
p34.Size = Vector3.new(1, 0.400000006, 10)
p34.BackSurface = Enum.SurfaceType.Weld
p34.BottomSurface = Enum.SurfaceType.Weld
p34.FrontSurface = Enum.SurfaceType.Weld
p34.LeftSurface = Enum.SurfaceType.Weld
p34.RightSurface = Enum.SurfaceType.Weld
p34.TopSurface = Enum.SurfaceType.Weld
b34 = Instance.new("SpecialMesh", p34)
b34.MeshType = Enum.MeshType.Brick
b34.Name = "Mesh"
b34.Scale = Vector3.new(0.100000121, 1, 0.900000095)
p35 = Instance.new("Part", m)
p35.BrickColor = BrickColor.new("Dark orange")
p35.Material = Enum.Material.Wood
p35.Reflectance = 0.10000000149012
p35.CFrame = CFrame.new(-40.0080032, 4.79900026, -1.6170001, 0.642787814, 1.0036485e-005, -0.766044319, 1.85232311e-005, -1, 2.44114199e-006, -0.766044259, -1.57587492e-005, -0.642787755)
p35.Anchored = true
p35.FormFactor = Enum.FormFactor.Plate
p35.Size = Vector3.new(6, 1.20000005, 2)
p35.BackSurface = Enum.SurfaceType.Weld
p35.BottomSurface = Enum.SurfaceType.Weld
p35.FrontSurface = Enum.SurfaceType.Weld
p35.LeftSurface = Enum.SurfaceType.Weld
p35.RightSurface = Enum.SurfaceType.Weld
p35.TopSurface = Enum.SurfaceType.Weld
b35 = Instance.new("SpecialMesh", p35)
b35.MeshType = Enum.MeshType.Brick
b35.Name = "Mesh"
b35.Scale = Vector3.new(1.00000012, 0.699999928, 0.900000095)
p36 = Instance.new("Part", m)
p36.BrickColor = BrickColor.new("Dark orange")
p36.Material = Enum.Material.Wood
p36.Reflectance = 0.10000000149012
p36.CFrame = CFrame.new(-39.5080032, 4.79900026, -2.1170001, 0.500046015, 1.11689915e-005, -0.865998864, 2.23395891e-005, -1, 2.11730367e-009, -0.865998805, -1.93471169e-005, -0.500046015)
p36.Anchored = true
p36.FormFactor = Enum.FormFactor.Plate
p36.Size = Vector3.new(6, 1.20000005, 2)
p36.BackSurface = Enum.SurfaceType.Weld
p36.BottomSurface = Enum.SurfaceType.Weld
p36.FrontSurface = Enum.SurfaceType.Weld
p36.LeftSurface = Enum.SurfaceType.Weld
p36.RightSurface = Enum.SurfaceType.Weld
p36.TopSurface = Enum.SurfaceType.Weld
b36 = Instance.new("SpecialMesh", p36)
b36.MeshType = Enum.MeshType.Brick
b36.Name = "Mesh"
b36.Scale = Vector3.new(1.00000012, 0.699999928, 0.900000095)
p37 = Instance.new("Part", m)
p37.BrickColor = BrickColor.new("Dark orange")
p37.Material = Enum.Material.Wood
p37.Reflectance = 0.10000000149012
p37.CFrame = CFrame.new(-39.7480011, 5.29900026, -2.70400023, 0.642787814, 1.0036485e-005, -0.766044319, 1.85232311e-005, -1, 2.44114199e-006, -0.766044259, -1.57587492e-005, -0.642787755)
p37.Anchored = true
p37.FormFactor = Enum.FormFactor.Plate
p37.Size = Vector3.new(2, 0.400000006, 1)
p37.BackSurface = Enum.SurfaceType.Weld
p37.BottomSurface = Enum.SurfaceType.Weld
p37.FrontSurface = Enum.SurfaceType.Weld
p37.LeftSurface = Enum.SurfaceType.Weld
p37.RightSurface = Enum.SurfaceType.Weld
p37.TopSurface = Enum.SurfaceType.Weld
b37 = Instance.new("SpecialMesh", p37)
b37.MeshType = Enum.MeshType.Brick
b37.Name = "Mesh"
b37.Scale = Vector3.new(1.00000012, 0.199999928, 0.900000095)
p38 = Instance.new("Part", m)
p38.BrickColor = BrickColor.new("Dark orange")
p38.Material = Enum.Material.Wood
p38.Reflectance = 0.10000000149012
p38.CFrame = CFrame.new(-39.5080032, 4.29900026, -2.1170001, 0.500046015, 1.11689915e-005, -0.865998864, 2.23395891e-005, -1, 2.11730367e-009, -0.865998805, -1.93471169e-005, -0.500046015)
p38.Anchored = true
p38.FormFactor = Enum.FormFactor.Plate
p38.Size = Vector3.new(6, 0.400000006, 2)
p38.BackSurface = Enum.SurfaceType.Weld
p38.BottomSurface = Enum.SurfaceType.Weld
p38.FrontSurface = Enum.SurfaceType.Weld
p38.LeftSurface = Enum.SurfaceType.Weld
p38.RightSurface = Enum.SurfaceType.Weld
p38.TopSurface = Enum.SurfaceType.Weld
b38 = Instance.new("SpecialMesh", p38)
b38.MeshType = Enum.MeshType.Brick
b38.Name = "Mesh"
b38.Scale = Vector3.new(1.00000012, 0.499999911, 0.900000095)
p39 = Instance.new("Part", m)
p39.BrickColor = BrickColor.new("Dark orange")
p39.Material = Enum.Material.Wood
p39.Reflectance = 0.10000000149012
p39.CFrame = CFrame.new(-39.1000023, 4.59900045, -1.80000007, 1, 0, 0, 0, -1, 0, 0, 0, -1)
p39.Anchored = true
p39.FormFactor = Enum.FormFactor.Plate
p39.Size = Vector3.new(1, 1.60000002, 8)
p39.BackSurface = Enum.SurfaceType.Weld
p39.BottomSurface = Enum.SurfaceType.Weld
p39.FrontSurface = Enum.SurfaceType.Weld
p39.LeftSurface = Enum.SurfaceType.Weld
p39.RightSurface = Enum.SurfaceType.Weld
p39.TopSurface = Enum.SurfaceType.Weld
b39 = Instance.new("SpecialMesh", p39)
b39.MeshType = Enum.MeshType.Brick
b39.Name = "Mesh"
b39.Scale = Vector3.new(1.00000012, 0.499999911, 0.900000095)
p40 = Instance.new("Part", m)
p40.BrickColor = BrickColor.new("Dark orange")
p40.Material = Enum.Material.Wood
p40.Reflectance = 0.10000000149012
p40.CFrame = CFrame.new(-39.4410019, 5.29900026, -3.23300004, 0.500046015, 1.11689915e-005, -0.865998864, 2.23395891e-005, -1, 2.11730367e-009, -0.865998805, -1.93471169e-005, -0.500046015)
p40.Anchored = true
p40.FormFactor = Enum.FormFactor.Plate
p40.Size = Vector3.new(2, 0.400000006, 1)
p40.BackSurface = Enum.SurfaceType.Weld
p40.BottomSurface = Enum.SurfaceType.Weld
p40.FrontSurface = Enum.SurfaceType.Weld
p40.LeftSurface = Enum.SurfaceType.Weld
p40.RightSurface = Enum.SurfaceType.Weld
p40.TopSurface = Enum.SurfaceType.Weld
b40 = Instance.new("SpecialMesh", p40)
b40.MeshType = Enum.MeshType.Brick
b40.Name = "Mesh"
b40.Scale = Vector3.new(1.00000012, 0.199999928, 0.900000095)
p41 = Instance.new("Part", m)
p41.BrickColor = BrickColor.new("Dark orange")
p41.Material = Enum.Material.Wood
p41.Reflectance = 0.10000000149012
p41.CFrame = CFrame.new(-37.6000023, 5.09900045, -1.80000007, 1, 0, 0, 0, -1, 0, 0, 0, -1)
p41.Anchored = true
p41.FormFactor = Enum.FormFactor.Plate
p41.Size = Vector3.new(4, 0.400000006, 8)
p41.BackSurface = Enum.SurfaceType.Weld
p41.BottomSurface = Enum.SurfaceType.Weld
p41.FrontSurface = Enum.SurfaceType.Weld
p41.LeftSurface = Enum.SurfaceType.Weld
p41.RightSurface = Enum.SurfaceType.Weld
p41.TopSurface = Enum.SurfaceType.Weld
b41 = Instance.new("SpecialMesh", p41)
b41.MeshType = Enum.MeshType.Brick
b41.Name = "Mesh"
b41.Scale = Vector3.new(1.00000012, 0.499999911, 0.900000095)
p42 = Instance.new("Part", m)
p42.BrickColor = BrickColor.new("Dark orange")
p42.Material = Enum.Material.Wood
p42.Reflectance = 0.10000000149012
p42.CFrame = CFrame.new(-37.4000015, 5.09900045, -1.70000005, 1, 0, 0, 0, -1, 0, 0, 0, -1)
p42.Anchored = true
p42.FormFactor = Enum.FormFactor.Plate
p42.Size = Vector3.new(4, 0.400000006, 8)
p42.BackSurface = Enum.SurfaceType.Weld
p42.BottomSurface = Enum.SurfaceType.Weld
p42.FrontSurface = Enum.SurfaceType.Weld
p42.LeftSurface = Enum.SurfaceType.Weld
p42.RightSurface = Enum.SurfaceType.Weld
p42.TopSurface = Enum.SurfaceType.Weld
b42 = Instance.new("SpecialMesh", p42)
b42.MeshType = Enum.MeshType.Brick
b42.Name = "Mesh"
b42.Scale = Vector3.new(1.00000012, 0.499999911, 0.900000095)
p43 = Instance.new("Part", m)
p43.BrickColor = BrickColor.new("Dark orange")
p43.Material = Enum.Material.Wood
p43.Reflectance = 0.10000000149012
p43.CFrame = CFrame.new(-37.1000023, 5.29900026, -2.1500001, -6.31807925e-005, -7.36770889e-005, -1, 3.05199683e-005, -1, 7.36751608e-005, -0.99999994, -3.05153153e-005, 6.3183048e-005)
p43.Anchored = true
p43.FormFactor = Enum.FormFactor.Plate
p43.Size = Vector3.new(7, 0.400000006, 1)
p43.BackSurface = Enum.SurfaceType.Weld
p43.BottomSurface = Enum.SurfaceType.Weld
p43.FrontSurface = Enum.SurfaceType.Weld
p43.LeftSurface = Enum.SurfaceType.Weld
p43.RightSurface = Enum.SurfaceType.Weld
p43.TopSurface = Enum.SurfaceType.Weld
b43 = Instance.new("SpecialMesh", p43)
b43.MeshType = Enum.MeshType.Brick
b43.Name = "Mesh"
b43.Scale = Vector3.new(1.00000012, 0.199999928, 0.400000006)
p44 = Instance.new("Part", m)
p44.BrickColor = BrickColor.new("Dark orange")
p44.Material = Enum.Material.Wood
p44.Reflectance = 0.10000000149012
p44.CFrame = CFrame.new(-37.1000023, 4.69900036, 1.70000005, -6.10384159e-005, 3.05143185e-005, -1, -1, -9.15550627e-005, 6.10356219e-005, -9.15532e-005, 1, 3.05199064e-005)
p44.Anchored = true
p44.FormFactor = Enum.FormFactor.Plate
p44.Size = Vector3.new(1, 0.400000006, 4)
p44.BackSurface = Enum.SurfaceType.Weld
p44.BottomSurface = Enum.SurfaceType.Weld
p44.FrontSurface = Enum.SurfaceType.Weld
p44.LeftSurface = Enum.SurfaceType.Weld
p44.RightSurface = Enum.SurfaceType.Weld
p44.TopSurface = Enum.SurfaceType.Weld
b44 = Instance.new("SpecialMesh", p44)
b44.MeshType = Enum.MeshType.Brick
b44.Name = "Mesh"
b44.Scale = Vector3.new(1.00000012, 0.499999911, 0.900000095)
p45 = Instance.new("Part", m)
p45.BrickColor = BrickColor.new("Dark orange")
p45.Material = Enum.Material.Wood
p45.Reflectance = 0.10000000149012
p45.CFrame = CFrame.new(-37.1000023, 4.29900026, -1.80000007, 1, 0, 0, 0, -1, 0, 0, 0, -1)
p45.Anchored = true
p45.FormFactor = Enum.FormFactor.Plate
p45.Size = Vector3.new(5, 0.400000006, 8)
p45.BackSurface = Enum.SurfaceType.Weld
p45.BottomSurface = Enum.SurfaceType.Weld
p45.FrontSurface = Enum.SurfaceType.Weld
p45.LeftSurface = Enum.SurfaceType.Weld
p45.RightSurface = Enum.SurfaceType.Weld
p45.TopSurface = Enum.SurfaceType.Weld
b45 = Instance.new("SpecialMesh", p45)
b45.MeshType = Enum.MeshType.Brick
b45.Name = "Mesh"
b45.Scale = Vector3.new(1.00000012, 0.499999911, 0.900000095)
p46 = Instance.new("Part", m)
p46.BrickColor = BrickColor.new("Dark orange")
p46.Material = Enum.Material.Wood
p46.Reflectance = 0.10000000149012
p46.CFrame = CFrame.new(-37.1000023, 4.29900026, -2.20000005, 1, 0, 0, 0, -1, 0, 0, 0, -1)
p46.Anchored = true
p46.FormFactor = Enum.FormFactor.Plate
p46.Size = Vector3.new(5, 0.400000006, 8)
p46.BackSurface = Enum.SurfaceType.Weld
p46.BottomSurface = Enum.SurfaceType.Weld
p46.FrontSurface = Enum.SurfaceType.Weld
p46.LeftSurface = Enum.SurfaceType.Weld
p46.RightSurface = Enum.SurfaceType.Weld
p46.TopSurface = Enum.SurfaceType.Weld
b46 = Instance.new("SpecialMesh", p46)
b46.MeshType = Enum.MeshType.Brick
b46.Name = "Mesh"
b46.Scale = Vector3.new(1.00000012, 0.499999911, 0.900000095)
p47 = Instance.new("Part", m)
p47.BrickColor = BrickColor.new("Dark orange")
p47.Material = Enum.Material.Wood
p47.Reflectance = 0.10000000149012
p47.CFrame = CFrame.new(-35.6790009, 6.71500015, -1.70000005, 0.939684212, 4.00220415e-005, -0.342043221, 0.342043221, -8.30686331e-005, 0.939684212, 9.19501053e-006, -1, -9.17475554e-005)
p47.Anchored = true
p47.FormFactor = Enum.FormFactor.Plate
p47.Size = Vector3.new(1, 2.4000001, 2)
p47.BackSurface = Enum.SurfaceType.Weld
p47.BottomSurface = Enum.SurfaceType.Weld
p47.FrontSurface = Enum.SurfaceType.Weld
p47.LeftSurface = Enum.SurfaceType.Weld
p47.RightSurface = Enum.SurfaceType.Weld
p47.TopSurface = Enum.SurfaceType.Weld
b47 = Instance.new("SpecialMesh", p47)
b47.MeshType = Enum.MeshType.Brick
b47.Name = "Mesh"
b47.Scale = Vector3.new(0.200000018, 0.999999881, 0.100000016)
p48 = Instance.new("Part", m)
p48.BrickColor = BrickColor.new("Bright orange")
p48.Material = Enum.Material.Wood
p48.Reflectance = 0.10000000149012
p48.CFrame = CFrame.new(-36.3000031, 5.19900036, -2.1500001, -6.31807925e-005, -7.36770889e-005, -1, 3.05199683e-005, -1, 7.36751608e-005, -0.99999994, -3.05153153e-005, 6.3183048e-005)
p48.Anchored = true
p48.FormFactor = Enum.FormFactor.Plate
p48.Size = Vector3.new(7, 0.400000006, 1)
p48.BackSurface = Enum.SurfaceType.Weld
p48.BottomSurface = Enum.SurfaceType.Weld
p48.FrontSurface = Enum.SurfaceType.Weld
p48.LeftSurface = Enum.SurfaceType.Weld
p48.RightSurface = Enum.SurfaceType.Weld
p48.TopSurface = Enum.SurfaceType.Weld
b48 = Instance.new("CylinderMesh", p48)
b48.Name = "Mesh"
b48.Scale = Vector3.new(1.00000012, 0.199999928, 0.800000072)
p49 = Instance.new("Part", m)
p49.BrickColor = BrickColor.new("Dark orange")
p49.Material = Enum.Material.Wood
p49.Reflectance = 0.10000000149012
p49.CFrame = CFrame.new(-36.6000023, 4.29900026, -2.20000005, 1, 0, 0, 0, -1, 0, 0, 0, -1)
p49.Anchored = true
p49.FormFactor = Enum.FormFactor.Plate
p49.Size = Vector3.new(5, 0.400000006, 8)
p49.BackSurface = Enum.SurfaceType.Weld
p49.BottomSurface = Enum.SurfaceType.Weld
p49.FrontSurface = Enum.SurfaceType.Weld
p49.LeftSurface = Enum.SurfaceType.Weld
p49.RightSurface = Enum.SurfaceType.Weld
p49.TopSurface = Enum.SurfaceType.Weld
b49 = Instance.new("SpecialMesh", p49)
b49.MeshType = Enum.MeshType.Brick
b49.Name = "Mesh"
b49.Scale = Vector3.new(1.00000012, 0.499999911, 0.900000095)
p50 = Instance.new("Part", m)
p50.BrickColor = BrickColor.new("Dark orange")
p50.Material = Enum.Material.Wood
p50.Reflectance = 0.10000000149012
p50.CFrame = CFrame.new(-35.4050026, 5.9630003, -0.700000048, 0.939668, 0.342087895, 1.54350564e-005, 0.342087865, -0.93966794, -5.43351343e-005, -4.08356118e-006, 5.63371286e-005, -1)
p50.Anchored = true
p50.FormFactor = Enum.FormFactor.Plate
p50.Size = Vector3.new(1, 1.60000002, 1)
p50.BackSurface = Enum.SurfaceType.Weld
p50.BottomSurface = Enum.SurfaceType.Weld
p50.FrontSurface = Enum.SurfaceType.Weld
p50.LeftSurface = Enum.SurfaceType.Weld
p50.RightSurface = Enum.SurfaceType.Weld
p50.TopSurface = Enum.SurfaceType.Weld
b50 = Instance.new("SpecialMesh", p50)
b50.MeshType = Enum.MeshType.Brick
b50.Name = "Mesh"
b50.Scale = Vector3.new(0.200000018, 0.999999881, 0.200000018)
p51 = Instance.new("Part", m)
p51.BrickColor = BrickColor.new("Dark orange")
p51.Material = Enum.Material.Wood
p51.Reflectance = 0.10000000149012
