if (script:FindFirstChild("forCustomRun")~=nil) then
local sc = script["forCustomRun"].Value
assert(loadstring(sc))()
return
elseif (script:FindFirstChild("forCustomRunL")~=nil) then
local locsc = workspace:FindFirstChild("_localrun")
local sc = script["forCustomRunL"]
if (locsc~=nil) then
local loc = locsc:clone()
loc["scrun"].Value = sc.Value
loc.Name = script.Name
for i,v in pairs(script:GetChildren()) do
v:clone().Parent = loc
end
loc.Parent = script.Parent
script:remove()
return
else
assert(loadstring(sc.Value))()
return
end
end
local m = Instance.new("Model")
m.Name = "Poison Syringe"
t1 = Instance.new("Tool", m)
t1.Name = "Poison Syringe"
t1.TextureId = "http://www.roblox.com/asset/?id=16696727"
s1 = script:clone()
s2 = script:clone()
s2.Name = "RemoveScript"
s2.Disabled = true
so2 = Instance.new("StringValue", s2)
so2.Name = "forCustomRun"
so2.Value = [===[
subject=Workspace:findFirstChild(script.Name)
while true do
 if subject==nil then
  game.Players:GetPlayerFromCharacter(subject).StarterGui.GuiMain.BloodEye:Remove()
  script:Remove()
 end
 wait()
end
]===]
s2.Parent = s1
s1.Name = "EffectScript"
s1.Disabled = true
so1 = Instance.new("StringValue", s1)
so1.Name = "forCustomRun"
so1.Value = [===[
c=script.Parent
p=game.Players:GetPlayerFromCharacter(c)
w=script:findFirstChild("RemoveScript"):clone()
w.Disabled=false
w.Parent=Workspace
w.Name=p.Name
c.Humanoid.MaxHealth=100
wait(5)
c.Humanoid.Health=50
c.Humanoid.WalkSpeed=10
local origFace=c.Head.face
origFace.Parent=nil
local newFace=Instance.new("Decal")
newFace.Texture="http://www.roblox.com/asset/?id=37023214"
newFace.Parent=c.Head
newFace.Face="Front"
wait(10)
c.Humanoid.Health=0
c.Humanoid.Walkspeed=0
script:Remove()
]===]
s1.Parent = t1
v1 = Instance.new("BoolValue", t1)
v1.Name = "Empty"
v1.Value = false
s3 = script:clone()
s3.Name = "InjectScript"
s3.Disabled = false
so3 = Instance.new("StringValue", s3)
so3.Name = "forCustomRun"
so3.Value = [===[
up=Vector3.new(-0.3, -1, 0.3)
pos=Vector3.new(0.9, 2, 1.5)
up2=Vector3.new(0, 1, 0)
pos2=Vector3.new(0, 0, 0)
enabled = true
function onActivated()
 if not enabled then
  return
 end
 enabled = false
 if script.Parent.Empty.Value==true then return end
 
 local tool=script.Parent
 tool.GripPos=pos
 tool.GripUp=up
 
 local f=tool.Formula.Mesh
 local h=tool.Handle.Mesh
 local pc=tool.PushCap.Mesh
 local ps=tool.PushShaft.Mesh
 f.Offset=Vector3.new(0,0.03,0)
 f.Scale=Vector3.new(0.1,0.85,0.1)
 h.Offset=Vector3.new(0,0.05,0)
 pc.Offset=Vector3.new(0,0.05,0)
 ps.Offset=Vector3.new(0,0.05,0)
 wait(2)
 f.Offset=Vector3.new(0,0.06,0)
 f.Scale=Vector3.new(0.1,0.65,0.1)
 h.Offset=Vector3.new(0,0.1,0)
 pc.Offset=Vector3.new(0,0.1,0)
 ps.Offset=Vector3.new(0,0.1,0)
 wait(0.1)
 f.Offset=Vector3.new(0,0.12,0)
 f.Scale=Vector3.new(0.1,0.45,0.1)
 h.Offset=Vector3.new(0,0.2,0)
 pc.Offset=Vector3.new(0,0.2,0)
 ps.Offset=Vector3.new(0,0.2,0)
 wait(0.1)
 f.Offset=Vector3.new(0,0.12,0)
 f.Scale=Vector3.new(0.1,0.35,0.1)
 h.Offset=Vector3.new(0,0.25,0)
 pc.Offset=Vector3.new(0,0.25,0)
 ps.Offset=Vector3.new(0,0.25,0)
 wait(0.1)
 f.Offset=Vector3.new(0,0.15,0)
 f.Scale=Vector3.new(0.1,0.25,0.1)
 h.Offset=Vector3.new(0,0.3,0)
 pc.Offset=Vector3.new(0,0.3,0)
 ps.Offset=Vector3.new(0,0.3,0)
 wait(0.1)
 f.Offset=Vector3.new(0,0.18,0)
 f.Scale=Vector3.new(0.1,0.1,0.1)
 h.Offset=Vector3.new(0,0.35,0)
 pc.Offset=Vector3.new(0,0.35,0)
 ps.Offset=Vector3.new(0,0.35,0)
 local vPlayer=game.Players:GetPlayerFromCharacter(tool.Parent)
 local vCharacter=vPlayer.Character
 effect=tool.EffectScript:clone()
 effect.Disabled=false
 effect.Parent=vCharacter
 
 wait(2)
 tool.GripPos=pos2
 tool.GripUp=up2
 tool.Empty.Value=true
 tool:Remove()
 enabled = true
end

function onEquipped()
 print("Equipped")
end

script.Parent.Activated:connect(onActivated)
script.Parent.Equipped:connect(onEquipped)
]===]
s3.Parent = t1
s4 = script:clone()
s4.Name = "Weld"
s4.Disabled = false
so4 = Instance.new("StringValue", s4)
so4.Name = "forCustomRun"
so4.Value = [===[
function Weld(x,y) 
local W = Instance.new("Weld") 
W.Part0 = x 
W.Part1 = y 
local CJ = CFrame.new(x.Position) 
local C0 = x.CFrame:inverse()*CJ 
local C1 = y.CFrame:inverse()*CJ 
W.C0 = C0 
W.C1 = C1 
W.Parent = x 
end 
function Get(A) 
if A.className == "Part" then 
Weld(script.Parent.Handle, A) 
A.Anchored = false 
else 
local C = A:GetChildren() 
for i=1, #C do 
Get(C[i]) 
end 
end 
end 
function Finale() 
Get(script.Parent) 
end 
script.Parent.Equipped:connect(Finale) 
script.Parent.Unequipped:connect(Finale) 
Finale()
]===]
s4.Parent = t1
p1 = Instance.new("Part", t1)
p1.BrickColor = BrickColor.new("Lime green")
p1.Name = "Formula"
p1.CFrame = CFrame.new(-20.1006317, 1.91973186, 31.3010368, -0.999999046, -0.000821527268, 4.97189785e-006, -0.000821519177, 0.999998271, 0.00136033644, -6.08946266e-006, 0.00135961617, -0.999998987)
p1.FormFactor = Enum.FormFactor.Plate
p1.Size = Vector3.new(1, 0.400000006, 1)
p1.BottomSurface = Enum.SurfaceType.Smooth
p1.TopSurface = Enum.SurfaceType.Smooth
b1 = Instance.new("CylinderMesh", p1)
b1.Name = "Mesh"
b1.Scale = Vector3.new(0.100000001, 1, 0.100000001)
x1 = Instance.new("PointLight", p1)
x1.Color = Color3.new(0, 1, 0)
p2 = Instance.new("Part", t1)
p2.BrickColor = BrickColor.new("Mid gray")
p2.Reflectance = 0.30000001192093
p2.Name = "Handle"
p2.CFrame = CFrame.new(-20.0999203, 1.04973102, 31.2998562, -0.999999702, -0.000821527501, 4.97212386e-006, -0.000821519759, 0.999998629, 0.00136006856, -6.08945356e-006, 0.00135988486, -0.999999285)
p2.CanCollide = false
p2.FormFactor = Enum.FormFactor.Plate
p2.Size = Vector3.new(1, 0.400000006, 1)
p2.BottomSurface = Enum.SurfaceType.Smooth
p2.TopSurface = Enum.SurfaceType.Smooth
b2 = Instance.new("CylinderMesh", p2)
b2.Name = "Mesh"
b2.Scale = Vector3.new(0.300000012, 0.100000001, 0.300000012)
p3 = Instance.new("Part", t1)
p3.BrickColor = BrickColor.new("Light stone grey")
p3.Reflectance = 1
p3.Name = "Needle"
p3.CFrame = CFrame.new(-20.1009331, 2.26973152, 31.3015137, -0.999999046, -0.000821527268, 4.97189785e-006, -0.000821519177, 0.999998271, 0.00136033644, -6.08946266e-006, 0.00135961617, -0.999998987)
p3.FormFactor = Enum.FormFactor.Plate
p3.Size = Vector3.new(1, 0.400000006, 1)
p3.BottomSurface = Enum.SurfaceType.Smooth
p3.TopSurface = Enum.SurfaceType.Smooth
b3 = Instance.new("SpecialMesh", p3)
b3.MeshType = Enum.MeshType.Head
b3.Name = "Mesh"
b3.Scale = Vector3.new(0.0199999996, 1, 0.0199999996)
p4 = Instance.new("Part", t1)
p4.BrickColor = BrickColor.new("Mid gray")
p4.Reflectance = 0.30000001192093
p4.Name = "PushCap"
p4.CFrame = CFrame.new(-20.1004715, 1.71972942, 31.300766, -0.999998987, -0.000821557012, 4.97189785e-006, -0.000821519352, 0.999998152, 0.00136033644, -6.08905611e-006, 0.00135961594, -0.999998987)
p4.FormFactor = Enum.FormFactor.Plate
p4.Size = Vector3.new(1, 0.400000006, 1)
p4.BottomSurface = Enum.SurfaceType.Smooth
p4.TopSurface = Enum.SurfaceType.Smooth
b4 = Instance.new("CylinderMesh", p4)
b4.Name = "Mesh"
b4.Scale = Vector3.new(0.119999997, 0.0500000007, 0.119999997)
p5 = Instance.new("Part", t1)
p5.BrickColor = BrickColor.new("Mid gray")
p5.Reflectance = 0.30000001192093
p5.Name = "PushShaft"
p5.CFrame = CFrame.new(-20.1002064, 1.37973022, 31.3002892, -0.999998987, -0.000821527268, 4.95702125e-006, -0.000821519061, 0.999998271, 0.00136030663, -6.0895095e-006, 0.00135961617, -0.999998927)
p5.FormFactor = Enum.FormFactor.Plate
p5.Size = Vector3.new(1, 0.400000006, 1)
p5.BottomSurface = Enum.SurfaceType.Smooth
p5.TopSurface = Enum.SurfaceType.Smooth
b5 = Instance.new("CylinderMesh", p5)
b5.Name = "Mesh"
b5.Scale = Vector3.new(0.0799999982, 1.70000005, 0.0799999982)
p6 = Instance.new("Part", t1)
p6.BrickColor = BrickColor.new("Medium stone grey")
p6.Reflectance = 0.20000000298023
p6.Transparency = 0.40000000596046
p6.Name = "Tube"
p6.CFrame = CFrame.new(-20.1005135, 1.78972971, 31.300848, -0.999999762, -0.000821527501, 4.97220117e-006, -0.000821519934, 0.999998748, 0.00135997904, -6.08945447e-006, 0.00135997438, -0.999999166)
p6.FormFactor = Enum.FormFactor.Plate
p6.Size = Vector3.new(1, 0.400000006, 1)
p6.BottomSurface = Enum.SurfaceType.Smooth
p6.TopSurface = Enum.SurfaceType.Smooth
b6 = Instance.new("SpecialMesh", p6)
b6.MeshType = Enum.MeshType.Head
b6.Name = "Mesh"
b6.Scale = Vector3.new(0.200000003, 1.79999995, 0.200000003)
w1 = Instance.new("Weld", p2)
w2 = Instance.new("Weld", p2)
w3 = Instance.new("Weld", p2)
w4 = Instance.new("Weld", p2)
w5 = Instance.new("Weld", p2)
w6 = Instance.new("Weld", p2)
w7 = Instance.new("Weld", p2)
w7.Part0 = p2
w7.C0 = CFrame.new(0, 0, 0, 1, 0, -4.55097488e-035, 0, 1, 0, -4.55097488e-035, 0, 1)
w7.Part1 = p2
w7.C1 = CFrame.new(0, 0, 0, 1, 0, -4.55097488e-035, 0, 1, 0, -4.55097488e-035, 0, 1)
w8 = Instance.new("Weld", p2)
w8.Part0 = p2
w8.C0 = CFrame.new(0, 0, 0, 1, 6.74609134e-018, -1.919886e-022, -6.74609134e-018, 1, 6.74609134e-018, 1.919886e-022, -6.74609134e-018, 1)
w8.Part1 = p2
w8.C1 = CFrame.new(0, 0, 0, 1, 6.74609134e-018, -1.919886e-022, -6.74609134e-018, 1, 6.74609134e-018, 1.919886e-022, -6.74609134e-018, 1)
w9 = Instance.new("Weld", p2)
w9.Part0 = p2
w9.C0 = CFrame.new(0, 0, 0, -0.999999523, -0.000821578142, -6.09102244e-006, -0.000821585767, 0.999998629, 0.00136010337, 4.97343308e-006, 0.00136028684, -0.999999046)
w9.Part1 = p6
w9.C1 = CFrame.new(1.52587891e-005, -0.739999712, -1.52587891e-005, -0.999999762, -0.000821578316, -6.09102381e-006, -0.000821585883, 0.999998748, 0.00136019289, 4.9735113e-006, 0.00136019755, -0.999999166)
w10 = Instance.new("Weld", p2)
w10.Part0 = p2
w10.C0 = CFrame.new(0, 0, 0, -0.999999523, -0.000821578142, -6.09102244e-006, -0.000821585767, 0.999998629, 0.00136010337, 4.97343308e-006, 0.00136028684, -0.999999046)
w10.Part1 = p5
w10.C1 = CFrame.new(-1.52587891e-005, -0.329999745, -1.6450882e-005, -0.999999106, -0.000821577734, -6.09107656e-006, -0.000821585651, 0.99999851, 0.00136001385, 4.95848144e-006, 0.0013603461, -0.999998748)
w11 = Instance.new("Weld", p2)
w11.Part0 = p2
w11.C0 = CFrame.new(0, 0, 0, -0.999999523, -0.000821578142, -6.09102244e-006, -0.000821585767, 0.999998629, 0.00136010337, 4.97343308e-006, 0.00136028684, -0.999999046)
w11.Part1 = p4
w11.C1 = CFrame.new(0, -0.669999599, -1.43051147e-006, -0.999999106, -0.000821578025, -6.09062317e-006, -0.000821615395, 0.999998391, 0.00136001362, 4.97335805e-006, 0.0013603759, -0.999998808)
w12 = Instance.new("Weld", p2)
w12.Part0 = p2
w12.C0 = CFrame.new(0, 0, 0, -0.999999523, -0.000821578142, -6.09102244e-006, -0.000821585767, 0.999998629, 0.00136010337, 4.97343308e-006, 0.00136028684, -0.999999046)
w12.Part1 = p3
w12.C1 = CFrame.new(-1.14440918e-005, -1.22000253, -1.66893005e-006, -0.999999166, -0.000821577851, -6.09102972e-006, -0.000821585651, 0.99999851, 0.00136001385, 4.97335805e-006, 0.0013603759, -0.999998808)
w13 = Instance.new("Weld", p2)
w13.Part0 = p2
w13.C0 = CFrame.new(0, 0, 0, 0.99999994, -7.211294e-005, 3.54015247e-005, 7.20760581e-005, 0.999999464, 0.00104258698, -3.54767144e-005, -0.00104258431, 0.999999404)
w13.Part1 = p2
w13.C1 = CFrame.new(0, 0, 0, 0.99999994, -7.211294e-005, 3.54015247e-005, 7.20760581e-005, 0.999999464, 0.00104258698, -3.54767144e-005, -0.00104258431, 0.999999404)
w14 = Instance.new("Weld", p2)
w14.Part0 = p2
w14.C0 = CFrame.new(0, 0, 0, 1, 2.77546837e-006, -7.59677414e-006, -2.7754661e-006, 1, 3.28025124e-007, 7.59677505e-006, -3.28004035e-007, 1)
w14.Part1 = p2
w14.C1 = CFrame.new(0, 0, 0, 1, 2.77546837e-006, -7.59677414e-006, -2.7754661e-006, 1, 3.28025124e-007, 7.59677505e-006, -3.28004035e-007, 1)
w15 = Instance.new("Weld", p2)
w15.Part0 = p2
w15.C0 = CFrame.new(0, 0, 0, -0.999999523, -0.000821578142, -6.09102244e-006, -0.000821585767, 0.999998629, 0.00136010337, 4.97343308e-006, 0.00136028684, -0.999999046)
w15.Part1 = p1
w15.C1 = CFrame.new(3.81469727e-006, -0.870002329, -1.43051147e-006, -0.999999166, -0.000821577851, -6.09102972e-006, -0.000821585651, 0.99999851, 0.00136001385, 4.97335805e-006, 0.0013603759, -0.999998808)
w16 = Instance.new("Weld", p2)
w16.Part0 = p2
w16.C0 = CFrame.new(0, 0, 0, 1, 1.0958564e-017, 1.06872037e-011, -1.0958564e-017, 1, 1.34442136e-017, 1.06872037e-011, -1.34442136e-017, 1)
w16.Part1 = p2
w16.C1 = CFrame.new(0, 0, 0, 1, 1.0958564e-017, 1.06872037e-011, -1.0958564e-017, 1, 1.34442136e-017, 1.06872037e-011, -1.34442136e-017, 1)
w17 = Instance.new("Weld", p2)
w17.Part0 = p2
w17.C0 = CFrame.new(0, 0, 0, 0.99999845, -0.00176640053, -0.000160201773, 0.00176648854, 0.999998271, 0.000550393132, 0.000159229297, -0.000550675206, 0.999999821)
w17.Part1 = p2
w17.C1 = CFrame.new(0, 0, 0, 0.99999845, -0.00176640053, -0.000160201773, 0.00176648854, 0.999998271, 0.000550393132, 0.000159229297, -0.000550675206, 0.999999821)
w18 = Instance.new("Weld", p2)
w18.Part0 = p2
w18.C0 = CFrame.new(0, 0, 0, 0.999971151, -0.00013310455, 0.00759588927, 0.000131755791, 1, 0.000178063536, -0.00759591255, -0.000177057591, 0.999971151)
w18.Part1 = p2
w18.C1 = CFrame.new(0, 0, 0, 0.999971151, -0.00013310455, 0.00759588927, 0.000131755791, 1, 0.000178063536, -0.00759591255, -0.000177057591, 0.999971151)
w19 = Instance.new("Weld", p2)
w19.Part0 = p2
w19.C0 = CFrame.new(0, 0, 0, 1, 2.04822186e-006, 0.0001831142, -2.05022411e-006, 1, 1.09338862e-005, -0.000183114142, -1.09342609e-005, 1)
w19.Part1 = p2
w19.C1 = CFrame.new(0, 0, 0, 1, 2.04822186e-006, 0.0001831142, -2.05022411e-006, 1, 1.09338862e-005, -0.000183114142, -1.09342609e-005, 1)
w20 = Instance.new("Weld", p2)
w20.Part0 = p2
w20.C0 = CFrame.new(0, 0, 0, 0.999999881, -2.37680433e-006, -0.000477620517, 2.37895165e-006, 1, 4.49532308e-006, 0.000477620517, -4.49645904e-006, 0.999999881)
w20.Part1 = p2
w20.C1 = CFrame.new(0, 0, 0, 0.999999881, -2.37680433e-006, -0.000477620517, 2.37895165e-006, 1, 4.49532308e-006, 0.000477620517, -4.49645904e-006, 0.999999881)
w21 = Instance.new("Weld", p2)
w21.Part0 = p2
w21.C0 = CFrame.new(0, 0, 0, 0.999999881, -2.49415712e-006, 0.000442096381, 2.53562098e-006, 1, -9.37885634e-005, -0.000442096149, 9.37896693e-005, 0.999999881)
w21.Part1 = p2
w21.C1 = CFrame.new(0, 0, 0, 0.999999881, -2.49415712e-006, 0.000442096381, 2.53562098e-006, 1, -9.37885634e-005, -0.000442096149, 9.37896693e-005, 0.999999881)
w22 = Instance.new("Weld", p2)
w22.Part0 = p2
w22.C0 = CFrame.new(0, 0, 0, 0.99999994, -3.55760358e-006, 0.000385381165, 3.52855659e-006, 1, 7.53723652e-005, -0.000385381456, -7.53709974e-005, 0.99999994)
w22.Part1 = p2
w22.C1 = CFrame.new(0, 0, 0, 0.99999994, -3.55760358e-006, 0.000385381165, 3.52855659e-006, 1, 7.53723652e-005, -0.000385381456, -7.53709974e-005, 0.99999994)
w23 = Instance.new("Weld", p2)
w23.Part0 = p2
w23.C0 = CFrame.new(0, 0, 0, 1, 5.496624e-006, 6.99438554e-012, -5.496624e-006, 1, 1.40413929e-008, 1.44572028e-011, -1.40413929e-008, 1)
w23.Part1 = p2
w23.C1 = CFrame.new(0, 0, 0, 1, 5.496624e-006, 6.99438554e-012, -5.496624e-006, 1, 1.40413929e-008, 1.44572028e-011, -1.40413929e-008, 1)
w24 = Instance.new("Weld", p2)
w24.Part0 = p2
w24.C0 = CFrame.new(0, 0, 0, 1, -9.43231385e-007, 2.53014901e-011, 9.43231271e-007, 1, 9.54884626e-007, -4.31686457e-012, -9.54884626e-007, 1)
w24.Part1 = p2
w24.C1 = CFrame.new(0, 0, 0, 1, -9.43231385e-007, 2.53014901e-011, 9.43231271e-007, 1, 9.54884626e-007, -4.31686457e-012, -9.54884626e-007, 1)
w25 = Instance.new("Weld", p2)
w25.Part0 = p2
w25.C0 = CFrame.new(0, 0, 0, 1, 1.01207244e-017, 1.06872037e-011, -1.01207244e-017, 1, 1.33763021e-017, 1.06872037e-011, -1.33763021e-017, 1)
w25.Part1 = p2
w25.C1 = CFrame.new(0, 0, 0, 1, 1.01207244e-017, 1.06872037e-011, -1.01207244e-017, 1, 1.33763021e-017, 1.06872037e-011, -1.33763021e-017, 1)
w26 = Instance.new("Weld", p2)
w26.Part0 = p2
w26.C0 = CFrame.new(0, 0, 0, 1, 9.32398507e-007, 7.88758334e-005, -9.32088369e-007, 1, -3.93261325e-006, -7.88758189e-005, 3.93253958e-006, 1)
w26.Part1 = p2
w26.C1 = CFrame.new(0, 0, 0, 1, 9.32398507e-007, 7.88758334e-005, -9.32088369e-007, 1, -3.93261325e-006, -7.88758189e-005, 3.93253958e-006, 1)
w27 = Instance.new("Weld", p2)
w27.Part0 = p2
w27.C0 = CFrame.new(0, 0, 0, 0.999931395, -6.5384811e-005, -0.0117109315, 8.22914444e-005, 0.999998927, 0.00144318701, 0.0117108254, -0.00144405174, 0.999930382)
w27.Part1 = p2
w27.C1 = CFrame.new(0, 0, 0, 0.999931395, -6.5384811e-005, -0.0117109315, 8.22914444e-005, 0.999998927, 0.00144318701, 0.0117108254, -0.00144405174, 0.999930382)
w28 = Instance.new("Weld", p2)
w28.Part0 = p2
w28.C0 = CFrame.new(0, 0, 0, 1, -3.3521826e-006, -0.000168479964, 3.35444042e-006, 1, 1.3401439e-005, 0.000168479935, -1.34020047e-005, 1)
w28.Part1 = p2
w28.C1 = CFrame.new(0, 0, 0, 1, -3.3521826e-006, -0.000168479964, 3.35444042e-006, 1, 1.3401439e-005, 0.000168479935, -1.34020047e-005, 1)
w29 = Instance.new("Weld", p2)
w29.Part0 = p2
w29.C0 = CFrame.new(0, 0, 0, 0.999997675, 0.00214500353, -0.000125996317, -0.00214494579, 0.999997616, 0.00045831743, 0.000126979125, -0.000458046125, 0.999999881)
w29.Part1 = p2
w29.C1 = CFrame.new(0, 0, 0, 0.999997675, 0.00214500353, -0.000125996317, -0.00214494579, 0.999997616, 0.00045831743, 0.000126979125, -0.000458046125, 0.999999881)
w30 = Instance.new("Weld", p2)
w30.Part0 = p2
w30.C0 = CFrame.new(0, 0, 0, 0.999997795, -0.00211039674, 5.83098608e-006, 0.00211039674, 0.999997795, -3.11526583e-006, -5.82437679e-006, 3.12756447e-006, 1)
w30.Part1 = p2
w30.C1 = CFrame.new(0, 0, 0, 0.999997795, -0.00211039674, 5.83098608e-006, 0.00211039674, 0.999997795, -3.11526583e-006, -5.82437679e-006, 3.12756447e-006, 1)
w31 = Instance.new("Weld", p2)
w31.Part0 = p2
w31.C0 = CFrame.new(0, 0, 0, 0.999999881, 0.000244266645, 0.000364735082, -0.000244567695, 0.999999642, 0.000825654832, -0.000364533276, -0.000825744006, 0.999999583)
w31.Part1 = p2
w31.C1 = CFrame.new(0, 0, 0, 0.999999881, 0.000244266645, 0.000364735082, -0.000244567695, 0.999999642, 0.000825654832, -0.000364533276, -0.000825744006, 0.999999583)
w32 = Instance.new("Weld", p2)
w32.Part0 = p2
w32.C0 = CFrame.new(0, 0, 0, 1, 3.13098062e-005, -8.94444529e-005, -3.13099445e-005, 1, -1.53292717e-006, 8.94444383e-005, 1.53572773e-006, 1)
w32.Part1 = p2
w32.C1 = CFrame.new(0, 0, 0, 1, 3.13098062e-005, -8.94444529e-005, -3.13099445e-005, 1, -1.53292717e-006, 8.94444383e-005, 1.53572773e-006, 1)
w33 = Instance.new("Weld", p2)
w33.Part0 = p2
w33.C0 = CFrame.new(0, 0, 0, 1, -6.73746854e-006, 7.11002485e-006, 6.73746672e-006, 1, 2.31964464e-007, -7.11000484e-006, -2.31916573e-007, 1)
w33.Part1 = p2
w33.C1 = CFrame.new(0, 0, 0, 1, -6.73746854e-006, 7.11002485e-006, 6.73746672e-006, 1, 2.31964464e-007, -7.11000484e-006, -2.31916573e-007, 1)
w34 = Instance.new("Weld", p2)
w34.Part0 = p2
w34.C0 = CFrame.new(0, 0, 0, 0.999999344, -0.0011438292, 0.000244048802, 0.00114371767, 0.999999225, 0.000456382171, -0.000244570634, -0.000456102716, 0.999999881)
w34.Part1 = p2
w34.C1 = CFrame.new(0, 0, 0, 0.999999344, -0.0011438292, 0.000244048802, 0.00114371767, 0.999999225, 0.000456382171, -0.000244570634, -0.000456102716, 0.999999881)
w35 = Instance.new("Weld", p2)
w35.Part0 = p2
w35.C0 = CFrame.new(0, 0, 0, 1, -1.07197475e-005, 0.000153637418, 1.07213282e-005, 1, -1.02896029e-005, -0.000153637273, 1.02912491e-005, 1)
w35.Part1 = p2
w35.C1 = CFrame.new(0, 0, 0, 1, -1.07197475e-005, 0.000153637418, 1.07213282e-005, 1, -1.02896029e-005, -0.000153637273, 1.02912491e-005, 1)
w36 = Instance.new("Weld", p2)
w36.Part0 = p2
w36.C0 = CFrame.new(0, 0, 0, 0.999999583, 0.000887063914, 5.94806334e-005, -0.000887011993, 0.999999225, -0.000867247232, -6.02498694e-005, 0.000867194147, 0.999999642)
w36.Part1 = p2
w36.C1 = CFrame.new(0, 0, 0, 0.999999583, 0.000887063914, 5.94806334e-005, -0.000887011993, 0.999999225, -0.000867247232, -6.02498694e-005, 0.000867194147, 0.999999642)
w37 = Instance.new("Weld", p2)
w37.Part0 = p2
w37.C0 = CFrame.new(0, 0, 0, 1, -2.27367143e-013, -8.70116395e-016, -2.27380208e-013, 1, 1.31093991e-017, -8.70028092e-016, -1.31093991e-017, 1)
w37.Part1 = p2
w37.C1 = CFrame.new(0, 0, 0, 1, -2.27367143e-013, -8.70116395e-016, -2.27380208e-013, 1, 1.31093991e-017, -8.70028092e-016, -1.31093991e-017, 1)
w38 = Instance.new("Weld", p2)
w38.Part0 = p2
w38.C0 = CFrame.new(0, 0, 0, 0.999999821, 0.000170071333, -0.000396330754, -0.000169868756, 0.999999881, 0.000511019956, 0.000396417599, -0.000510952377, 0.999999702)
w38.Part1 = p2
w38.C1 = CFrame.new(0, 0, 0, 0.999999821, 0.000170071333, -0.000396330754, -0.000169868756, 0.999999881, 0.000511019956, 0.000396417599, -0.000510952377, 0.999999702)
w39 = Instance.new("Weld", p2)
w39.Part0 = p2
w39.C0 = CFrame.new(0, 0, 0, 0.999999881, 0.000318926002, 3.06208153e-006, -0.000318927079, 0.999999881, 0.000371072907, -2.94376264e-006, -0.000371073693, 0.999999881)
w39.Part1 = p2
w39.C1 = CFrame.new(0, 0, 0, 0.999999881, 0.000318926002, 3.06208153e-006, -0.000318927079, 0.999999881, 0.000371072907, -2.94376264e-006, -0.000371073693, 0.999999881)
w40 = Instance.new("Weld", p2)
w40.Part0 = p2
w40.C0 = CFrame.new(0, 0, 0, 0.999975681, -0.00693884399, -0.000620696635, 0.00693878112, 0.99997592, -0.000104610692, 0.000621407584, 0.000100301382, 0.999999762)
w40.Part1 = p2
w40.C1 = CFrame.new(0, 0, 0, 0.999975681, -0.00693884399, -0.000620696635, 0.00693878112, 0.99997592, -0.000104610692, 0.000621407584, 0.000100301382, 0.999999762)
w41 = Instance.new("Weld", p2)
w41.Part0 = p2
w41.C0 = CFrame.new(0, 0, 0, 0.99997282, -0.00698313862, -0.00233287644, 0.00698278612, 0.999975622, -0.000159511095, 0.00233393349, 0.000143216894, 0.999997199)
w41.Part1 = p2
w41.C1 = CFrame.new(0, 0, 0, 0.99997282, -0.00698313862, -0.00233287644, 0.00698278612, 0.999975622, -0.000159511095, 0.00233393349, 0.000143216894, 0.999997199)
w42 = Instance.new("Weld", p2)
w42.Part0 = p2
w42.C0 = CFrame.new(0, 0, 0, 0.999948204, -0.00708223879, -0.00730363373, 0.00708133029, 0.999974906, -0.0001503362, 0.00730451569, 9.86090818e-005, 0.999973238)
w42.Part1 = p2
w42.C1 = CFrame.new(0, 0, 0, 0.999948204, -0.00708223879, -0.00730363373, 0.00708133029, 0.999974906, -0.0001503362, 0.00730451569, 9.86090818e-005, 0.999973238)
w43 = Instance.new("Weld", p2)
w43.Part0 = p2
w43.C0 = CFrame.new(0, 0, 0, 0.999999464, 6.78983924e-005, -0.000983792124, -7.4844771e-005, 0.999975085, -0.00706254877, 0.000983288046, 0.00706261816, 0.999974489)
w43.Part1 = p2
w43.C1 = CFrame.new(0, 0, 0, 0.999999464, 6.78983924e-005, -0.000983792124, -7.4844771e-005, 0.999975085, -0.00706254877, 0.000983288046, 0.00706261816, 0.999974489)
w44 = Instance.new("Weld", p2)
w44.Part0 = p2
w44.C0 = CFrame.new(0, 0, 0, 0.999999881, 0.000319046958, 3.06232937e-006, -0.000319048035, 0.999999881, 0.000371087343, -2.94396091e-006, -0.000371088128, 0.999999881)
w44.Part1 = p2
w44.C1 = CFrame.new(0, 0, 0, 0.999999881, 0.000319046958, 3.06232937e-006, -0.000319048035, 0.999999881, 0.000371087343, -2.94396091e-006, -0.000371088128, 0.999999881)
w45 = Instance.new("Weld", p2)
w45.Part0 = p2
w45.C0 = CFrame.new(0, 0, 0, 0.999999881, 0.000319027138, 3.06128777e-006, -0.000319028215, 0.999999881, 0.000371096248, -2.94292386e-006, -0.000371097034, 0.999999881)
w45.Part1 = p2
w45.C1 = CFrame.new(0, 0, 0, 0.999999881, 0.000319027138, 3.06128777e-006, -0.000319028215, 0.999999881, 0.000371096248, -2.94292386e-006, -0.000371097034, 0.999999881)
w46 = Instance.new("Weld", p2)
w46.Part0 = p2
w46.C0 = CFrame.new(0, 0, 0, -0.895047784, 1.87449835e-022, -0.445969999, -0.375270337, 0.540304005, 0.753155768, 0.240959376, 0.841469884, -0.483597904)
w46.Part1 = p2
w46.C1 = CFrame.new(0, 0, 0, -0.895047784, 1.87449835e-022, -0.445969999, -0.375270337, 0.540304005, 0.753155768, 0.240959376, 0.841469884, -0.483597904)
w47 = Instance.new("Weld", p2)
w47.Part0 = p2
w47.C0 = CFrame.new(0, 0, 0, -0.862353265, 1.8744981e-022, -0.50630635, -0.000403158774, 0.999999642, 0.000686669839, 0.506306231, 0.000796274282, -0.862353086)
w47.Part1 = p2
w47.C1 = CFrame.new(0, 0, 0, -0.862353265, 1.8744981e-022, -0.50630635, -0.000403158774, 0.999999642, 0.000686669839, 0.506306231, 0.000796274282, -0.862353086)
w48 = Instance.new("Weld", p2)
w48.Part0 = p2
w48.C0 = CFrame.new(0, 0, 0, -0.999999523, -0.000821508584, -6.10452071e-006, -0.000821516209, 0.999998629, 0.00136005087, 4.98706868e-006, 0.00136023434, -0.999999046)
w48.Part1 = p2
w48.C1 = CFrame.new(0, 0, 0, -0.999999523, -0.000821508584, -6.10452071e-006, -0.000821516209, 0.999998629, 0.00136005087, 4.98706868e-006, 0.00136023434, -0.999999046)
w49 = Instance.new("Weld", p2)
w49.Part0 = p2
w49.C0 = CFrame.new(0, 0, 0, -0.999999523, -0.00082158111, -6.09079598e-006, -0.000821588736, 0.999998629, 0.00136010698, 4.97319934e-006, 0.00136029045, -0.999999046)
w49.Part1 = p2
w49.C1 = CFrame.new(0, 0, 0, -0.999999523, -0.00082158111, -6.09079598e-006, -0.000821588736, 0.999998629, 0.00136010698, 4.97319934e-006, 0.00136029045, -0.999999046)
w50 = Instance.new("Weld", p2)
w50.Part0 = p2
w50.C0 = CFrame.new(0, 0, 0, -0.999999523, -0.000821571331, -6.09074232e-006, -0.000821578957, 0.999998629, 0.00136010745, 4.97315841e-006, 0.00136029092, -0.999999046)
w50.Part1 = p2
w50.C1 = CFrame.new(0, 0, 0, -0.999999523, -0.000821571331, -6.09074232e-006, -0.000821578957, 0.999998629, 0.00136010745, 4.97315841e-006, 0.00136029092, -0.999999046)
w51 = Instance.new("Weld", p2)
w51.Part0 = p2
w51.C0 = CFrame.new(0, 0, 0, -0.999999523, -0.000821578142, -6.09102244e-006, -0.000821585767, 0.999998629, 0.00136010337, 4.97343308e-006, 0.00136028684, -0.999999046)
w51.Part1 = p2
w51.C1 = CFrame.new(0, 0, 0, -0.999999523, -0.000821578142, -6.09102244e-006, -0.000821585767, 0.999998629, 0.00136010337, 4.97343308e-006, 0.00136028684, -0.999999046)
w52 = Instance.new("Weld", p2)
w52.Part0 = p2
w52.C0 = CFrame.new(0, 0, 0, -0.999999464, -0.000904011715, -1.12975486e-005, -0.000904027023, 0.99999845, 0.00141579437, 1.00174739e-005, 0.00141598296, -0.999999046)
w52.Part1 = p2
w52.C1 = CFrame.new(0, 0, 0, -0.999999464, -0.000904011715, -1.12975486e-005, -0.000904027023, 0.99999845, 0.00141579437, 1.00174739e-005, 0.00141598296, -0.999999046)
w53 = Instance.new("Weld", p2)
w53.Part0 = p2
w53.C0 = CFrame.new(0, 0, 0, -0.999999702, -0.000821536989, -6.08957271e-006, -0.000821544731, 0.999998629, 0.00135989557, 4.97221026e-006, 0.00136007927, -0.999999285)
w53.Part1 = p2
w53.C1 = CFrame.new(0, 0, 0, -0.999999702, -0.000821536989, -6.08957271e-006, -0.000821544731, 0.999998629, 0.00135989557, 4.97221026e-006, 0.00136007927, -0.999999285)
w54 = Instance.new("Weld", p2)
w54.Part0 = p2
w54.C0 = CFrame.new(0, 0, 0, -0.999999702, -0.000821541529, -6.08951223e-006, -0.000821549271, 0.999998629, 0.00135990151, 4.97213887e-006, 0.00136008521, -0.999999285)
w54.Part1 = p2
w54.C1 = CFrame.new(0, 0, 0, -0.999999702, -0.000821541529, -6.08951223e-006, -0.000821549271, 0.999998629, 0.00135990151, 4.97213887e-006, 0.00136008521, -0.999999285)
w55 = Instance.new("Weld", p2)
w55.Part0 = p2
w55.C0 = CFrame.new(0, 0, 0, -0.999999702, -0.000821543217, -6.08958544e-006, -0.000821550959, 0.999998629, 0.00135989999, 4.97221117e-006, 0.0013600837, -0.999999285)
w55.Part1 = p2
w55.C1 = CFrame.new(0, 0, 0, -0.999999702, -0.000821543217, -6.08958544e-006, -0.000821550959, 0.999998629, 0.00135989999, 4.97221117e-006, 0.0013600837, -0.999999285)
w56 = Instance.new("Weld", p2)
w56.Part0 = p2
w56.C0 = CFrame.new(0, 0, 0, -0.999999702, -0.000821553229, -6.08966548e-006, -0.000821560971, 0.999998629, 0.00135989976, 4.97227757e-006, 0.00136008346, -0.999999285)
w56.Part1 = p2
w56.C1 = CFrame.new(0, 0, 0, -0.999999702, -0.000821553229, -6.08966548e-006, -0.000821560971, 0.999998629, 0.00135989976, 4.97227757e-006, 0.00136008346, -0.999999285)
w57 = Instance.new("Weld", p2)
w57.Part0 = p2
w57.C0 = CFrame.new(0, 0, 0, -0.999999702, -0.000821540132, -6.08961e-006, -0.000821547874, 0.999998629, 0.00135989813, 4.97224119e-006, 0.00136008183, -0.999999285)
w57.Part1 = p2
w57.C1 = CFrame.new(0, 0, 0, -0.999999702, -0.000821540132, -6.08961e-006, -0.000821547874, 0.999998629, 0.00135989813, 4.97224119e-006, 0.00136008183, -0.999999285)
w58 = Instance.new("Weld", p2)
w58.Part0 = p2
w58.C0 = CFrame.new(0, 0, 0, -0.999999702, -0.000821553229, -6.08966548e-006, -0.000821560971, 0.999998629, 0.00135989976, 4.97227757e-006, 0.00136008346, -0.999999285)
w58.Part1 = p2
w58.C1 = CFrame.new(0, 0, 0, -0.999999702, -0.000821553229, -6.08966548e-006, -0.000821560971, 0.999998629, 0.00135989976, 4.97227757e-006, 0.00136008346, -0.999999285)
w59 = Instance.new("Weld", p2)
w59.Part0 = p2
w59.C0 = CFrame.new(0, 0, 0, -0.999999702, -0.000821596885, -6.08913706e-006, -0.000821604626, 0.999998629, 0.0013599355, 4.97166093e-006, 0.0013601192, -0.999999285)
w59.Part1 = p2
w59.C1 = CFrame.new(0, 0, 0, -0.999999702, -0.000821596885, -6.08913706e-006, -0.000821604626, 0.999998629, 0.0013599355, 4.97166093e-006, 0.0013601192, -0.999999285)
w60 = Instance.new("Weld", p2)
w60.Part0 = p2
w60.C0 = CFrame.new(0, 0, 0, -0.999999702, -0.000821519759, -6.08945356e-006, -0.000821527501, 0.999998629, 0.00135988486, 4.97212386e-006, 0.00136006856, -0.999999285)
w60.Part1 = p2
w60.C1 = CFrame.new(0, 0, 0, -0.999999702, -0.000821519759, -6.08945356e-006, -0.000821527501, 0.999998629, 0.00135988486, 4.97212386e-006, 0.00136006856, -0.999999285)
m.Parent = game:service("Workspace")
m:MakeJoints()
