
--Converted with ttyyuu12345's model to script plugin v4
function sandbox(var,func)
	local env = getfenv(func)
	local newenv = setmetatable({},{
		__index = function(self,k)
			if k=="script" then
				return var
			else
				return env[k]
			end
		end,
	})
	setfenv(func,newenv)
	return func
end
cors = {}
mas = Instance.new("Model",game:GetService("Lighting"))
Model0 = Instance.new("Model")
Part1 = Instance.new("Part")
Part2 = Instance.new("Part")
BlockMesh3 = Instance.new("BlockMesh")
Part4 = Instance.new("Part")
BlockMesh5 = Instance.new("BlockMesh")
Part6 = Instance.new("Part")
Part7 = Instance.new("Part")
Part8 = Instance.new("Part")
Part9 = Instance.new("Part")
Part10 = Instance.new("Part")
Part11 = Instance.new("Part")
Part12 = Instance.new("Part")
Part13 = Instance.new("Part")
Part14 = Instance.new("Part")
Part15 = Instance.new("Part")
Part16 = Instance.new("Part")
Part17 = Instance.new("Part")
Part18 = Instance.new("Part")
Part19 = Instance.new("Part")
Part20 = Instance.new("Part")
Part21 = Instance.new("Part")
Part22 = Instance.new("Part")
Part23 = Instance.new("Part")
Part24 = Instance.new("Part")
Part25 = Instance.new("Part")
Part26 = Instance.new("Part")
Part27 = Instance.new("Part")
Part28 = Instance.new("Part")
Part29 = Instance.new("Part")
Part30 = Instance.new("Part")
Part31 = Instance.new("Part")
Part32 = Instance.new("Part")
Part33 = Instance.new("Part")
Part34 = Instance.new("Part")
Part35 = Instance.new("Part")
Part36 = Instance.new("Part")
Part37 = Instance.new("Part")
Part38 = Instance.new("Part")
Part39 = Instance.new("Part")
Part40 = Instance.new("Part")
Part41 = Instance.new("Part")
Part42 = Instance.new("Part")
Part43 = Instance.new("Part")
Part44 = Instance.new("Part")
Part45 = Instance.new("Part")
Part46 = Instance.new("Part")
Part47 = Instance.new("Part")
Part48 = Instance.new("Part")
Part49 = Instance.new("Part")
Part50 = Instance.new("Part")
Part51 = Instance.new("Part")
Part52 = Instance.new("Part")
Part53 = Instance.new("Part")
Part54 = Instance.new("Part")
Part55 = Instance.new("Part")
Part56 = Instance.new("Part")
Part57 = Instance.new("Part")
Part58 = Instance.new("Part")
Part59 = Instance.new("Part")
Part60 = Instance.new("Part")
Part61 = Instance.new("Part")
Part62 = Instance.new("Part")
Part63 = Instance.new("Part")
Part64 = Instance.new("Part")
Part65 = Instance.new("Part")
Part66 = Instance.new("Part")
Part67 = Instance.new("Part")
Part68 = Instance.new("Part")
Part69 = Instance.new("Part")
Part70 = Instance.new("Part")
Part71 = Instance.new("Part")
Part72 = Instance.new("Part")
Part73 = Instance.new("Part")
Part74 = Instance.new("Part")
Part75 = Instance.new("Part")
Part76 = Instance.new("Part")
Part77 = Instance.new("Part")
Part78 = Instance.new("Part")
Part79 = Instance.new("Part")
Part80 = Instance.new("Part")
Part81 = Instance.new("Part")
Part82 = Instance.new("Part")
Part83 = Instance.new("Part")
Part84 = Instance.new("Part")
Part85 = Instance.new("Part")
Part86 = Instance.new("Part")
Part87 = Instance.new("Part")
Model88 = Instance.new("Model")
Script89 = Instance.new("Script")
Part90 = Instance.new("Part")
Script91 = Instance.new("Script")
LocalScript92 = Instance.new("LocalScript")
SpecialMesh93 = Instance.new("SpecialMesh")
Sound94 = Instance.new("Sound")
Sound95 = Instance.new("Sound")
Sound96 = Instance.new("Sound")
Model97 = Instance.new("Model")
Script98 = Instance.new("Script")
Part99 = Instance.new("Part")
Script100 = Instance.new("Script")
LocalScript101 = Instance.new("LocalScript")
SpecialMesh102 = Instance.new("SpecialMesh")
Sound103 = Instance.new("Sound")
Sound104 = Instance.new("Sound")
Sound105 = Instance.new("Sound")
Model106 = Instance.new("Model")
Script107 = Instance.new("Script")
Part108 = Instance.new("Part")
Script109 = Instance.new("Script")
LocalScript110 = Instance.new("LocalScript")
SpecialMesh111 = Instance.new("SpecialMesh")
Sound112 = Instance.new("Sound")
Sound113 = Instance.new("Sound")
Sound114 = Instance.new("Sound")
Script115 = Instance.new("Script")
Part116 = Instance.new("Part")
Part117 = Instance.new("Part")
Part118 = Instance.new("Part")
Part119 = Instance.new("Part")
Part120 = Instance.new("Part")
Part121 = Instance.new("Part")
Part122 = Instance.new("Part")
Part123 = Instance.new("Part")
Part124 = Instance.new("Part")
Part125 = Instance.new("Part")
Part126 = Instance.new("Part")
Part127 = Instance.new("Part")
Part128 = Instance.new("Part")
Part129 = Instance.new("Part")
Part130 = Instance.new("Part")
Part131 = Instance.new("Part")
Part132 = Instance.new("Part")
Part133 = Instance.new("Part")
Part134 = Instance.new("Part")
Part135 = Instance.new("Part")
Part136 = Instance.new("Part")
Part137 = Instance.new("Part")
Part138 = Instance.new("Part")
Part139 = Instance.new("Part")
Part140 = Instance.new("Part")
Part141 = Instance.new("Part")
Part142 = Instance.new("Part")
Part143 = Instance.new("Part")
Part144 = Instance.new("Part")
Part145 = Instance.new("Part")
Part146 = Instance.new("Part")
Part147 = Instance.new("Part")
Part148 = Instance.new("Part")
Part149 = Instance.new("Part")
Part150 = Instance.new("Part")
Part151 = Instance.new("Part")
SpecialMesh152 = Instance.new("SpecialMesh")
Sound153 = Instance.new("Sound")
Sound154 = Instance.new("Sound")
Part155 = Instance.new("Part")
Part156 = Instance.new("Part")
Part157 = Instance.new("Part")
Part158 = Instance.new("Part")
SpecialMesh159 = Instance.new("SpecialMesh")
Part160 = Instance.new("Part")
Part161 = Instance.new("Part")
SpecialMesh162 = Instance.new("SpecialMesh")
Part163 = Instance.new("Part")
Part164 = Instance.new("Part")
Part165 = Instance.new("Part")
Part166 = Instance.new("Part")
Decal167 = Instance.new("Decal")
Part168 = Instance.new("Part")
Part169 = Instance.new("Part")
Part170 = Instance.new("Part")
Part171 = Instance.new("Part")
Part172 = Instance.new("Part")
Part173 = Instance.new("Part")
SpecialMesh174 = Instance.new("SpecialMesh")
Part175 = Instance.new("Part")
Part176 = Instance.new("Part")
Part177 = Instance.new("Part")
Part178 = Instance.new("Part")
Part179 = Instance.new("Part")
Part180 = Instance.new("Part")
SpecialMesh181 = Instance.new("SpecialMesh")
Part182 = Instance.new("Part")
Part183 = Instance.new("Part")
Part184 = Instance.new("Part")
Part185 = Instance.new("Part")
Part186 = Instance.new("Part")
Part187 = Instance.new("Part")
SpecialMesh188 = Instance.new("SpecialMesh")
Part189 = Instance.new("Part")
SpecialMesh190 = Instance.new("SpecialMesh")
Part191 = Instance.new("Part")
SpecialMesh192 = Instance.new("SpecialMesh")
Part193 = Instance.new("Part")
Part194 = Instance.new("Part")
Part195 = Instance.new("Part")
SpecialMesh196 = Instance.new("SpecialMesh")
Part197 = Instance.new("Part")
SpecialMesh198 = Instance.new("SpecialMesh")
Part199 = Instance.new("Part")
Script200 = Instance.new("Script")
LocalScript201 = Instance.new("LocalScript")
IntValue202 = Instance.new("IntValue")
IntValue203 = Instance.new("IntValue")
IntValue204 = Instance.new("IntValue")
IntValue205 = Instance.new("IntValue")
IntValue206 = Instance.new("IntValue")
IntValue207 = Instance.new("IntValue")
IntValue208 = Instance.new("IntValue")
StringValue209 = Instance.new("StringValue")
StringValue210 = Instance.new("StringValue")
IntValue211 = Instance.new("IntValue")
StringValue212 = Instance.new("StringValue")
Model0.Name = "Poseidon"
Model0.Parent = mas
Part1.Parent = Model0
Part1.Material = Enum.Material.Slate
Part1.BrickColor = BrickColor.new("Brown")
Part1.Rotation = Vector3.new(0, -70.1900024, 0)
Part1.Anchored = true
Part1.FormFactor = Enum.FormFactor.Custom
Part1.Size = Vector3.new(38.1979218, 14.8719997, 208.070114)
Part1.CFrame = CFrame.new(139.691437, -8.92495728, 368.986084, 0.338975668, -4.82759333e-07, -0.940795124, 1.78995947e-06, 1, 1.31796341e-07, 0.940795124, -1.72866089e-06, 0.338975668)
Part1.BottomSurface = Enum.SurfaceType.Smooth
Part1.TopSurface = Enum.SurfaceType.Smooth
Part1.Color = Color3.new(0.486275, 0.360784, 0.27451)
Part1.Position = Vector3.new(139.691437, -8.92495728, 368.986084)
Part1.Orientation = Vector3.new(0, -70.1900024, 0)
Part1.Color = Color3.new(0.486275, 0.360784, 0.27451)
Part2.Parent = Model0
Part2.Material = Enum.Material.Slate
Part2.BrickColor = BrickColor.new("Steel blue")
Part2.Transparency = 0.5
Part2.Anchored = true
Part2.FormFactor = Enum.FormFactor.Custom
Part2.Size = Vector3.new(118.267914, 0.200000003, 121.224129)
Part2.CFrame = CFrame.new(-1.01541138, -227.434464, 4.21603394, 1, 0, 0, 0, 1, 0, 0, 0, 1)
Part2.BottomSurface = Enum.SurfaceType.Smooth
Part2.TopSurface = Enum.SurfaceType.Smooth
Part2.Color = Color3.new(0.321569, 0.486275, 0.682353)
Part2.Position = Vector3.new(-1.01541138, -227.434464, 4.21603394)
Part2.Color = Color3.new(0.321569, 0.486275, 0.682353)
BlockMesh3.Parent = Part2
BlockMesh3.Scale = Vector3.new(50, 1, 50)
BlockMesh3.Scale = Vector3.new(50, 1, 50)
Part4.Parent = Model0
Part4.Material = Enum.Material.Slate
Part4.BrickColor = BrickColor.new("Steel blue")
Part4.Anchored = true
Part4.FormFactor = Enum.FormFactor.Custom
Part4.Size = Vector3.new(118.267914, 0.200000003, 121.224129)
Part4.CFrame = CFrame.new(-1.01541138, -236.804108, 4.21603394, 1, 0, 0, 0, 1, 0, 0, 0, 1)
Part4.BottomSurface = Enum.SurfaceType.Smooth
Part4.TopSurface = Enum.SurfaceType.Smooth
Part4.Color = Color3.new(0.321569, 0.486275, 0.682353)
Part4.Position = Vector3.new(-1.01541138, -236.804108, 4.21603394)
Part4.Color = Color3.new(0.321569, 0.486275, 0.682353)
BlockMesh5.Parent = Part4
BlockMesh5.Scale = Vector3.new(50, 1, 50)
BlockMesh5.Scale = Vector3.new(50, 1, 50)
Part6.Parent = Model0
Part6.Material = Enum.Material.Cobblestone
Part6.BrickColor = BrickColor.new("Dark stone grey")
Part6.Rotation = Vector3.new(-1.01999998, 86.7300034, 0.75999999)
Part6.Anchored = true
Part6.FormFactor = Enum.FormFactor.Custom
Part6.Size = Vector3.new(92.7599487, 1.24000001, 22.5310955)
Part6.CFrame = CFrame.new(4.99655151, 37.2288208, 223.467926, 0.0570949987, -0.000760017778, 0.998368502, -0.0044209999, 0.999989748, 0.00101408141, -0.998359025, -0.00447168574, 0.0570910498)
Part6.BottomSurface = Enum.SurfaceType.Smooth
Part6.TopSurface = Enum.SurfaceType.Smooth
Part6.Color = Color3.new(0.388235, 0.372549, 0.384314)
Part6.Position = Vector3.new(4.99655151, 37.2288208, 223.467926)
Part6.Orientation = Vector3.new(-0.0599999987, 86.7300034, -0.25)
Part6.Color = Color3.new(0.388235, 0.372549, 0.384314)
Part7.Parent = Model0
Part7.Material = Enum.Material.Cobblestone
Part7.BrickColor = BrickColor.new("Smoky grey")
Part7.Rotation = Vector3.new(-1.01999998, 86.7300034, 0.75999999)
Part7.Anchored = true
Part7.FormFactor = Enum.FormFactor.Custom
Part7.Size = Vector3.new(91.1799469, 8.03000069, 29.2210979)
Part7.CFrame = CFrame.new(4.53341675, 41.5744019, 223.442566, 0.0570949987, -0.000760017778, 0.998368502, -0.0044209999, 0.999989748, 0.00101408141, -0.998359025, -0.00447168574, 0.0570910498)
Part7.BottomSurface = Enum.SurfaceType.Smooth
Part7.TopSurface = Enum.SurfaceType.Smooth
Part7.Color = Color3.new(0.356863, 0.364706, 0.411765)
Part7.Position = Vector3.new(4.53341675, 41.5744019, 223.442566)
Part7.Orientation = Vector3.new(-0.0599999987, 86.7300034, -0.25)
Part7.Color = Color3.new(0.356863, 0.364706, 0.411765)
Part8.Parent = Model0
Part8.Material = Enum.Material.Cobblestone
Part8.BrickColor = BrickColor.new("Dark stone grey")
Part8.Rotation = Vector3.new(-1.01999998, 86.7300034, 0.75999999)
Part8.Anchored = true
Part8.FormFactor = Enum.FormFactor.Custom
Part8.Size = Vector3.new(91.7499466, 0.99000001, 29.3911018)
Part8.CFrame = CFrame.new(4.83459473, 45.5788574, 223.442047, 0.0570949987, -0.000760017778, 0.998368502, -0.0044209999, 0.999989748, 0.00101408141, -0.998359025, -0.00447168574, 0.0570910498)
Part8.BottomSurface = Enum.SurfaceType.Smooth
Part8.TopSurface = Enum.SurfaceType.Smooth
Part8.Color = Color3.new(0.388235, 0.372549, 0.384314)
Part8.Position = Vector3.new(4.83459473, 45.5788574, 223.442047)
Part8.Orientation = Vector3.new(-0.0599999987, 86.7300034, -0.25)
Part8.Color = Color3.new(0.388235, 0.372549, 0.384314)
Part9.Parent = Model0
Part9.Material = Enum.Material.Cobblestone
Part9.BrickColor = BrickColor.new("Dark stone grey")
Part9.Rotation = Vector3.new(82.3099976, 64.7600021, -81.5)
Part9.Anchored = true
Part9.FormFactor = Enum.FormFactor.Custom
Part9.Size = Vector3.new(91.7499466, 0.99000001, 48.2811012)
Part9.CFrame = CFrame.new(40.7548218, 35.6017456, 225.672943, 0.0629979819, 0.42178008, 0.904506922, 0, 0.90630722, -0.422619551, -0.998013735, 0.0266241767, 0.0570955202)
Part9.BottomSurface = Enum.SurfaceType.Smooth
Part9.TopSurface = Enum.SurfaceType.Smooth
Part9.Color = Color3.new(0.388235, 0.372549, 0.384314)
Part9.Position = Vector3.new(40.7548218, 35.6017456, 225.672943)
Part9.Orientation = Vector3.new(25, 86.3899994, 0)
Part9.Color = Color3.new(0.388235, 0.372549, 0.384314)
Part10.Parent = Model0
Part10.Material = Enum.Material.Cobblestone
Part10.BrickColor = BrickColor.new("Dark stone grey")
Part10.Rotation = Vector3.new(82.3099976, 64.7600021, -81.5)
Part10.Anchored = true
Part10.FormFactor = Enum.FormFactor.Custom
Part10.Size = Vector3.new(92.7599487, 1.24000001, 45.2710953)
Part10.CFrame = CFrame.new(35.7913513, 28.4799805, 225.35965, 0.0629979819, 0.42178008, 0.904506922, 0, 0.90630722, -0.422619551, -0.998013735, 0.0266241767, 0.0570955202)
Part10.BottomSurface = Enum.SurfaceType.Smooth
Part10.TopSurface = Enum.SurfaceType.Smooth
Part10.Color = Color3.new(0.388235, 0.372549, 0.384314)
Part10.Position = Vector3.new(35.7913513, 28.4799805, 225.35965)
Part10.Orientation = Vector3.new(25, 86.3899994, 0)
Part10.Color = Color3.new(0.388235, 0.372549, 0.384314)
Part11.Parent = Model0
Part11.Material = Enum.Material.Cobblestone
Part11.BrickColor = BrickColor.new("Smoky grey")
Part11.Rotation = Vector3.new(82.3099976, 64.7600021, -81.5)
Part11.Anchored = true
Part11.FormFactor = Enum.FormFactor.Custom
Part11.Size = Vector3.new(91.1799469, 9.55000019, 44.5510979)
Part11.CFrame = CFrame.new(36.8596497, 32.1654053, 225.427094, 0.0629979819, 0.42178008, 0.904506922, 0, 0.90630722, -0.422619551, -0.998013735, 0.0266241767, 0.0570955202)
Part11.BottomSurface = Enum.SurfaceType.Smooth
Part11.TopSurface = Enum.SurfaceType.Smooth
Part11.Color = Color3.new(0.356863, 0.364706, 0.411765)
Part11.Position = Vector3.new(36.8596497, 32.1654053, 225.427094)
Part11.Orientation = Vector3.new(25, 86.3899994, 0)
Part11.Color = Color3.new(0.356863, 0.364706, 0.411765)
Part12.Parent = Model0
Part12.Material = Enum.Material.Cobblestone
Part12.BrickColor = BrickColor.new("Dark stone grey")
Part12.Rotation = Vector3.new(97.6900024, -64.7600021, 98.5)
Part12.Anchored = true
Part12.FormFactor = Enum.FormFactor.Custom
Part12.Size = Vector3.new(91.7499466, 0.99000001, 46.9511032)
Part12.CFrame = CFrame.new(-31.1102905, 35.3209229, 221.226654, -0.0629979819, -0.42178008, -0.904507041, 0, 0.90630722, -0.422619551, 0.998013735, -0.0266241767, -0.0570955276)
Part12.BottomSurface = Enum.SurfaceType.Smooth
Part12.TopSurface = Enum.SurfaceType.Smooth
Part12.Color = Color3.new(0.388235, 0.372549, 0.384314)
Part12.Position = Vector3.new(-31.1102905, 35.3209229, 221.226654)
Part12.Orientation = Vector3.new(25, -93.6100006, 0)
Part12.Color = Color3.new(0.388235, 0.372549, 0.384314)
Part13.Parent = Model0
Part13.Material = Enum.Material.Cobblestone
Part13.BrickColor = BrickColor.new("Smoky grey")
Part13.Rotation = Vector3.new(97.6900024, -64.7600021, 98.5)
Part13.Anchored = true
Part13.FormFactor = Enum.FormFactor.Custom
Part13.Size = Vector3.new(91.1799469, 9.55000019, 43.9510994)
Part13.CFrame = CFrame.new(-26.8849792, 32.0375366, 221.493347, -0.0629979819, -0.42178008, -0.904507041, 0, 0.90630722, -0.422619551, 0.998013735, -0.0266241767, -0.0570955276)
Part13.BottomSurface = Enum.SurfaceType.Smooth
Part13.TopSurface = Enum.SurfaceType.Smooth
Part13.Color = Color3.new(0.356863, 0.364706, 0.411765)
Part13.Position = Vector3.new(-26.8849792, 32.0375366, 221.493347)
Part13.Orientation = Vector3.new(25, -93.6100006, 0)
Part13.Color = Color3.new(0.356863, 0.364706, 0.411765)
Part14.Parent = Model0
Part14.Material = Enum.Material.Cobblestone
Part14.BrickColor = BrickColor.new("Dark stone grey")
Part14.Rotation = Vector3.new(97.6900024, -64.7600021, 98.5)
Part14.Anchored = true
Part14.FormFactor = Enum.FormFactor.Custom
Part14.Size = Vector3.new(92.7599487, 1.24000001, 45.2710953)
Part14.CFrame = CFrame.new(-25.5453186, 27.8689575, 221.577911, -0.0629979819, -0.42178008, -0.904507041, 0, 0.90630722, -0.422619551, 0.998013735, -0.0266241767, -0.0570955276)
Part14.BottomSurface = Enum.SurfaceType.Smooth
Part14.TopSurface = Enum.SurfaceType.Smooth
Part14.Color = Color3.new(0.388235, 0.372549, 0.384314)
Part14.Position = Vector3.new(-25.5453186, 27.8689575, 221.577911)
Part14.Orientation = Vector3.new(25, -93.6100006, 0)
Part14.Color = Color3.new(0.388235, 0.372549, 0.384314)
Part15.Parent = Model0
Part15.Material = Enum.Material.Cobblestone
Part15.BrickColor = BrickColor.new("Smoky grey")
Part15.Rotation = Vector3.new(180, -86.3899994, 180)
Part15.Anchored = true
Part15.FormFactor = Enum.FormFactor.Custom
Part15.Size = Vector3.new(5.98995209, 35.1399994, 5.41109467)
Part15.CFrame = CFrame.new(-32.0666809, 12.9093628, 183.587769, -0.0629976317, -5.65245216e-07, -0.998013675, 2.20123184e-07, 1, -5.80265009e-07, 0.998013675, -2.56241037e-07, -0.0629976317)
Part15.BottomSurface = Enum.SurfaceType.Smooth
Part15.TopSurface = Enum.SurfaceType.Smooth
Part15.Color = Color3.new(0.356863, 0.364706, 0.411765)
Part15.Position = Vector3.new(-32.0666809, 12.9093628, 183.587769)
Part15.Orientation = Vector3.new(0, -93.6100006, 0)
Part15.Color = Color3.new(0.356863, 0.364706, 0.411765)
Part16.Parent = Model0
Part16.Material = Enum.Material.Cobblestone
Part16.BrickColor = BrickColor.new("Smoky grey")
Part16.Rotation = Vector3.new(180, -86.3899994, 180)
Part16.Anchored = true
Part16.FormFactor = Enum.FormFactor.Custom
Part16.Size = Vector3.new(5.61995316, 35.1399994, 5.41109467)
Part16.CFrame = CFrame.new(-36.927887, 12.9093628, 260.599487, -0.0629976317, -5.65245216e-07, -0.998013675, 2.20123184e-07, 1, -5.80265009e-07, 0.998013675, -2.56241037e-07, -0.0629976317)
Part16.BottomSurface = Enum.SurfaceType.Smooth
Part16.TopSurface = Enum.SurfaceType.Smooth
Part16.Color = Color3.new(0.356863, 0.364706, 0.411765)
Part16.Position = Vector3.new(-36.927887, 12.9093628, 260.599487)
Part16.Orientation = Vector3.new(0, -93.6100006, 0)
Part16.Color = Color3.new(0.356863, 0.364706, 0.411765)
Part17.Parent = Model0
Part17.Material = Enum.Material.Cobblestone
Part17.BrickColor = BrickColor.new("Smoky grey")
Part17.Rotation = Vector3.new(180, -86.3899994, 180)
Part17.Anchored = true
Part17.FormFactor = Enum.FormFactor.Custom
Part17.Size = Vector3.new(5.41995335, 35.1399994, 5.41109467)
Part17.CFrame = CFrame.new(-35.7933044, 12.9093628, 242.625305, -0.0629976317, -5.65245216e-07, -0.998013675, 2.20123184e-07, 1, -5.80265009e-07, 0.998013675, -2.56241037e-07, -0.0629976317)
Part17.BottomSurface = Enum.SurfaceType.Smooth
Part17.TopSurface = Enum.SurfaceType.Smooth
Part17.Color = Color3.new(0.356863, 0.364706, 0.411765)
Part17.Position = Vector3.new(-35.7933044, 12.9093628, 242.625305)
Part17.Orientation = Vector3.new(0, -93.6100006, 0)
Part17.Color = Color3.new(0.356863, 0.364706, 0.411765)
Part18.Parent = Model0
Part18.Material = Enum.Material.Cobblestone
Part18.BrickColor = BrickColor.new("Smoky grey")
Part18.Rotation = Vector3.new(180, -86.3899994, 180)
Part18.Anchored = true
Part18.FormFactor = Enum.FormFactor.Custom
Part18.Size = Vector3.new(6.34995365, 35.1399994, 5.41109467)
Part18.CFrame = CFrame.new(-34.4429626, 12.9093628, 221.232819, -0.0629976317, -5.65245216e-07, -0.998013675, 2.20123184e-07, 1, -5.80265009e-07, 0.998013675, -2.56241037e-07, -0.0629976317)
Part18.BottomSurface = Enum.SurfaceType.Smooth
Part18.TopSurface = Enum.SurfaceType.Smooth
Part18.Color = Color3.new(0.356863, 0.364706, 0.411765)
Part18.Position = Vector3.new(-34.4429626, 12.9093628, 221.232819)
Part18.Orientation = Vector3.new(0, -93.6100006, 0)
Part18.Color = Color3.new(0.356863, 0.364706, 0.411765)
Part19.Parent = Model0
Part19.Material = Enum.Material.Cobblestone
Part19.BrickColor = BrickColor.new("Smoky grey")
Part19.Rotation = Vector3.new(180, -86.3899994, 180)
Part19.Anchored = true
Part19.FormFactor = Enum.FormFactor.Custom
Part19.Size = Vector3.new(5.58995342, 35.1399994, 5.41109467)
Part19.CFrame = CFrame.new(-33.2258301, 12.9093628, 201.951202, -0.0629976317, -5.65245216e-07, -0.998013675, 2.20123184e-07, 1, -5.80265009e-07, 0.998013675, -2.56241037e-07, -0.0629976317)
Part19.BottomSurface = Enum.SurfaceType.Smooth
Part19.TopSurface = Enum.SurfaceType.Smooth
Part19.Color = Color3.new(0.356863, 0.364706, 0.411765)
Part19.Position = Vector3.new(-33.2258301, 12.9093628, 201.951202)
Part19.Orientation = Vector3.new(0, -93.6100006, 0)
Part19.Color = Color3.new(0.356863, 0.364706, 0.411765)
Part20.Parent = Model0
Part20.Material = Enum.Material.Cobblestone
Part20.BrickColor = BrickColor.new("Smoky grey")
Part20.Rotation = Vector3.new(180, -86.3899994, 180)
Part20.Anchored = true
Part20.FormFactor = Enum.FormFactor.Custom
Part20.Size = Vector3.new(5.98995209, 35.1399994, 5.41109467)
Part20.CFrame = CFrame.new(47.3533325, 12.9093628, 187.007782, -0.0629976317, -5.65245216e-07, -0.998013675, 2.20123184e-07, 1, -5.80265009e-07, 0.998013675, -2.56241037e-07, -0.0629976317)
Part20.BottomSurface = Enum.SurfaceType.Smooth
Part20.TopSurface = Enum.SurfaceType.Smooth
Part20.Color = Color3.new(0.356863, 0.364706, 0.411765)
Part20.Position = Vector3.new(47.3533325, 12.9093628, 187.007782)
Part20.Orientation = Vector3.new(0, -93.6100006, 0)
Part20.Color = Color3.new(0.356863, 0.364706, 0.411765)
Part21.Parent = Model0
Part21.Material = Enum.Material.Cobblestone
Part21.BrickColor = BrickColor.new("Smoky grey")
Part21.Rotation = Vector3.new(180, -86.3899994, 180)
Part21.Anchored = true
Part21.FormFactor = Enum.FormFactor.Custom
Part21.Size = Vector3.new(5.41995335, 35.1399994, 5.41109467)
Part21.CFrame = CFrame.new(43.626709, 12.9093628, 246.045288, -0.0629976317, -5.65245216e-07, -0.998013675, 2.20123184e-07, 1, -5.80265009e-07, 0.998013675, -2.56241037e-07, -0.0629976317)
Part21.BottomSurface = Enum.SurfaceType.Smooth
Part21.TopSurface = Enum.SurfaceType.Smooth
Part21.Color = Color3.new(0.356863, 0.364706, 0.411765)
Part21.Position = Vector3.new(43.626709, 12.9093628, 246.045288)
Part21.Orientation = Vector3.new(0, -93.6100006, 0)
Part21.Color = Color3.new(0.356863, 0.364706, 0.411765)
Part22.Parent = Model0
Part22.Material = Enum.Material.Cobblestone
Part22.BrickColor = BrickColor.new("Smoky grey")
Part22.Rotation = Vector3.new(180, -86.3899994, 180)
Part22.Anchored = true
Part22.FormFactor = Enum.FormFactor.Custom
Part22.Size = Vector3.new(5.61995316, 35.1399994, 5.41109467)
Part22.CFrame = CFrame.new(42.4921265, 12.9093628, 264.019531, -0.0629976317, -5.65245216e-07, -0.998013675, 2.20123184e-07, 1, -5.80265009e-07, 0.998013675, -2.56241037e-07, -0.0629976317)
Part22.BottomSurface = Enum.SurfaceType.Smooth
Part22.TopSurface = Enum.SurfaceType.Smooth
Part22.Color = Color3.new(0.356863, 0.364706, 0.411765)
Part22.Position = Vector3.new(42.4921265, 12.9093628, 264.019531)
Part22.Orientation = Vector3.new(0, -93.6100006, 0)
Part22.Color = Color3.new(0.356863, 0.364706, 0.411765)
Part23.Parent = Model0
Part23.Material = Enum.Material.Cobblestone
Part23.BrickColor = BrickColor.new("Smoky grey")
Part23.Rotation = Vector3.new(180, -86.3899994, 180)
Part23.Anchored = true
Part23.FormFactor = Enum.FormFactor.Custom
Part23.Size = Vector3.new(5.58995342, 35.1399994, 5.41109467)
Part23.CFrame = CFrame.new(46.1941833, 12.9093628, 205.371216, -0.0629976317, -5.65245216e-07, -0.998013675, 2.20123184e-07, 1, -5.80265009e-07, 0.998013675, -2.56241037e-07, -0.0629976317)
Part23.BottomSurface = Enum.SurfaceType.Smooth
Part23.TopSurface = Enum.SurfaceType.Smooth
Part23.Color = Color3.new(0.356863, 0.364706, 0.411765)
Part23.Position = Vector3.new(46.1941833, 12.9093628, 205.371216)
Part23.Orientation = Vector3.new(0, -93.6100006, 0)
Part23.Color = Color3.new(0.356863, 0.364706, 0.411765)
Part24.Parent = Model0
Part24.Material = Enum.Material.Cobblestone
Part24.BrickColor = BrickColor.new("Smoky grey")
Part24.Rotation = Vector3.new(180, -86.3899994, 180)
Part24.Anchored = true
Part24.FormFactor = Enum.FormFactor.Custom
Part24.Size = Vector3.new(6.34995365, 35.1399994, 5.41109467)
Part24.CFrame = CFrame.new(44.9770508, 12.9093628, 224.652832, -0.0629976317, -5.65245216e-07, -0.998013675, 2.20123184e-07, 1, -5.80265009e-07, 0.998013675, -2.56241037e-07, -0.0629976317)
Part24.BottomSurface = Enum.SurfaceType.Smooth
Part24.TopSurface = Enum.SurfaceType.Smooth
Part24.Color = Color3.new(0.356863, 0.364706, 0.411765)
Part24.Position = Vector3.new(44.9770508, 12.9093628, 224.652832)
Part24.Orientation = Vector3.new(0, -93.6100006, 0)
Part24.Color = Color3.new(0.356863, 0.364706, 0.411765)
Part25.Parent = Model0
Part25.Material = Enum.Material.Cobblestone
Part25.BrickColor = BrickColor.new("Smoky grey")
Part25.Rotation = Vector3.new(180, -86.3899994, 180)
Part25.Anchored = true
Part25.FormFactor = Enum.FormFactor.Custom
Part25.Size = Vector3.new(92.7599487, 1.24000001, 88.4910965)
Part25.CFrame = CFrame.new(4.82141113, -4.04122925, 222.207703, -0.0629976317, -5.65245216e-07, -0.998013675, 2.20123184e-07, 1, -5.80265009e-07, 0.998013675, -2.56241037e-07, -0.0629976317)
Part25.BottomSurface = Enum.SurfaceType.Smooth
Part25.TopSurface = Enum.SurfaceType.Smooth
Part25.Color = Color3.new(0.356863, 0.364706, 0.411765)
Part25.Position = Vector3.new(4.82141113, -4.04122925, 222.207703)
Part25.Orientation = Vector3.new(0, -93.6100006, 0)
Part25.Color = Color3.new(0.356863, 0.364706, 0.411765)
Part26.Parent = Model0
Part26.Material = Enum.Material.Slate
Part26.BrickColor = BrickColor.new("Sand red")
Part26.Rotation = Vector3.new(0, 90, 0)
Part26.Anchored = true
Part26.FormFactor = Enum.FormFactor.Custom
Part26.Size = Vector3.new(41.1619186, 146.040985, 127.173134)
Part26.CFrame = CFrame.new(2.87411499, 83.8338013, -114.820938, -4.37113883e-08, 0, 1, 0, 1, 0, -1, 0, -4.37113883e-08)
Part26.BottomSurface = Enum.SurfaceType.Smooth
Part26.TopSurface = Enum.SurfaceType.Smooth
Part26.Color = Color3.new(0.584314, 0.47451, 0.466667)
Part26.Position = Vector3.new(2.87411499, 83.8338013, -114.820938)
Part26.Orientation = Vector3.new(0, 90, 0)
Part26.Color = Color3.new(0.584314, 0.47451, 0.466667)
Part27.Parent = Model0
Part27.Material = Enum.Material.Grass
Part27.BrickColor = BrickColor.new("Cork")
Part27.Rotation = Vector3.new(180, -68.9199982, 180)
Part27.Anchored = true
Part27.FormFactor = Enum.FormFactor.Custom
Part27.Size = Vector3.new(45.7499237, 0.321999371, 273.980072)
Part27.CFrame = CFrame.new(180.109589, 0.0955505371, 13.2420654, -0.3596268, -8.25977565e-07, -0.93309623, 5.1374036e-07, 1, -1.08320273e-06, 0.93309623, -8.68917823e-07, -0.3596268)
Part27.BottomSurface = Enum.SurfaceType.Smooth
Part27.TopSurface = Enum.SurfaceType.Smooth
Part27.Color = Color3.new(0.737255, 0.607843, 0.364706)
Part27.Position = Vector3.new(180.109589, 0.0955505371, 13.2420654)
Part27.Orientation = Vector3.new(0, -111.080002, 0)
Part27.Color = Color3.new(0.737255, 0.607843, 0.364706)
Part28.Parent = Model0
Part28.Material = Enum.Material.Grass
Part28.BrickColor = BrickColor.new("Brick yellow")
Part28.Rotation = Vector3.new(0, -18.6100006, 0)
Part28.Anchored = true
Part28.FormFactor = Enum.FormFactor.Custom
Part28.Size = Vector3.new(31.3599243, 0.284999073, 208.070114)
Part28.CFrame = CFrame.new(331.122589, -0.670379639, 207.899994, 0.947702467, -9.12465453e-07, -0.319155097, 1.27099304e-06, 1, 9.15096734e-07, 0.319155097, -1.27288331e-06, 0.947702467)
Part28.BottomSurface = Enum.SurfaceType.Smooth
Part28.TopSurface = Enum.SurfaceType.Smooth
Part28.Color = Color3.new(0.843137, 0.772549, 0.603922)
Part28.Position = Vector3.new(331.122589, -0.670379639, 207.899994)
Part28.Orientation = Vector3.new(0, -18.6100006, 0)
Part28.Color = Color3.new(0.843137, 0.772549, 0.603922)
Part29.Parent = Model0
Part29.Material = Enum.Material.Grass
Part29.BrickColor = BrickColor.new("Pastel yellow")
Part29.Rotation = Vector3.new(0, -70.1900024, 0)
Part29.Anchored = true
Part29.FormFactor = Enum.FormFactor.Custom
Part29.Size = Vector3.new(38.1979218, 0.406999588, 208.070114)
Part29.CFrame = CFrame.new(139.691437, -1.50418091, 368.986084, 0.338975668, -4.82759333e-07, -0.940795124, 1.78995947e-06, 1, 1.31796341e-07, 0.940795124, -1.72866089e-06, 0.338975668)
Part29.BottomSurface = Enum.SurfaceType.Smooth
Part29.TopSurface = Enum.SurfaceType.Smooth
Part29.Color = Color3.new(1, 1, 0.8)
Part29.Position = Vector3.new(139.691437, -1.50418091, 368.986084)
Part29.Orientation = Vector3.new(0, -70.1900024, 0)
Part29.Color = Color3.new(1, 1, 0.8)
Part30.Parent = Model0
Part30.Material = Enum.Material.Grass
Part30.BrickColor = BrickColor.new("Brick yellow")
Part30.Rotation = Vector3.new(0, 63.5800018, 0)
Part30.Anchored = true
Part30.FormFactor = Enum.FormFactor.Custom
Part30.Size = Vector3.new(138.469955, 0.534002304, 147.430099)
Part30.CFrame = CFrame.new(282.80661, -1.5874939, 309.835083, 0.444902062, 0, 0.895579219, 0, 1, 0, -0.895579219, 0, 0.444902062)
Part30.BottomSurface = Enum.SurfaceType.Smooth
Part30.TopSurface = Enum.SurfaceType.Smooth
Part30.Color = Color3.new(0.843137, 0.772549, 0.603922)
Part30.Position = Vector3.new(282.80661, -1.5874939, 309.835083)
Part30.Orientation = Vector3.new(0, 63.5800018, 0)
Part30.Color = Color3.new(0.843137, 0.772549, 0.603922)
Part31.Parent = Model0
Part31.Material = Enum.Material.Grass
Part31.BrickColor = BrickColor.new("Brick yellow")
Part31.Rotation = Vector3.new(0, 33.5800018, 0)
Part31.Anchored = true
Part31.FormFactor = Enum.FormFactor.Custom
Part31.Size = Vector3.new(138.469955, 0.534002304, 147.430099)
Part31.CFrame = CFrame.new(282.80661, -0.245666504, 309.835083, 0.833085895, -1.11519661e-07, 0.55314368, 5.8126794e-08, 1, 1.14066296e-07, -0.55314368, -6.28745482e-08, 0.833085895)
Part31.BottomSurface = Enum.SurfaceType.Smooth
Part31.TopSurface = Enum.SurfaceType.Smooth
Part31.Color = Color3.new(0.843137, 0.772549, 0.603922)
Part31.Position = Vector3.new(282.80661, -0.245666504, 309.835083)
Part31.Orientation = Vector3.new(0, 33.5800018, 0)
Part31.Color = Color3.new(0.843137, 0.772549, 0.603922)
Part32.Parent = Model0
Part32.Material = Enum.Material.Grass
Part32.BrickColor = BrickColor.new("Cork")
Part32.Rotation = Vector3.new(96.0699997, -89.9000015, 97.5599976)
Part32.Anchored = true
Part32.FormFactor = Enum.FormFactor.Custom
Part32.Size = Vector3.new(30.8799267, 0.208999634, 39.7000427)
Part32.CFrame = CFrame.new(3.04953003, -2.40985107, 106.009064, -0.00023168081, -0.00174524682, -0.99999845, 0.0259599388, 0.999661446, -0.00175067305, 0.999662936, -0.0259603113, -0.000186295874)
Part32.BottomSurface = Enum.SurfaceType.Smooth
Part32.TopSurface = Enum.SurfaceType.Smooth
Part32.Color = Color3.new(0.737255, 0.607843, 0.364706)
Part32.Position = Vector3.new(3.04953003, -2.40985107, 106.009064)
Part32.Orientation = Vector3.new(0.100000001, -90.0100021, 1.49000001)
Part32.Color = Color3.new(0.737255, 0.607843, 0.364706)
Part33.Parent = Model0
Part33.Material = Enum.Material.Grass
Part33.BrickColor = BrickColor.new("Brick yellow")
Part33.Rotation = Vector3.new(96.0699997, -89.9000015, 97.5599976)
Part33.Anchored = true
Part33.FormFactor = Enum.FormFactor.Custom
Part33.Size = Vector3.new(30.8799267, 0.208999634, 46.1600456)
Part33.CFrame = CFrame.new(3.04953003, -1.07943726, 97.8290405, -0.00023168081, -0.00174524682, -0.99999845, 0.0259599388, 0.999661446, -0.00175067305, 0.999662936, -0.0259603113, -0.000186295874)
Part33.BottomSurface = Enum.SurfaceType.Smooth
Part33.TopSurface = Enum.SurfaceType.Smooth
Part33.Color = Color3.new(0.843137, 0.772549, 0.603922)
Part33.Position = Vector3.new(3.04953003, -1.07943726, 97.8290405)
Part33.Orientation = Vector3.new(0.100000001, -90.0100021, 1.49000001)
Part33.Color = Color3.new(0.843137, 0.772549, 0.603922)
Part34.Parent = Model0
Part34.Material = Enum.Material.Grass
Part34.BrickColor = BrickColor.new("Brick yellow")
Part34.Rotation = Vector3.new(96.0699997, -89.9000015, 97.5599976)
Part34.Anchored = true
Part34.FormFactor = Enum.FormFactor.Custom
Part34.Size = Vector3.new(30.8799267, 0.208999634, 28.1900444)
Part34.CFrame = CFrame.new(3.04953003, -3.50866699, 112.249054, -0.00023168081, -0.00174524682, -0.99999845, 0.0259599388, 0.999661446, -0.00175067305, 0.999662936, -0.0259603113, -0.000186295874)
Part34.BottomSurface = Enum.SurfaceType.Smooth
Part34.TopSurface = Enum.SurfaceType.Smooth
Part34.Color = Color3.new(0.843137, 0.772549, 0.603922)
Part34.Position = Vector3.new(3.04953003, -3.50866699, 112.249054)
Part34.Orientation = Vector3.new(0.100000001, -90.0100021, 1.49000001)
Part34.Color = Color3.new(0.843137, 0.772549, 0.603922)
Part35.Parent = Model0
Part35.Material = Enum.Material.Grass
Part35.BrickColor = BrickColor.new("Cork")
Part35.Rotation = Vector3.new(0, -90, 0)
Part35.Anchored = true
Part35.FormFactor = Enum.FormFactor.Custom
Part35.Size = Vector3.new(97.519928, 0.290999591, 25.8400459)
Part35.CFrame = CFrame.new(3.52261353, -5.83224487, 145.711029, -4.37113883e-08, 0, -1, 0, 1, 0, 1, 0, -4.37113883e-08)
Part35.BottomSurface = Enum.SurfaceType.Smooth
Part35.TopSurface = Enum.SurfaceType.Smooth
Part35.Color = Color3.new(0.737255, 0.607843, 0.364706)
Part35.Position = Vector3.new(3.52261353, -5.83224487, 145.711029)
Part35.Orientation = Vector3.new(0, -90, 0)
Part35.Color = Color3.new(0.737255, 0.607843, 0.364706)
Part36.Parent = Model0
Part36.Material = Enum.Material.Slate
Part36.BrickColor = BrickColor.new("Brown")
Part36.Rotation = Vector3.new(180, -86.3899994, 180)
Part36.Anchored = true
Part36.FormFactor = Enum.FormFactor.Custom
Part36.Size = Vector3.new(67.2719498, 160.421997, 68.1690979)
Part36.CFrame = CFrame.new(3.21005249, -158.351379, 220.082947, -0.0629976317, -5.65245216e-07, -0.998013675, 2.20123184e-07, 1, -5.80265009e-07, 0.998013675, -2.56241037e-07, -0.0629976317)
Part36.BottomSurface = Enum.SurfaceType.Smooth
Part36.TopSurface = Enum.SurfaceType.Smooth
Part36.Color = Color3.new(0.486275, 0.360784, 0.27451)
Part36.Position = Vector3.new(3.21005249, -158.351379, 220.082947)
Part36.Orientation = Vector3.new(0, -93.6100006, 0)
Part36.Color = Color3.new(0.486275, 0.360784, 0.27451)
Part37.Parent = Model0
Part37.Material = Enum.Material.Slate
Part37.BrickColor = BrickColor.new("Brown")
Part37.Rotation = Vector3.new(180, -86.3899994, 180)
Part37.Anchored = true
Part37.FormFactor = Enum.FormFactor.Custom
Part37.Size = Vector3.new(83.3229523, 86.5010071, 86.4440994)
Part37.CFrame = CFrame.new(5.13684082, -195.31308, 221.361359, -0.0629976317, -5.65245216e-07, -0.998013675, 2.20123184e-07, 1, -5.80265009e-07, 0.998013675, -2.56241037e-07, -0.0629976317)
Part37.BottomSurface = Enum.SurfaceType.Smooth
Part37.TopSurface = Enum.SurfaceType.Smooth
Part37.Color = Color3.new(0.486275, 0.360784, 0.27451)
Part37.Position = Vector3.new(5.13684082, -195.31308, 221.361359)
Part37.Orientation = Vector3.new(0, -93.6100006, 0)
Part37.Color = Color3.new(0.486275, 0.360784, 0.27451)
Part38.Parent = Model0
Part38.Material = Enum.Material.Slate
Part38.BrickColor = BrickColor.new("Brown")
Part38.Rotation = Vector3.new(180, -86.3899994, 180)
Part38.Anchored = true
Part38.FormFactor = Enum.FormFactor.Custom
Part38.Size = Vector3.new(83.3229523, 71.7330017, 86.4440994)
Part38.CFrame = CFrame.new(5.13687134, -52.5808716, 221.361389, -0.0629976317, -5.65245216e-07, -0.998013675, 2.20123184e-07, 1, -5.80265009e-07, 0.998013675, -2.56241037e-07, -0.0629976317)
Part38.BottomSurface = Enum.SurfaceType.Smooth
Part38.TopSurface = Enum.SurfaceType.Smooth
Part38.Color = Color3.new(0.486275, 0.360784, 0.27451)
Part38.Position = Vector3.new(5.13687134, -52.5808716, 221.361389)
Part38.Orientation = Vector3.new(0, -93.6100006, 0)
Part38.Color = Color3.new(0.486275, 0.360784, 0.27451)
Part39.Parent = Model0
Part39.Material = Enum.Material.Slate
Part39.BrickColor = BrickColor.new("Brown")
Part39.Rotation = Vector3.new(180, -56.3899994, 180)
Part39.Anchored = true
Part39.FormFactor = Enum.FormFactor.Custom
Part39.Size = Vector3.new(96.1999512, 16.7400055, 98.7810974)
Part39.CFrame = CFrame.new(4.82141113, -15.9920959, 222.207703, -0.553564548, -3.47546063e-07, -0.832806289, 2.92143284e-07, 1, -6.11506209e-07, 0.832806289, -5.81806887e-07, -0.553564548)
Part39.BottomSurface = Enum.SurfaceType.Smooth
Part39.TopSurface = Enum.SurfaceType.Smooth
Part39.Color = Color3.new(0.486275, 0.360784, 0.27451)
Part39.Position = Vector3.new(4.82141113, -15.9920959, 222.207703)
Part39.Orientation = Vector3.new(0, -123.610001, 0)
Part39.Color = Color3.new(0.486275, 0.360784, 0.27451)
Part40.Parent = Model0
Part40.Material = Enum.Material.Grass
Part40.BrickColor = BrickColor.new("Brick yellow")
Part40.Rotation = Vector3.new(180, -56.3899994, 180)
Part40.Anchored = true
Part40.FormFactor = Enum.FormFactor.Custom
Part40.Size = Vector3.new(96.1999512, 0.409999996, 98.7810974)
Part40.CFrame = CFrame.new(4.82141113, -7.5965271, 222.207703, -0.553564548, -3.47546063e-07, -0.832806289, 2.92143284e-07, 1, -6.11506209e-07, 0.832806289, -5.81806887e-07, -0.553564548)
Part40.BottomSurface = Enum.SurfaceType.Smooth
Part40.TopSurface = Enum.SurfaceType.Smooth
Part40.Color = Color3.new(0.843137, 0.772549, 0.603922)
Part40.Position = Vector3.new(4.82141113, -7.5965271, 222.207703)
Part40.Orientation = Vector3.new(0, -123.610001, 0)
Part40.Color = Color3.new(0.843137, 0.772549, 0.603922)
Part41.Parent = Model0
Part41.Material = Enum.Material.Slate
Part41.BrickColor = BrickColor.new("Brown")
Part41.Rotation = Vector3.new(180, -86.3899994, 180)
Part41.Anchored = true
Part41.FormFactor = Enum.FormFactor.Custom
Part41.Size = Vector3.new(96.1999512, 16.7400055, 98.7810974)
Part41.CFrame = CFrame.new(4.82141113, -12.8526917, 222.207703, -0.0629976317, -5.65245216e-07, -0.998013675, 2.20123184e-07, 1, -5.80265009e-07, 0.998013675, -2.56241037e-07, -0.0629976317)
Part41.BottomSurface = Enum.SurfaceType.Smooth
Part41.TopSurface = Enum.SurfaceType.Smooth
Part41.Color = Color3.new(0.486275, 0.360784, 0.27451)
Part41.Position = Vector3.new(4.82141113, -12.8526917, 222.207703)
Part41.Orientation = Vector3.new(0, -93.6100006, 0)
Part41.Color = Color3.new(0.486275, 0.360784, 0.27451)
Part42.Parent = Model0
Part42.Material = Enum.Material.Grass
Part42.BrickColor = BrickColor.new("Cork")
Part42.Rotation = Vector3.new(180, -86.3899994, 180)
Part42.Anchored = true
Part42.FormFactor = Enum.FormFactor.Custom
Part42.Size = Vector3.new(96.1999512, 0.409999996, 98.7810974)
Part42.CFrame = CFrame.new(4.82141113, -4.4571228, 222.207703, -0.0629976317, -5.65245216e-07, -0.998013675, 2.20123184e-07, 1, -5.80265009e-07, 0.998013675, -2.56241037e-07, -0.0629976317)
Part42.BottomSurface = Enum.SurfaceType.Smooth
Part42.TopSurface = Enum.SurfaceType.Smooth
Part42.Color = Color3.new(0.737255, 0.607843, 0.364706)
Part42.Position = Vector3.new(4.82141113, -4.4571228, 222.207703)
Part42.Orientation = Vector3.new(0, -93.6100006, 0)
Part42.Color = Color3.new(0.737255, 0.607843, 0.364706)
Part43.Parent = Model0
Part43.Material = Enum.Material.Slate
Part43.BrickColor = BrickColor.new("Brown")
Part43.Rotation = Vector3.new(180, -81.3899994, 180)
Part43.Anchored = true
Part43.FormFactor = Enum.FormFactor.Custom
Part43.Size = Vector3.new(99.66996, 195.170013, 110.910095)
Part43.CFrame = CFrame.new(-302.011688, -148.689056, 54.4701538, -0.149740458, -6.16907343e-08, -0.988725305, -1.26414079e-08, 1, -6.04796924e-08, 0.988725305, 3.44262041e-09, -0.149740458)
Part43.BottomSurface = Enum.SurfaceType.Smooth
Part43.TopSurface = Enum.SurfaceType.Smooth
Part43.Color = Color3.new(0.486275, 0.360784, 0.27451)
Part43.Position = Vector3.new(-302.011688, -148.689056, 54.4701538)
Part43.Orientation = Vector3.new(0, -98.6100006, 0)
Part43.Color = Color3.new(0.486275, 0.360784, 0.27451)
Part44.Parent = Model0
Part44.Material = Enum.Material.Slate
