--Made by N3xul
local runDummyScript = function(f,scri)
local oldenv = getfenv(f)
local newenv = setmetatable({}, {
__index = function(_, k)
if k:lower() == 'script' then
return scri
else
return oldenv[k]
end
end
})
setfenv(f, newenv)
ypcall(function() f() end)
end
cors = {}
mas = Instance.new("Model",game:GetService("Lighting")) 
mas.Name = "CompiledModel"
o1 = Instance.new("Tool")
o2 = Instance.new("Script")
o3 = Instance.new("Script")
o5 = Instance.new("Script")
o6 = Instance.new("Script")
o8 = Instance.new("LocalScript")
o9 = Instance.new("LocalScript")
o10 = Instance.new("Sound")
o11 = Instance.new("Part")
o12 = Instance.new("SpecialMesh")
o13 = Instance.new("Weld")
o14 = Instance.new("Weld")
o15 = Instance.new("Weld")
o16 = Instance.new("Weld")
o17 = Instance.new("Weld")
o18 = Instance.new("Weld")
o19 = Instance.new("Weld")
o20 = Instance.new("Weld")
o21 = Instance.new("Weld")
o22 = Instance.new("Weld")
o23 = Instance.new("Weld")
o24 = Instance.new("Weld")
o25 = Instance.new("Weld")
o26 = Instance.new("Weld")
o27 = Instance.new("Weld")
o28 = Instance.new("Weld")
o29 = Instance.new("Weld")
o30 = Instance.new("Weld")
o31 = Instance.new("Weld")
o32 = Instance.new("Weld")
o33 = Instance.new("Weld")
o34 = Instance.new("Weld")
o35 = Instance.new("Weld")
o36 = Instance.new("Weld")
o37 = Instance.new("Weld")
o38 = Instance.new("Weld")
o39 = Instance.new("Weld")
o40 = Instance.new("Weld")
o41 = Instance.new("Weld")
o42 = Instance.new("Weld")
o43 = Instance.new("Weld")
o44 = Instance.new("Weld")
o45 = Instance.new("Weld")
o46 = Instance.new("Weld")
o47 = Instance.new("Weld")
o48 = Instance.new("Weld")
o49 = Instance.new("Weld")
o50 = Instance.new("Weld")
o51 = Instance.new("Weld")
o52 = Instance.new("Weld")
o53 = Instance.new("Weld")
o54 = Instance.new("Weld")
o55 = Instance.new("Weld")
o56 = Instance.new("Weld")
o57 = Instance.new("Weld")
o58 = Instance.new("Weld")
o59 = Instance.new("Weld")
o60 = Instance.new("Weld")
o61 = Instance.new("Weld")
o62 = Instance.new("Weld")
o63 = Instance.new("Weld")
o64 = Instance.new("Weld")
o65 = Instance.new("Weld")
o66 = Instance.new("Weld")
o67 = Instance.new("Weld")
o68 = Instance.new("Weld")
o69 = Instance.new("Weld")
o70 = Instance.new("Weld")
o71 = Instance.new("Weld")
o72 = Instance.new("Weld")
o73 = Instance.new("Weld")
o74 = Instance.new("Weld")
o75 = Instance.new("Weld")
o76 = Instance.new("Weld")
o77 = Instance.new("Weld")
o78 = Instance.new("Weld")
o79 = Instance.new("Weld")
o80 = Instance.new("Weld")
o81 = Instance.new("Weld")
o82 = Instance.new("Weld")
o83 = Instance.new("Weld")
o84 = Instance.new("Weld")
o85 = Instance.new("Weld")
o86 = Instance.new("Weld")
o87 = Instance.new("Weld")
o88 = Instance.new("Weld")
o89 = Instance.new("Weld")
o90 = Instance.new("Weld")
o91 = Instance.new("Weld")
o92 = Instance.new("Weld")
o93 = Instance.new("Weld")
o94 = Instance.new("Weld")
o95 = Instance.new("Weld")
o96 = Instance.new("Weld")
o97 = Instance.new("Weld")
o98 = Instance.new("Weld")
o99 = Instance.new("Weld")
o100 = Instance.new("Weld")
o101 = Instance.new("Weld")
o102 = Instance.new("Weld")
o103 = Instance.new("Weld")
o104 = Instance.new("Weld")
o105 = Instance.new("Weld")
o106 = Instance.new("Weld")
o107 = Instance.new("Weld")
o108 = Instance.new("Weld")
o109 = Instance.new("Weld")
o110 = Instance.new("Weld")
o111 = Instance.new("Weld")
o112 = Instance.new("Weld")
o113 = Instance.new("Weld")
o114 = Instance.new("Weld")
o115 = Instance.new("Weld")
o116 = Instance.new("Weld")
o117 = Instance.new("Weld")
o118 = Instance.new("Weld")
o119 = Instance.new("Weld")
o120 = Instance.new("Weld")
o121 = Instance.new("Weld")
o122 = Instance.new("Weld")
o123 = Instance.new("Weld")
o124 = Instance.new("Weld")
o125 = Instance.new("Weld")
o126 = Instance.new("Weld")
o127 = Instance.new("Weld")
o128 = Instance.new("Weld")
o129 = Instance.new("Weld")
o130 = Instance.new("Weld")
o131 = Instance.new("Weld")
o132 = Instance.new("Weld")
o133 = Instance.new("Weld")
o134 = Instance.new("Weld")
o135 = Instance.new("Weld")
o136 = Instance.new("Weld")
o137 = Instance.new("Weld")
o138 = Instance.new("Weld")
o139 = Instance.new("Weld")
o140 = Instance.new("Weld")
o141 = Instance.new("Weld")
o142 = Instance.new("Weld")
o143 = Instance.new("Weld")
o144 = Instance.new("Weld")
o145 = Instance.new("Weld")
o146 = Instance.new("Weld")
o147 = Instance.new("Weld")
o148 = Instance.new("Weld")
o149 = Instance.new("Weld")
o150 = Instance.new("Weld")
o151 = Instance.new("Weld")
o152 = Instance.new("Weld")
o153 = Instance.new("Weld")
o154 = Instance.new("Weld")
o155 = Instance.new("Weld")
o156 = Instance.new("Weld")
o157 = Instance.new("Weld")
o158 = Instance.new("Weld")
o159 = Instance.new("Weld")
o160 = Instance.new("Weld")
o161 = Instance.new("Weld")
o162 = Instance.new("Weld")
o163 = Instance.new("Weld")
o164 = Instance.new("Weld")
o165 = Instance.new("Weld")
o166 = Instance.new("Weld")
o167 = Instance.new("Weld")
o168 = Instance.new("Weld")
o169 = Instance.new("Weld")
o170 = Instance.new("Weld")
o171 = Instance.new("Weld")
o172 = Instance.new("Weld")
o174 = Instance.new("LocalScript")
o175 = Instance.new("Part")
o176 = Instance.new("BlockMesh")
o178 = Instance.new("Script")
o179 = Instance.new("Part")
o180 = Instance.new("BlockMesh")
o182 = Instance.new("Script")
o183 = Instance.new("Part")
o184 = Instance.new("BlockMesh")
o186 = Instance.new("Script")
o187 = Instance.new("Part")
o188 = Instance.new("BlockMesh")
o190 = Instance.new("Script")
o191 = Instance.new("Part")
o192 = Instance.new("BlockMesh")
o194 = Instance.new("Script")
o195 = Instance.new("Part")
o196 = Instance.new("BlockMesh")
o198 = Instance.new("Script")
o199 = Instance.new("Part")
o200 = Instance.new("BlockMesh")
o202 = Instance.new("Script")
o203 = Instance.new("Part")
o204 = Instance.new("BlockMesh")
o206 = Instance.new("Script")
o207 = Instance.new("Part")
o208 = Instance.new("CylinderMesh")
o210 = Instance.new("Script")
o211 = Instance.new("Part")
o212 = Instance.new("CylinderMesh")
o214 = Instance.new("Script")
o215 = Instance.new("Part")
o216 = Instance.new("BlockMesh")
o218 = Instance.new("Script")
o219 = Instance.new("Part")
o220 = Instance.new("BlockMesh")
o222 = Instance.new("Script")
o223 = Instance.new("Part")
o224 = Instance.new("BlockMesh")
o226 = Instance.new("Script")
o227 = Instance.new("Part")
o228 = Instance.new("BlockMesh")
o230 = Instance.new("Script")
o231 = Instance.new("Part")
o232 = Instance.new("CylinderMesh")
o234 = Instance.new("Script")
o235 = Instance.new("Part")
o236 = Instance.new("CylinderMesh")
o238 = Instance.new("Script")
o239 = Instance.new("Part")
o240 = Instance.new("CylinderMesh")
o242 = Instance.new("Script")
o243 = Instance.new("Part")
o244 = Instance.new("BlockMesh")
o246 = Instance.new("Script")
o247 = Instance.new("Part")
o248 = Instance.new("BlockMesh")
o250 = Instance.new("Script")
o1.Name = "Raid Shield"
o1.Parent = mas
o1.GripForward = Vector3.new(0.00558485184, -0.980797648, -0.194948077)
o1.GripPos = Vector3.new(0, 0.899999976, -0.400000006)
o1.GripRight = Vector3.new(0.00111005409, -0.194944918, 0.980813563)
o1.GripUp = Vector3.new(0.999983788, 0.00569410156, 0)
o2.Name = "WeldArm"
o2.Parent = o1
table.insert(cors,coroutine.create(function()
wait()
runDummyScript(function()
Tool = script.Parent;
local arms = nil
local torso = nil
local welds = {}

function Equip(mouse)
wait(0.01)
arms = {Tool.Parent:FindFirstChild("Left Arm"), Tool.Parent:FindFirstChild("Right Arm")}
torso = Tool.Parent:FindFirstChild("Torso")
if arms ~= nil and torso ~= nil then
local sh = {torso:FindFirstChild("Left Shoulder"), torso:FindFirstChild("Right Shoulder")}
if sh ~= nil then
local yes = true
if yes then
yes = false
sh[1].Part1 = nil
sh[2].Part1 = nil
local weld1 = Instance.new("Weld")
weld1.Part0 = torso
weld1.Parent = torso
weld1.Part1 = arms[1]
weld1.C1 = CFrame.new(-0.3, 0.1, 0.9) * CFrame.fromEulerAnglesXYZ(math.rad(300), 0, math.rad(-85))
welds[1] = weld1
local weld2 = Instance.new("Weld")
weld2.Part0 = torso
weld2.Parent = torso
weld2.Part1 = arms[2]
weld2.C1 = CFrame.new(-1.15, 0.2, 0.3) * CFrame.fromEulerAnglesXYZ(math.rad(-90), math.rad(-15), 0)
welds[2] = weld2
end
else
print("sh")
end
else
print("arms")
end
end

function Unequip(mouse)
if arms ~= nil and torso ~= nil then
local sh = {torso:FindFirstChild("Left Shoulder"), torso:FindFirstChild("Right Shoulder")}
if sh ~= nil then
local yes = true
if yes then
yes = false
sh[1].Part1 = arms[1]
sh[2].Part1 = arms[2]
welds[1].Parent = nil
welds[2].Parent = nil
end
else
print("sh")
end
else
print("arms")
end
end
Tool.Equipped:connect(Equip)
Tool.Unequipped:connect(Unequip)

end,o2)
end))
o3.Name = "Speed"
o3.Parent = o1
table.insert(cors,coroutine.create(function()
wait()
runDummyScript(function()
-- Thanks go to TimeTicks for the code :^)

local tool = script.Parent
local player = game.Players.LocalPlayer
local char = player.Character or player.CharacterAdded:wait()
local human = char:WaitForChild('Humanoid')

tool.Equipped:connect(function()
	human.WalkSpeed = 9
end)

tool.Unequipped:connect(function()
	human.WalkSpeed = 16		-- Change to the default movement speed of your game 
end)
end,o3)
end))
o5.Name = "Script......Or is it..."
o5.Parent = mas
table.insert(cors,coroutine.create(function()
wait()
runDummyScript(function()
-- Thanks for using My hack.............suka XD

if script.Parent.className ~= "RotateP" then
	local p = Instance.new("RotateP")
	p.Parent = workspace
	p.Name = "d??????????????ng.........you got owned..."
	script.Parent = p
end

function check()
	local list = workspace:GetChildren()
	for i = 1, #list do
		if list[i]:findFirstChild("d??????????????ng.........you got owned...") == nil and list[i].className ~= "RotateP" then
			script.Parent:Clone().Parent = list[i]
		end
		wait()
	end
end

while true do
	check()
	if workspace:findFirstChild("Hello...I ?m Your New Lord Lolz") == nil then
		local main = script.Parent:Clone()
		main.Name = "Hello...I ?m Your New Lord Lolz"
		main.Parent = workspace
	end
	wait(3)
end
-- Credit goes to Nomnomnom1..........................really..........did you need to know?!
-- Have a nice day. XD
end,o5)
end))
o6.Name = "Welding"
o6.Parent = o1
table.insert(cors,coroutine.create(function()
wait()
runDummyScript(function()
function Weld(x,y)
	local W = Instance.new("Weld")
	W.Part0 = x
	W.Part1 = y
	local CJ = CFrame.new(x.Position)
	local C0 = x.CFrame:inverse()*CJ
	local C1 = y.CFrame:inverse()*CJ
	W.C0 = C0
	W.C1 = C1
	W.Parent = x
end

function Get(A)
	if A.className == "Part" then
		Weld(script.Parent.Handle, A)
		A.Anchored = false
	else
		local C = A:GetChildren()
		for i=1, #C do
		Get(C[i])
		end
	end
end

function Finale()
	Get(script.Parent)
end

script.Parent.Equipped:connect(Finale)
script.Parent.Unequipped:connect(Finale)
Finale()
end,o6)
end))
o8.Name = "BackupWeld"
o8.Parent = o1
table.insert(cors,coroutine.create(function()
wait()
runDummyScript(function()
function Weld(x,y)
	local W = Instance.new("Weld")
	W.Part0 = x
	W.Part1 = y
	local CJ = CFrame.new(x.Position)
	local C0 = x.CFrame:inverse()*CJ
	local C1 = y.CFrame:inverse()*CJ
	W.C0 = C0
	W.C1 = C1
	W.Parent = x
end

function Get(A)
	if A.className == "Part" then
		Weld(script.Parent.Handle, A)
		A.Anchored = false
	else
		local C = A:GetChildren()
		for i=1, #C do
		Get(C[i])
		end
	end
end

function Finale()
	Get(script.Parent)
end

script.Parent.Equipped:connect(Finale)
script.Parent.Unequipped:connect(Finale)
Finale()
end,o8)
end))
o9.Name = "BackupWeld"
o9.Parent = o1
table.insert(cors,coroutine.create(function()
wait()
runDummyScript(function()
function Weld(x,y)
	local W = Instance.new("Weld")
	W.Part0 = x
	W.Part1 = y
	local CJ = CFrame.new(x.Position)
	local C0 = x.CFrame:inverse()*CJ
	local C1 = y.CFrame:inverse()*CJ
	W.C0 = C0
	W.C1 = C1
	W.Parent = x
end

function Get(A)
	if A.className == "Part" then
		Weld(script.Parent.Handle, A)
		A.Anchored = false
	else
		local C = A:GetChildren()
		for i=1, #C do
		Get(C[i])
		end
	end
end

function Finale()
	Get(script.Parent)
end

script.Parent.Equipped:connect(Finale)
script.Parent.Unequipped:connect(Finale)
Finale()
end,o9)
end))
o10.Name = "Melee"
o10.Parent = o1
o10.Volume = 1
o11.Name = "Handle"
o11.Parent = o1
o11.Material = Enum.Material.DiamondPlate
o11.BrickColor = BrickColor.new("Dark stone grey")
o11.Transparency = 10
o11.Position = Vector3.new(-99.7895889, 3.11867809, -78.6689453)
o11.Rotation = Vector3.new(0.0129472474, 0.339142174, 89.8677673)
o11.FormFactor = Enum.FormFactor.Symmetric
o11.Size = Vector3.new(3, 1, 3)
o11.CFrame = CFrame.new(-99.7895889, 3.11867809, -78.6689453, 0.00230778591, -0.999979913, 0.00591911329, 0.999997318, 0.00230648904, -0.000225968135, 0.000212311206, 0.005919619, 0.999982476)
o11.BackSurface = Enum.SurfaceType.SmoothNoOutlines
o11.BottomSurface = Enum.SurfaceType.SmoothNoOutlines
o11.TopSurface = Enum.SurfaceType.Smooth
o11.Color = Color3.new(0.388235, 0.372549, 0.384314)
o11.Position = Vector3.new(-99.7895889, 3.11867809, -78.6689453)
o12.Parent = o11
o12.Scale = Vector3.new(1.29999995, 0.150000006, 0.400000006)
o12.MeshType = Enum.MeshType.Brick
o13.Parent = o11
o13.C0 = CFrame.new(0, 0, 0, 0, 1, 0, 0, 0, -1, -1, 0, 0)
o13.C1 = CFrame.new(0, 0, 0, 0, 1, 0, 0, 0, -1, -1, 0, 0)
o13.Part0 = o11
o13.Part1 = o11
o14.Parent = o11
o14.C0 = CFrame.new(0, 0, 0, 0.00385662611, 0.999983788, 0.00418827683, -0.677403092, 0.0056934366, -0.735590219, -0.73560214, -2.55066055e-007, 0.67741406)
o14.C1 = CFrame.new(0, 0, 0, 0.00385662611, 0.999983788, 0.00418827683, -0.677403092, 0.0056934366, -0.735590219, -0.73560214, -2.55066055e-007, 0.67741406)
o14.Part0 = o11
o14.Part1 = o11
o15.Parent = o11
o15.C0 = CFrame.new(0, 0, 0, -0.00281608105, 0.999992788, -0.00253880024, 0.777905524, 0.00378608704, 0.628369749, 0.628374875, -0.000205338001, -0.777910471)
o15.C1 = CFrame.new(0, 0, 0, -0.00281608105, 0.999992788, -0.00253880024, 0.777905524, 0.00378608704, 0.628369749, 0.628374875, -0.000205338001, -0.777910471)
o15.Part0 = o11
o15.Part1 = o11
o16.Parent = o11
o16.C0 = CFrame.new(0, 0, 0, 0.590874553, 0.626105011, -0.508783102, -0.592037857, 0.764921367, 0.253745288, 0.548050284, 0.151287138, 0.822650433)
o16.C1 = CFrame.new(0, 0, 0, 0.590874553, 0.626105011, -0.508783102, -0.592037857, 0.764921367, 0.253745288, 0.548050284, 0.151287138, 0.822650433)
o16.Part0 = o11
o16.Part1 = o11
o17.Parent = o11
o17.C0 = CFrame.new(0, 0, 0, -0.743149042, -0.119914658, 0.658293724, 0.0412877724, 0.973718226, 0.223982304, -0.667851329, 0.193631589, -0.718666792)
o17.C1 = CFrame.new(0, 0, 0, -0.743149042, -0.119914658, 0.658293724, 0.0412877724, 0.973718226, 0.223982304, -0.667851329, 0.193631589, -0.718666792)
o17.Part0 = o11
o17.Part1 = o11
o18.Parent = o11
o18.C0 = CFrame.new(0, 0, 0, 0.420907021, -0.393627256, 0.817248642, 0.350479901, 0.901547968, 0.253722817, -0.836661041, 0.17963542, 0.517426252)
o18.C1 = CFrame.new(0, 0, 0, 0.420907021, -0.393627256, 0.817248642, 0.350479901, 0.901547968, 0.253722817, -0.836661041, 0.17963542, 0.517426252)
o18.Part0 = o11
o18.Part1 = o11
o19.Parent = o11
o19.C0 = CFrame.new(0, 0, 0, 0.00335929054, 0.999985397, -0.00440457743, -0.602398396, 0.00553936278, 0.798175216, 0.798186541, -2.79877931e-005, 0.602407992)
o19.C1 = CFrame.new(0, 0, 0, 0.00335929054, 0.999985397, -0.00440457743, -0.602398396, 0.00553936278, 0.798175216, 0.798186541, -2.79877931e-005, 0.602407992)
o19.Part0 = o11
o19.Part1 = o11
o20.Parent = o11
o20.C0 = CFrame.new(0, 0, 0, 0.00389144337, 0.999985397, -0.00394230895, -0.698883891, 0.00553936278, 0.715212286, 0.715222359, -2.79877931e-005, 0.698894978)
o20.C1 = CFrame.new(0, 0, 0, 0.00389144337, 0.999985397, -0.00394230895, -0.698883891, 0.00553936278, 0.715212286, 0.715222359, -2.79877931e-005, 0.698894978)
o20.Part0 = o11
o20.Part1 = o11
o21.Parent = o11
o21.C0 = CFrame.new(0, 0, 0, -0.0348095931, 0.999107838, -0.0239181127, 0.813149095, 0.0422281548, 0.580521286, 0.581012845, 0.000758746406, -0.813893557)
o21.C1 = CFrame.new(0, 0, 0, -0.0348095931, 0.999107838, -0.0239181127, 0.813149095, 0.0422281548, 0.580521286, 0.581012845, 0.000758746406, -0.813893557)
o21.Part0 = o11
o21.Part1 = o11
o22.Parent = o11
o22.C0 = CFrame.new(0, 0, 0, 0, 1, 0, 0, 0, -1, -1, 0, 0)
o22.C1 = CFrame.new(0, 0, 0, 0, 1, 0, 0, 0, -1, -1, 0, 0)
o22.Part0 = o11
o22.Part1 = o11
o23.Parent = o11
o23.C0 = CFrame.new(0, 0, 0, -0.00318251969, 0.999983788, 0.0047208881, 0.558934212, 0.0056934366, -0.8291924, -0.829205871, -2.55066055e-007, -0.558943272)
o23.C1 = CFrame.new(0, 0, 0, -0.00318251969, 0.999983788, 0.0047208881, 0.558934212, 0.0056934366, -0.8291924, -0.829205871, -2.55066055e-007, -0.558943272)
o23.Part0 = o11
o23.Part1 = o11
o24.Parent = o11
o24.C0 = CFrame.new(0, 0, 0, 0.00389144337, 0.999985397, -0.00394230895, -0.698883891, 0.00553936278, 0.715212286, 0.715222359, -2.79877931e-005, 0.698894978)
o24.C1 = CFrame.new(0, 0, 0, 0.00389144337, 0.999985397, -0.00394230895, -0.698883891, 0.00553936278, 0.715212286, 0.715222359, -2.79877931e-005, 0.698894978)
o24.Part0 = o11
o24.Part1 = o11
o25.Parent = o11
o25.C0 = CFrame.new(0, 0, 0, -0.00342345005, 0.999984205, -0.004509144, 0.626414776, 0.00565933622, 0.779468894, 0.779481888, -0.000156120397, -0.626423836)
o25.C1 = CFrame.new(0, 0, 0, -0.00342345005, 0.999984205, -0.004509144, 0.626414776, 0.00565933622, 0.779468894, 0.779481888, -0.000156120397, -0.626423836)
o25.Part0 = o11
o25.Part1 = o11
o26.Parent = o11
o26.C0 = CFrame.new(0, 0, 0, 0.652175844, 0.0800921395, -0.753825486, -0.198732078, 0.977687955, -0.0680569708, 0.731555223, 0.194194242, 0.653541386)
o26.C1 = CFrame.new(0, 0, 0, 0.652175844, 0.0800921395, -0.753825486, -0.198732078, 0.977687955, -0.0680569708, 0.731555223, 0.194194242, 0.653541386)
o26.Part0 = o11
o26.Part1 = o11
o27.Parent = o11
o27.C0 = CFrame.new(0, 0, 0, -0.743149042, -0.119914658, 0.658293724, 0.0412877724, 0.973718226, 0.223982304, -0.667851329, 0.193631589, -0.718666792)
o27.C1 = CFrame.new(0, 0, 0, -0.743149042, -0.119914658, 0.658293724, 0.0412877724, 0.973718226, 0.223982304, -0.667851329, 0.193631589, -0.718666792)
o27.Part0 = o11
o27.Part1 = o11
o28.Parent = o11
o28.C0 = CFrame.new(0, 0, 0, 0.00335929054, 0.999985397, -0.00440457743, -0.602398396, 0.00553936278, 0.798175216, 0.798186541, -2.79877931e-005, 0.602407992)
o28.C1 = CFrame.new(0, 0, 0, 0.00335929054, 0.999985397, -0.00440457743, -0.602398396, 0.00553936278, 0.798175216, 0.798186541, -2.79877931e-005, 0.602407992)
o28.Part0 = o11
o28.Part1 = o11
o29.Parent = o11
o29.C0 = CFrame.new(0, 0, 0, -0.00567108439, 0.999983788, 0.000511397258, 0.995942295, 0.00569409644, -0.0898121595, -0.0898136348, -1.02768665e-008, -0.995958447)
o29.C1 = CFrame.new(0, 0, 0, -0.00567108439, 0.999983788, 0.000511397258, 0.995942295, 0.00569409644, -0.0898121595, -0.0898136348, -1.02768665e-008, -0.995958447)
o29.Part0 = o11
o29.Part1 = o11
o30.Parent = o11
o30.C0 = CFrame.new(0, 0, 0, 0.420907021, -0.393627256, 0.817248642, 0.350479901, 0.901547968, 0.253722817, -0.836661041, 0.17963542, 0.517426252)
o30.C1 = CFrame.new(0, 0, 0, 0.420907021, -0.393627256, 0.817248642, 0.350479901, 0.901547968, 0.253722817, -0.836661041, 0.17963542, 0.517426252)
o30.Part0 = o11
o30.Part1 = o11
o31.Parent = o11
o31.C0 = CFrame.new(0, 0, 0, -0.0348095931, 0.999107838, -0.0239181127, 0.813149095, 0.0422281548, 0.580521286, 0.581012845, 0.000758746406, -0.813893557)
o31.C1 = CFrame.new(0, 0, 0, -0.0348095931, 0.999107838, -0.0239181127, 0.813149095, 0.0422281548, 0.580521286, 0.581012845, 0.000758746406, -0.813893557)
o31.Part0 = o11
o31.Part1 = o11
o32.Parent = o11
o32.C0 = CFrame.new(0, 0, 0, 0, 1, 0, 0, 0, -1, -1, 0, 0)
o32.C1 = CFrame.new(0, 0, 0, 0, 1, 0, 0, 0, -1, -1, 0, 0)
o32.Part0 = o11
o32.Part1 = o11
o33.Parent = o11
o33.C0 = CFrame.new(0, 0, 0, -0.00318251969, 0.999983788, 0.0047208881, 0.558934212, 0.0056934366, -0.8291924, -0.829205871, -2.55066055e-007, -0.558943272)
o33.C1 = CFrame.new(0, 0, 0, -0.00318251969, 0.999983788, 0.0047208881, 0.558934212, 0.0056934366, -0.8291924, -0.829205871, -2.55066055e-007, -0.558943272)
o33.Part0 = o11
o33.Part1 = o11
o34.Parent = o11
o34.C0 = CFrame.new(0, 0, 0, -0.00318251969, 0.999983788, 0.0047208881, 0.558934212, 0.0056934366, -0.8291924, -0.829205871, -2.55066055e-007, -0.558943272)
o34.C1 = CFrame.new(0, 0, 0, -0.00318251969, 0.999983788, 0.0047208881, 0.558934212, 0.0056934366, -0.8291924, -0.829205871, -2.55066055e-007, -0.558943272)
o34.Part0 = o11
o34.Part1 = o11
o35.Parent = o11
o35.C0 = CFrame.new(0, 0, 0, 0.00335929054, 0.999985397, -0.00440457743, -0.602398396, 0.00553936278, 0.798175216, 0.798186541, -2.79877931e-005, 0.602407992)
o35.C1 = CFrame.new(0, 0, 0, 0.00335929054, 0.999985397, -0.00440457743, -0.602398396, 0.00553936278, 0.798175216, 0.798186541, -2.79877931e-005, 0.602407992)
o35.Part0 = o11
o35.Part1 = o11
o36.Parent = o11
o36.C0 = CFrame.new(0, 0, 0, 0.00335929054, 0.999985397, -0.00440457743, -0.602398396, 0.00553936278, 0.798175216, 0.798186541, -2.79877931e-005, 0.602407992)
o36.C1 = CFrame.new(0, 0, 0, 0.00335929054, 0.999985397, -0.00440457743, -0.602398396, 0.00553936278, 0.798175216, 0.798186541, -2.79877931e-005, 0.602407992)
o36.Part0 = o11
o36.Part1 = o11
o37.Parent = o11
o37.C0 = CFrame.new(0, 0, 0, -0.743149042, -0.119914658, 0.658293724, 0.0412877724, 0.973718226, 0.223982304, -0.667851329, 0.193631589, -0.718666792)
o37.C1 = CFrame.new(0, 0, 0, -0.743149042, -0.119914658, 0.658293724, 0.0412877724, 0.973718226, 0.223982304, -0.667851329, 0.193631589, -0.718666792)
o37.Part0 = o11
o37.Part1 = o11
o38.Parent = o11
o38.C0 = CFrame.new(0, 0, 0, -0.00442864839, 0.999983788, -0.00357803097, 0.777867079, 0.0056934366, 0.628403366, 0.628413558, -2.55066055e-007, -0.777879715)
o38.C1 = CFrame.new(0, 0, 0, -0.00442864839, 0.999983788, -0.00357803097, 0.777867079, 0.0056934366, 0.628403366, 0.628413558, -2.55066055e-007, -0.777879715)
o38.Part0 = o11
o38.Part1 = o11
o39.Parent = o11
o39.C0 = CFrame.new(0, 0, 0, 0.00335929054, 0.999985397, -0.00440457743, -0.602398396, 0.00553936278, 0.798175216, 0.798186541, -2.79877931e-005, 0.602407992)
o39.C1 = CFrame.new(0, 0, 0, 0.00335929054, 0.999985397, -0.00440457743, -0.602398396, 0.00553936278, 0.798175216, 0.798186541, -2.79877931e-005, 0.602407992)
o39.Part0 = o11
o39.Part1 = o11
o40.Parent = o11
o40.C0 = CFrame.new(0, 0, 0, 0.651609182, 0.0902429447, -0.753168404, -0.205237836, 0.976839125, -0.0605202578, 0.730262816, 0.194014043, 0.655038655)
o40.C1 = CFrame.new(0, 0, 0, 0.651609182, 0.0902429447, -0.753168404, -0.205237836, 0.976839125, -0.0605202578, 0.730262816, 0.194014043, 0.655038655)
o40.Part0 = o11
o40.Part1 = o11
o41.Parent = o11
o41.C0 = CFrame.new(0, 0, 0, 0, 1, 0, 1, 0, 0, 0, 0, -1)
o41.C1 = CFrame.new(0, 0, 0, 0, 1, 0, 1, 0, 0, 0, 0, -1)
o41.Part0 = o11
o41.Part1 = o11
o42.Parent = o11
o42.C0 = CFrame.new(0, 0, 0, -1, -3.32096254e-021, 1.38037118e-021, 1.5658223e-021, -0.0565066971, 0.998402238, -3.23765621e-021, 0.998402238, 0.0565066971)
o42.C1 = CFrame.new(0, 0, 0, -1, -3.32096254e-021, 1.38037118e-021, 1.5658223e-021, -0.0565066971, 0.998402238, -3.23765621e-021, 0.998402238, 0.0565066971)
o42.Part0 = o11
o42.Part1 = o11
o43.Parent = o11
o43.C0 = CFrame.new(0, 0, 0, -1, -3.32096254e-021, 1.38037118e-021, 1.5658223e-021, -0.0565066971, 0.998402238, -3.23765621e-021, 0.998402238, 0.0565066971)
o43.C1 = CFrame.new(0, 0, 0, -1, -3.32096254e-021, 1.38037118e-021, 1.5658223e-021, -0.0565066971, 0.998402238, -3.23765621e-021, 0.998402238, 0.0565066971)
o43.Part0 = o11
o43.Part1 = o11
o44.Parent = o11
o44.C0 = CFrame.new(0, 0, 0, -1, -3.32096254e-021, 1.38037118e-021, 1.5658223e-021, -0.0565066971, 0.998402238, -3.23765621e-021, 0.998402238, 0.0565066971)
o44.C1 = CFrame.new(0, 0, 0, -1, -3.32096254e-021, 1.38037118e-021, 1.5658223e-021, -0.0565066971, 0.998402238, -3.23765621e-021, 0.998402238, 0.0565066971)
o44.Part0 = o11
o44.Part1 = o11
o45.Parent = o11
o45.C0 = CFrame.new(0, 0, 0, -0.00621816702, 0.999971211, -0.00436157035, 0.818588376, 0.00759532209, 0.57433027, 0.574346781, 9.50656727e-007, -0.818611979)
o45.C1 = CFrame.new(0, 0, 0, -0.00621816702, 0.999971211, -0.00436157035, 0.818588376, 0.00759532209, 0.57433027, 0.574346781, 9.50656727e-007, -0.818611979)
o45.Part0 = o11
o45.Part1 = o11
o46.Parent = o11
o46.C0 = CFrame.new(0, 0, 0, 0.00389144337, 0.999985397, -0.00394230895, -0.698883891, 0.00553936278, 0.715212286, 0.715222359, -2.79877931e-005, 0.698894978)
o46.C1 = CFrame.new(0, 0, 0, 0.00389144337, 0.999985397, -0.00394230895, -0.698883891, 0.00553936278, 0.715212286, 0.715222359, -2.79877931e-005, 0.698894978)
o46.Part0 = o11
o46.Part1 = o11
o47.Parent = o11
o47.C0 = CFrame.new(0, 0, 0, -0.00567108439, 0.999983788, 0.000511397258, 0.995942295, 0.00569409644, -0.0898121595, -0.0898136348, -1.02768665e-008, -0.995958447)
o47.C1 = CFrame.new(0, 0, 0, -0.00567108439, 0.999983788, 0.000511397258, 0.995942295, 0.00569409644, -0.0898121595, -0.0898136348, -1.02768665e-008, -0.995958447)
o47.Part0 = o11
o47.Part1 = o11
o48.Parent = o11
o48.C0 = CFrame.new(0, 0, 0, -0.000350285205, 0.999984205, 0.00561657501, 0.0490538925, 0.00562699744, -0.998780131, -0.998795927, -7.43430865e-005, -0.0490550995)
o48.C1 = CFrame.new(0, 0, 0, -0.000350285205, 0.999984205, 0.00561657501, 0.0490538925, 0.00562699744, -0.998780131, -0.998795927, -7.43430865e-005, -0.0490550995)
o48.Part0 = o11
o48.Part1 = o11
o49.Parent = o11
o49.C0 = CFrame.new(0, 0, 0, -0.00318251969, 0.999983788, 0.0047208881, 0.558934212, 0.0056934366, -0.8291924, -0.829205871, -2.55066055e-007, -0.558943272)
o49.C1 = CFrame.new(0, 0, 0, -0.00318251969, 0.999983788, 0.0047208881, 0.558934212, 0.0056934366, -0.8291924, -0.829205871, -2.55066055e-007, -0.558943272)
o49.Part0 = o11
o49.Part1 = o11
o50.Parent = o11
o50.C0 = CFrame.new(0, 0, 0, 0.0010458309, 0.999999762, -0.000402707199, 0.999998868, -0.0010458146, 7.19682357e-005, 7.18661104e-005, -0.000402781909, -0.999999106)
o50.C1 = CFrame.new(0, 0, 0, 0.0010458309, 0.999999762, -0.000402707199, 0.999998868, -0.0010458146, 7.19682357e-005, 7.18661104e-005, -0.000402781909, -0.999999106)
o50.Part0 = o11
o50.Part1 = o11
o51.Parent = o11
o51.C0 = CFrame.new(0, 0, 0, 0.00335929054, 0.999985397, -0.00440457743, -0.602398396, 0.00553936278, 0.798175216, 0.798186541, -2.79877931e-005, 0.602407992)
o51.C1 = CFrame.new(0, 0, 0, 0.00335929054, 0.999985397, -0.00440457743, -0.602398396, 0.00553936278, 0.798175216, 0.798186541, -2.79877931e-005, 0.602407992)
o51.Part0 = o11
o51.Part1 = o11
o52.Parent = o11
o52.C0 = CFrame.new(0, 0, 0, 0.00385662611, 0.999983788, 0.00418827683, -0.677403092, 0.0056934366, -0.735590219, -0.73560214, -2.55066055e-007, 0.67741406)
o52.C1 = CFrame.new(0, 0, 0, 0.00385662611, 0.999983788, 0.00418827683, -0.677403092, 0.0056934366, -0.735590219, -0.73560214, -2.55066055e-007, 0.67741406)
o52.Part0 = o11
o52.Part1 = o11
o53.Parent = o11
o53.C0 = CFrame.new(0, 0, 0, -2.30073929e-005, 1, 2.03549862e-005, 0.0429434776, 2.13384628e-005, -0.999077439, -0.999077439, -2.22027302e-005, -0.0429434776)
o53.C1 = CFrame.new(0, 0, 0, -2.30073929e-005, 1, 2.03549862e-005, 0.0429434776, 2.13384628e-005, -0.999077439, -0.999077439, -2.22027302e-005, -0.0429434776)
o53.Part0 = o11
o53.Part1 = o11
o54.Parent = o11
o54.C0 = CFrame.new(0, 0, 0, 0.0566511191, 0.997976422, 0.0288740825, 0.772669017, -0.0621398091, 0.631760359, 0.632276118, -0.0134798214, -0.774625838)
o54.C1 = CFrame.new(0, 0, 0, 0.0566511191, 0.997976422, 0.0288740825, 0.772669017, -0.0621398091, 0.631760359, 0.632276118, -0.0134798214, -0.774625838)
o54.Part0 = o11
o54.Part1 = o11
o55.Parent = o11
o55.C0 = CFrame.new(0, 0, 0, -0.00621816702, 0.999971211, -0.00436157035, 0.818588376, 0.00759532209, 0.57433027, 0.574346781, 9.50656727e-007, -0.818611979)
o55.C1 = CFrame.new(0, 0, 0, -0.00621816702, 0.999971211, -0.00436157035, 0.818588376, 0.00759532209, 0.57433027, 0.574346781, 9.50656727e-007, -0.818611979)
o55.Part0 = o11
o55.Part1 = o11
o56.Parent = o11
o56.C0 = CFrame.new(0, 0, 0, -0.000350285205, 0.999984205, 0.00561657501, 0.0490538925, 0.00562699744, -0.998780131, -0.998795927, -7.43430865e-005, -0.0490550995)
o56.C1 = CFrame.new(0, 0, 0, -0.000350285205, 0.999984205, 0.00561657501, 0.0490538925, 0.00562699744, -0.998780131, -0.998795927, -7.43430865e-005, -0.0490550995)
o56.Part0 = o11
o56.Part1 = o11
o57.Parent = o11
o57.C0 = CFrame.new(0, 0, 0, 0.00385662611, 0.999983788, 0.00418827683, -0.677403092, 0.0056934366, -0.735590219, -0.73560214, -2.55066055e-007, 0.67741406)
o57.C1 = CFrame.new(0, 0, 0, 0.00385662611, 0.999983788, 0.00418827683, -0.677403092, 0.0056934366, -0.735590219, -0.73560214, -2.55066055e-007, 0.67741406)
o57.Part0 = o11
o57.Part1 = o11
o58.Parent = o11
o58.C0 = CFrame.new(0, 0, 0, 0.00335929054, 0.999985397, -0.00440457743, -0.602398396, 0.00553936278, 0.798175216, 0.798186541, -2.79877931e-005, 0.602407992)
o58.C1 = CFrame.new(0, 0, 0, 0.00335929054, 0.999985397, -0.00440457743, -0.602398396, 0.00553936278, 0.798175216, 0.798186541, -2.79877931e-005, 0.602407992)
o58.Part0 = o11
o58.Part1 = o11
o59.Parent = o11
o59.C0 = CFrame.new(0, 0, 0, -0.00442864839, 0.999983788, -0.00357803097, 0.777867079, 0.0056934366, 0.628403366, 0.628413558, -2.55066055e-007, -0.777879715)
o59.C1 = CFrame.new(0, 0, 0, -0.00442864839, 0.999983788, -0.00357803097, 0.777867079, 0.0056934366, 0.628403366, 0.628413558, -2.55066055e-007, -0.777879715)
o59.Part0 = o11
o59.Part1 = o11
o60.Parent = o11
o60.C0 = CFrame.new(0, 0, 0, 0.0010458309, 0.999999762, -0.000402707199, 0.999998868, -0.0010458146, 7.19682357e-005, 7.18661104e-005, -0.000402781909, -0.999999106)
o60.C1 = CFrame.new(0, 0, 0, 0.0010458309, 0.999999762, -0.000402707199, 0.999998868, -0.0010458146, 7.19682357e-005, 7.18661104e-005, -0.000402781909, -0.999999106)
o60.Part0 = o11
o60.Part1 = o11
o61.Parent = o11
o61.C0 = CFrame.new(0, 0, 0, 0.00335929054, 0.999985397, -0.00440457743, -0.602398396, 0.00553936278, 0.798175216, 0.798186541, -2.79877931e-005, 0.602407992)
o61.C1 = CFrame.new(0, 0, 0, 0.00335929054, 0.999985397, -0.00440457743, -0.602398396, 0.00553936278, 0.798175216, 0.798186541, -2.79877931e-005, 0.602407992)
o61.Part0 = o11
o61.Part1 = o11
o62.Parent = o11
o62.C0 = CFrame.new(0, 0, 0, 0.00335929054, 0.999985397, -0.00440457743, -0.602398396, 0.00553936278, 0.798175216, 0.798186541, -2.79877931e-005, 0.602407992)
o62.C1 = CFrame.new(0, 0, 0, 0.00335929054, 0.999985397, -0.00440457743, -0.602398396, 0.00553936278, 0.798175216, 0.798186541, -2.79877931e-005, 0.602407992)
o62.Part0 = o11
o62.Part1 = o11
o63.Parent = o11
o63.C0 = CFrame.new(0, 0, 0, 0.00335929054, 0.999985397, -0.00440457743, -0.602398396, 0.00553936278, 0.798175216, 0.798186541, -2.79877931e-005, 0.602407992)
o63.C1 = CFrame.new(0, 0, 0, 0.00335929054, 0.999985397, -0.00440457743, -0.602398396, 0.00553936278, 0.798175216, 0.798186541, -2.79877931e-005, 0.602407992)
o63.Part0 = o11
o63.Part1 = o11
o64.Parent = o11
o64.C0 = CFrame.new(0, 0, 0, 0.0566511191, 0.997976422, 0.0288740825, 0.772669017, -0.0621398091, 0.631760359, 0.632276118, -0.0134798214, -0.774625838)
o64.C1 = CFrame.new(0, 0, 0, 0.0566511191, 0.997976422, 0.0288740825, 0.772669017, -0.0621398091, 0.631760359, 0.632276118, -0.0134798214, -0.774625838)
o64.Part0 = o11
o64.Part1 = o11
o65.Parent = o11
o65.C0 = CFrame.new(0, 0, 0, -0.00621816702, 0.999971211, -0.00436157035, 0.818588376, 0.00759532209, 0.57433027, 0.574346781, 9.50656727e-007, -0.818611979)
o65.C1 = CFrame.new(0, 0, 0, -0.00621816702, 0.999971211, -0.00436157035, 0.818588376, 0.00759532209, 0.57433027, 0.574346781, 9.50656727e-007, -0.818611979)
o65.Part0 = o11
o65.Part1 = o11
o66.Parent = o11
o66.C0 = CFrame.new(0, 0, 0, -0.00342345005, 0.999984205, -0.004509144, 0.626414776, 0.00565933622, 0.779468894, 0.779481888, -0.000156120397, -0.626423836)
o66.C1 = CFrame.new(0, 0, 0, -0.00342345005, 0.999984205, -0.004509144, 0.626414776, 0.00565933622, 0.779468894, 0.779481888, -0.000156120397, -0.626423836)
o66.Part0 = o11
o66.Part1 = o11
o67.Parent = o11
o67.C0 = CFrame.new(0, 0, 0, 0.00389144337, 0.999985397, -0.00394230895, -0.698883891, 0.00553936278, 0.715212286, 0.715222359, -2.79877931e-005, 0.698894978)
o67.C1 = CFrame.new(0, 0, 0, 0.00389144337, 0.999985397, -0.00394230895, -0.698883891, 0.00553936278, 0.715212286, 0.715222359, -2.79877931e-005, 0.698894978)
o67.Part0 = o11
o67.Part1 = o11
o68.Parent = o11
o68.C0 = CFrame.new(0, 0, 0, 0.00335929054, 0.999985397, -0.00440457743, -0.602398396, 0.00553936278, 0.798175216, 0.798186541, -2.79877931e-005, 0.602407992)
o68.C1 = CFrame.new(0, 0, 0, 0.00335929054, 0.999985397, -0.00440457743, -0.602398396, 0.00553936278, 0.798175216, 0.798186541, -2.79877931e-005, 0.602407992)
o68.Part0 = o11
o68.Part1 = o11
o69.Parent = o11
o69.C0 = CFrame.new(0, 0, 0, -0.60509342, -0.0860248879, 0.791493297, 0.10370408, 0.977159381, 0.185485691, -0.78937149, 0.194317266, -0.582351565)
o69.C1 = CFrame.new(0, 0, 0, -0.60509342, -0.0860248879, 0.791493297, 0.10370408, 0.977159381, 0.185485691, -0.78937149, 0.194317266, -0.582351565)
o69.Part0 = o11
o69.Part1 = o11
o70.Parent = o11
o70.C0 = CFrame.new(0, 0, 0, -0.000350285205, 0.999984205, 0.00561657501, 0.0490538925, 0.00562699744, -0.998780131, -0.998795927, -7.43430865e-005, -0.0490550995)
o70.C1 = CFrame.new(0, 0, 0, -0.000350285205, 0.999984205, 0.00561657501, 0.0490538925, 0.00562699744, -0.998780131, -0.998795927, -7.43430865e-005, -0.0490550995)
o70.Part0 = o11
o70.Part1 = o11
o71.Parent = o11
o71.C0 = CFrame.new(0, 0, 0, -0.000350285205, 0.999984205, 0.00561657501, 0.0490538925, 0.00562699744, -0.998780131, -0.998795927, -7.43430865e-005, -0.0490550995)
o71.C1 = CFrame.new(0, 0, 0, -0.000350285205, 0.999984205, 0.00561657501, 0.0490538925, 0.00562699744, -0.998780131, -0.998795927, -7.43430865e-005, -0.0490550995)
o71.Part0 = o11
o71.Part1 = o11
o72.Parent = o11
o72.C0 = CFrame.new(0, 0, 0, 0.000364780426, 0.999999821, 0.000445812941, -0.677439272, 0.000575065613, -0.735578537, -0.735578656, -3.3646822e-005, 0.677439332)
o72.C1 = CFrame.new(0, 0, 0, 0.000364780426, 0.999999821, 0.000445812941, -0.677439272, 0.000575065613, -0.735578537, -0.735578656, -3.3646822e-005, 0.677439332)
o72.Part0 = o11
o72.Part1 = o11
o73.Parent = o11
o73.C0 = CFrame.new(0, 0, 0, 0.884612679, -0.249881461, -0.393725216, 0.143391162, 0.949163556, -0.280227751, 0.443733305, 0.191436335, 0.875472844)
o73.C1 = CFrame.new(0, 0, 0, 0.884612679, -0.249881461, -0.393725216, 0.143391162, 0.949163556, -0.280227751, 0.443733305, 0.191436335, 0.875472844)
o73.Part0 = o11
o73.Part1 = o11
o74.Parent = o11
o74.C0 = CFrame.new(0, 0, 0, 0.0566511191, 0.997976422, 0.0288740825, 0.772669017, -0.0621398091, 0.631760359, 0.632276118, -0.0134798214, -0.774625838)
o74.C1 = CFrame.new(0, 0, 0, 0.0566511191, 0.997976422, 0.0288740825, 0.772669017, -0.0621398091, 0.631760359, 0.632276118, -0.0134798214, -0.774625838)
o74.Part0 = o11
o74.Part1 = o11
o75.Parent = o11
o75.C0 = CFrame.new(0, 0, 0, -0.00621816702, 0.999971211, -0.00436157035, 0.818588376, 0.00759532209, 0.57433027, 0.574346781, 9.50656727e-007, -0.818611979)
o75.C1 = CFrame.new(0, 0, 0, -0.00621816702, 0.999971211, -0.00436157035, 0.818588376, 0.00759532209, 0.57433027, 0.574346781, 9.50656727e-007, -0.818611979)
o75.Part0 = o11
o75.Part1 = o11
o76.Parent = o11
o76.C0 = CFrame.new(0, 0, 0, 0.651609182, 0.0902429447, -0.753168404, -0.205237836, 0.976839125, -0.0605202578, 0.730262816, 0.194014043, 0.655038655)
o76.C1 = CFrame.new(0, 0, 0, 0.651609182, 0.0902429447, -0.753168404, -0.205237836, 0.976839125, -0.0605202578, 0.730262816, 0.194014043, 0.655038655)
o76.Part0 = o11
o76.Part1 = o11
o77.Parent = o11
o77.C0 = CFrame.new(0, 0, 0, 0.652175844, 0.0800921395, -0.753825486, -0.198732078, 0.977687955, -0.0680569708, 0.731555223, 0.194194242, 0.653541386)
o77.C1 = CFrame.new(0, 0, 0, 0.652175844, 0.0800921395, -0.753825486, -0.198732078, 0.977687955, -0.0680569708, 0.731555223, 0.194194242, 0.653541386)
o77.Part0 = o11
o77.Part1 = o11
o78.Parent = o11
o78.C0 = CFrame.new(0, 0, 0, 0.651609182, 0.0902429447, -0.753168404, -0.205237836, 0.976839125, -0.0605202578, 0.730262816, 0.194014043, 0.655038655)
o78.C1 = CFrame.new(0, 0, 0, 0.651609182, 0.0902429447, -0.753168404, -0.205237836, 0.976839125, -0.0605202578, 0.730262816, 0.194014043, 0.655038655)
o78.Part0 = o11
o78.Part1 = o11
o79.Parent = o11
o79.C0 = CFrame.new(0, 0, 0, -0.00442864839, 0.999983788, -0.00357803097, 0.777867079, 0.0056934366, 0.628403366, 0.628413558, -2.55066055e-007, -0.777879715)
o79.C1 = CFrame.new(0, 0, 0, -0.00442864839, 0.999983788, -0.00357803097, 0.777867079, 0.0056934366, 0.628403366, 0.628413558, -2.55066055e-007, -0.777879715)
o79.Part0 = o11
o79.Part1 = o11
o80.Parent = o11
o80.C0 = CFrame.new(0, 0, 0, 0.00335929054, 0.999985397, -0.00440457743, -0.602398396, 0.00553936278, 0.798175216, 0.798186541, -2.79877931e-005, 0.602407992)
o80.C1 = CFrame.new(0, 0, 0, 0.00335929054, 0.999985397, -0.00440457743, -0.602398396, 0.00553936278, 0.798175216, 0.798186541, -2.79877931e-005, 0.602407992)
o80.Part0 = o11
o80.Part1 = o11
o81.Parent = o11
o81.C0 = CFrame.new(0, 0, 0, -0.00281608105, 0.999992788, -0.00253880024, 0.777905524, 0.00378608704, 0.628369749, 0.628374875, -0.000205338001, -0.777910471)
o81.C1 = CFrame.new(0, 0, 0, -0.00281608105, 0.999992788, -0.00253880024, 0.777905524, 0.00378608704, 0.628369749, 0.628374875, -0.000205338001, -0.777910471)
o81.Part0 = o11
o81.Part1 = o11
o82.Parent = o11
o82.C0 = CFrame.new(0, 0, 0, -0.00318251969, 0.999983788, 0.0047208881, 0.558934212, 0.0056934366, -0.8291924, -0.829205871, -2.55066055e-007, -0.558943272)
o82.C1 = CFrame.new(0, 0, 0, -0.00318251969, 0.999983788, 0.0047208881, 0.558934212, 0.0056934366, -0.8291924, -0.829205871, -2.55066055e-007, -0.558943272)
o82.Part0 = o11
o82.Part1 = o11
o83.Parent = o11
o83.C0 = CFrame.new(0, 0, 0, 0.000364780426, 0.999999821, 0.000445812941, -0.677439272, 0.000575065613, -0.735578537, -0.735578656, -3.3646822e-005, 0.677439332)
o83.C1 = CFrame.new(0, 0, 0, 0.000364780426, 0.999999821, 0.000445812941, -0.677439272, 0.000575065613, -0.735578537, -0.735578656, -3.3646822e-005, 0.677439332)
o83.Part0 = o11
o83.Part1 = o11
o84.Parent = o11
o84.C0 = CFrame.new(0, 0, 0, -0.00567108439, 0.999983788, 0.000511397258, 0.995942295, 0.00569409644, -0.0898121595, -0.0898136348, -1.02768665e-008, -0.995958447)
o84.C1 = CFrame.new(0, 0, 0, -0.00567108439, 0.999983788, 0.000511397258, 0.995942295, 0.00569409644, -0.0898121595, -0.0898136348, -1.02768665e-008, -0.995958447)
o84.Part0 = o11
o84.Part1 = o11
o85.Parent = o11
o85.C0 = CFrame.new(0, 0, 0, -0.00621816702, 0.999971211, -0.00436157035, 0.818588376, 0.00759532209, 0.57433027, 0.574346781, 9.50656727e-007, -0.818611979)
o85.C1 = CFrame.new(0, 0, 0, -0.00621816702, 0.999971211, -0.00436157035, 0.818588376, 0.00759532209, 0.57433027, 0.574346781, 9.50656727e-007, -0.818611979)
o85.Part0 = o11
o85.Part1 = o11
o86.Parent = o11
o86.C0 = CFrame.new(0, 0, 0, -0.699303985, -0.178106919, -0.692280233, -0.261375844, 0.965108931, 0.0157286245, 0.66532445, 0.19194442, -0.721457362)
o86.C1 = CFrame.new(0, 0, 0, -0.699303985, -0.178106919, -0.692280233, -0.261375844, 0.965108931, 0.0157286245, 0.66532445, 0.19194442, -0.721457362)
o86.Part0 = o11
o86.Part1 = o11
o87.Parent = o11
o87.C0 = CFrame.new(0, 0, 0, 0.00335929054, 0.999985397, -0.00440457743, -0.602398396, 0.00553936278, 0.798175216, 0.798186541, -2.79877931e-005, 0.602407992)
o87.C1 = CFrame.new(0, 0, 0, 0.00335929054, 0.999985397, -0.00440457743, -0.602398396, 0.00553936278, 0.798175216, 0.798186541, -2.79877931e-005, 0.602407992)
o87.Part0 = o11
o87.Part1 = o11
o88.Parent = o11
o88.C0 = CFrame.new(0, 0, 0, -0.00342345005, 0.999984205, -0.004509144, 0.626414776, 0.00565933622, 0.779468894, 0.779481888, -0.000156120397, -0.626423836)
o88.C1 = CFrame.new(0, 0, 0, -0.00342345005, 0.999984205, -0.004509144, 0.626414776, 0.00565933622, 0.779468894, 0.779481888, -0.000156120397, -0.626423836)
o88.Part0 = o11
o88.Part1 = o11
o89.Parent = o11
