-- params : ...

player = game:GetService("Players").LocalPlayer
char = player.Character
mouse = player:GetMouse()
for i,v in pairs(char:GetChildren()) do
  if v.ClassName == "BoolValue" then
    v:Destroy()
  else
    if v.ClassName == "NumberValue" then
      v:Destroy()
    else
      if v.ClassName == "IntValue" then
        v:Destroy()
      else
        if v.ClassName == "CFrameValue" then
          v:Destroy()
        else
          if v.ClassName == "Model" then
            v:Destroy()
          end
        end
      end
    end
  end
end
local makeorb = false
idleq = false
local skl = false
local healingmode = false
parts = {}
poses = {}
sizes = {}
local obj3, HBOX1, HBOX2, TARG10, TARG11, STARG, lastdg, objs, objs2, dg, dgm = nil, nil, nil, nil, nil, nil, nil, nil, nil, nil, nil
local active = true
local spinning = false
team = Instance.new("StringValue", char)
team.Name = "Team"
team.Value = player.Name
makepart = function(transparency, collide, color, size, cf, material, shape, debris, anchored)
  
  local p = Instance.new("Part", game.Workspace)
  if transparency ~= nil then
    p.Transparency = transparency
  end
  p.Anchored = true
  if collide ~= nil then
    p.CanCollide = collide
    if color ~= nil then
      p.BrickColor = BrickColor.new(color)
    end
    if size ~= nil then
      p.Size = size
    end
    if cf ~= nil then
      p.CFrame = cf
    end
    if material ~= nil then
      p.Material = material
    end
    if shape ~= nil then
      p.Shape = shape
    end
    if debris ~= nil then
      game.Debris:AddItem(p, debris)
    end
    p.TopSurface = "SmoothNoOutlines"
    p.BottomSurface = "SmoothNoOutlines"
    p.LeftSurface = "SmoothNoOutlines"
    p.RightSurface = "SmoothNoOutlines"
    p.FrontSurface = "SmoothNoOutlines"
    p.BackSurface = "SmoothNoOutlines"
    return p
  end
end

meshsomething = function(part, meshid, textureid, scale, mt)
  
  local msh = nil
  if mt ~= nil then
    msh = Instance.new(mt, part)
  else
    msh = Instance.new("SpecialMesh", part)
  end
  if meshid ~= nil then
    msh.MeshId = meshid
  end
  if textureid ~= nil then
    msh.TextureId = textureid
  end
  if scale ~= nil then
    msh.Scale = scale
  end
  return msh
end

local lastdf, df, dfm = nil, nil, nil
local basicunlocked = false
stats=Instance.new("BoolValue", char)
stats.Name="Stats"
stats.Value=false
mc = Instance.new("NumberValue", stats)
mc.Name = "CloanTime"
mc.Value = 0
ht = Instance.new("NumberValue", stats)
ht.Name = "HealingTime"
ht.Value = 6
stun = Instance.new("BoolValue", stats)
stun.Name = "Stunned"
stun.Value = false
atk = Instance.new("NumberValue", stats)
atk.Name = "Attack"
atk.Value = 1
def = Instance.new("NumberValue", stats)
def.Name = "Defense"
def.Value = 1
spd = Instance.new("NumberValue", stats)
spd.Name = "Speed"
spd.Value = 1
deft = Instance.new("NumberValue", stats)
deft.Name = "DefenseTime"
deft.Value = 0
atkt = Instance.new("NumberValue", stats)
atkt.Name = "AttackTime"
atkt.Value = 0
spdt = Instance.new("NumberValue", stats)
spdt.Name = "SpeedTime"
spdt.Value = 0
posd = Instance.new("BoolValue", stats)
posd.Name = "Posioned"
posd.Value = false
pt = Instance.new("NumberValue", stats)
pt.Name = "PoisonTime"
pt.Value = 0
bl = Instance.new("BoolValue", stats)
bl.Name = "Blocking"
bl.Value = false
bll = Instance.new("BoolValue", stats)
bll.Name = "BlockingLabel"
bll.Value = false
blt = Instance.new("NumberValue", stats)
blt.Name = "BlockingLeft"
blt.Value = 50
pb = Instance.new("BoolValue", stats)
pb.Name = "PauseBlock"
pb.Value = false
blm = 100
gd = Instance.new("BoolValue", stats)
gd.Name = "Ground"
local TARG7, obj, TARG8, obj2 = nil, nil, nil, nil
for i,v in pairs(char:GetChildren()) do
  if v.ClassName == "Weld" then
    v:destroy()
  end
  if v.ClassName == "Model" then
    v:Destroy()
  end
end
for i,v in pairs(player.PlayerGui:GetChildren()) do
  if v.Name == "UI" then
    v:Destroy()
  end
end
for i,v in pairs(char.Head:GetChildren()) do
  if v.ClassName == "Sound" then
    v:Destroy()
  end
end
local m = Instance.new("Model")
m.Name = "Runic Tunes"
p1 = Instance.new("Part", m)
p1.BrickColor = BrickColor.new("Lily white")
p1.Material = Enum.Material.SmoothPlastic
p1.Name = "BLD"
p1.CFrame = CFrame.new(158.814728, 7.5604434, 68.9112091, 0.118325084, -0.0106279431, -0.992919028, 0.00754601555, 0.999924302, -0.00980370957, 0.992947757, -0.00633254647, 0.118396461)
p1.CanCollide = false
p1.Size = Vector3.new(0.200000003, 1.96283054, 0.200000003)
p1.BackSurface = Enum.SurfaceType.SmoothNoOutlines
p1.BottomSurface = Enum.SurfaceType.SmoothNoOutlines
p1.FrontSurface = Enum.SurfaceType.SmoothNoOutlines
p1.LeftSurface = Enum.SurfaceType.SmoothNoOutlines
p1.RightSurface = Enum.SurfaceType.SmoothNoOutlines
p1.TopSurface = Enum.SurfaceType.SmoothNoOutlines
b1 = Instance.new("BlockMesh", p1)
b1.Name = "Mesh"
b1.Scale = Vector3.new(0.648554683, 1, 0.684892654)
p2 = Instance.new("Part", m)
p2.BrickColor = BrickColor.new("Steel blue")
p2.Material = Enum.Material.Neon
p2.Name = "BLD"
p2.CFrame = CFrame.new(158.814041, 7.5597086, 68.9119949, 0.118325084, -0.0106279431, -0.992919028, 0.00754601555, 0.999924302, -0.00980370957, 0.992947757, -0.00633254647, 0.118396461)
p2.CanCollide = false
p2.Size = Vector3.new(0.200000003, 1.97707105, 0.200000003)
p2.BackSurface = Enum.SurfaceType.SmoothNoOutlines
p2.BottomSurface = Enum.SurfaceType.SmoothNoOutlines
p2.FrontSurface = Enum.SurfaceType.SmoothNoOutlines
p2.LeftSurface = Enum.SurfaceType.SmoothNoOutlines
p2.RightSurface = Enum.SurfaceType.SmoothNoOutlines
p2.TopSurface = Enum.SurfaceType.SmoothNoOutlines
b2 = Instance.new("BlockMesh", p2)
b2.Name = "Mesh"
b2.Scale = Vector3.new(0.557979703, 1, 0.633331835)
p3 = Instance.new("WedgePart", m)
p3.BrickColor = BrickColor.new("Steel blue")
p3.Material = Enum.Material.Neon
p3.Name = "BLD"
p3.CFrame = CFrame.new(156.878372, 13.0602722, 69.0994492, -0.11835397, -0.992914915, -0.0106989695, -0.00756300753, -0.00987302419, 0.999923646, -0.992943823, 0.118426017, -0.0063409037)
p3.CanCollide = false
p3.FormFactor = Enum.FormFactor.Symmetric
p3.Size = Vector3.new(0.200000003, 0.402665049, 0.777830362)
p3.BackSurface = Enum.SurfaceType.SmoothNoOutlines
p3.BottomSurface = Enum.SurfaceType.SmoothNoOutlines
p3.FrontSurface = Enum.SurfaceType.SmoothNoOutlines
p3.LeftSurface = Enum.SurfaceType.SmoothNoOutlines
p3.RightSurface = Enum.SurfaceType.SmoothNoOutlines
p3.TopSurface = Enum.SurfaceType.SmoothNoOutlines
b3 = Instance.new("SpecialMesh", p3)
b3.MeshType = Enum.MeshType.Wedge
b3.Name = "Mesh"
b3.Scale = Vector3.new(0.498162329, 1, 1)
p4 = Instance.new("Part", m)
p4.BrickColor = BrickColor.new("Steel blue")
p4.Material = Enum.Material.Neon
p4.Name = "BLD"
p4.CFrame = CFrame.new(157.307724, 12.1233807, 69.0564804, 0.118310027, 0.529905677, -0.839764893, 0.00755101116, 0.845199645, 0.534398854, 0.992949247, -0.0695658773, 0.0959944203)
p4.CanCollide = false
p4.Size = Vector3.new(0.200000003, 0.254450023, 0.486118287)
p4.BackSurface = Enum.SurfaceType.SmoothNoOutlines
p4.BottomSurface = Enum.SurfaceType.SmoothNoOutlines
p4.FrontSurface = Enum.SurfaceType.SmoothNoOutlines
p4.LeftSurface = Enum.SurfaceType.SmoothNoOutlines
p4.RightSurface = Enum.SurfaceType.SmoothNoOutlines
p4.TopSurface = Enum.SurfaceType.SmoothNoOutlines
b4 = Instance.new("BlockMesh", p4)
b4.Name = "Mesh"
b4.Scale = Vector3.new(0.50920862, 1, 1)
p5 = Instance.new("Part", m)
p5.BrickColor = BrickColor.new("Steel blue")
p5.Material = Enum.Material.Neon
p5.Name = "BLD"
p5.CFrame = CFrame.new(160.176987, 12.1517935, 68.714447, -0.118335038, -0.547754049, 0.828229785, -0.0075480137, 0.834562182, 0.550863683, -0.992946565, 0.0589350685, -0.10289254)
p5.CanCollide = false
p5.Size = Vector3.new(0.200000003, 0.254450023, 0.486118287)
p5.BackSurface = Enum.SurfaceType.SmoothNoOutlines
p5.BottomSurface = Enum.SurfaceType.SmoothNoOutlines
p5.FrontSurface = Enum.SurfaceType.SmoothNoOutlines
p5.LeftSurface = Enum.SurfaceType.SmoothNoOutlines
p5.RightSurface = Enum.SurfaceType.SmoothNoOutlines
p5.TopSurface = Enum.SurfaceType.SmoothNoOutlines
b5 = Instance.new("BlockMesh", p5)
b5.Name = "Mesh"
b5.Scale = Vector3.new(0.50920862, 1, 1)
p6 = Instance.new("Part", m)
p6.BrickColor = BrickColor.new("Steel blue")
p6.Material = Enum.Material.Neon
p6.Name = "BLD"
p6.CFrame = CFrame.new(157.422958, 12.2590694, 69.0417023, 0.118307069, 0.747301161, -0.653870761, 0.00755501352, 0.657798648, 0.753157079, 0.992949605, -0.0940439478, 0.0721764714)
p6.CanCollide = false
p6.Size = Vector3.new(0.200000003, 0.254450023, 0.486118287)
p6.BackSurface = Enum.SurfaceType.SmoothNoOutlines
p6.BottomSurface = Enum.SurfaceType.SmoothNoOutlines
p6.FrontSurface = Enum.SurfaceType.SmoothNoOutlines
p6.LeftSurface = Enum.SurfaceType.SmoothNoOutlines
p6.RightSurface = Enum.SurfaceType.SmoothNoOutlines
p6.TopSurface = Enum.SurfaceType.SmoothNoOutlines
b6 = Instance.new("BlockMesh", p6)
b6.Name = "Mesh"
b6.Scale = Vector3.new(0.50920862, 1, 1)
p7 = Instance.new("Part", m)
p7.BrickColor = BrickColor.new("Lily white")
p7.Material = Enum.Material.SmoothPlastic
p7.Name = "BLD"
p7.CFrame = CFrame.new(158.754517, 12.4360352, 68.8841705, 0.11835397, -0.99291575, 0.0106354216, 0.00756300753, -0.00980902929, -0.999924123, 0.992943823, 0.118425608, 0.00634848187)
p7.CanCollide = false
p7.Size = Vector3.new(0.200000003, 1.43592846, 0.234207362)
p7.BackSurface = Enum.SurfaceType.SmoothNoOutlines
p7.BottomSurface = Enum.SurfaceType.SmoothNoOutlines
p7.FrontSurface = Enum.SurfaceType.SmoothNoOutlines
p7.LeftSurface = Enum.SurfaceType.SmoothNoOutlines
p7.RightSurface = Enum.SurfaceType.SmoothNoOutlines
p7.TopSurface = Enum.SurfaceType.SmoothNoOutlines
b7 = Instance.new("BlockMesh", p7)
b7.Name = "Mesh"
b7.Scale = Vector3.new(0.58933264, 1, 1)
p8 = Instance.new("WedgePart", m)
p8.BrickColor = BrickColor.new("Steel blue")
p8.Material = Enum.Material.Neon
p8.Name = "BLD"
p8.CFrame = CFrame.new(157.24379, 11.7580929, 69.0659103, -0.11835397, -0.992914915, -0.0106989695, -0.00756300753, -0.00987302419, 0.999923646, -0.992943823, 0.118426017, -0.0063409037)
p8.CanCollide = false
p8.FormFactor = Enum.FormFactor.Symmetric
p8.Size = Vector3.new(0.200000003, 0.402665049, 0.777830362)
p8.BackSurface = Enum.SurfaceType.SmoothNoOutlines
p8.BottomSurface = Enum.SurfaceType.SmoothNoOutlines
p8.FrontSurface = Enum.SurfaceType.SmoothNoOutlines
p8.LeftSurface = Enum.SurfaceType.SmoothNoOutlines
p8.RightSurface = Enum.SurfaceType.SmoothNoOutlines
p8.TopSurface = Enum.SurfaceType.SmoothNoOutlines
b8 = Instance.new("SpecialMesh", p8)
b8.MeshType = Enum.MeshType.Wedge
b8.Name = "Mesh"
b8.Scale = Vector3.new(0.498162329, 1, 1)
p9 = Instance.new("WedgePart", m)
p9.BrickColor = BrickColor.new("Steel blue")
p9.Material = Enum.Material.Neon
p9.Name = "BLD"
p9.CFrame = CFrame.new(160.248718, 11.7879009, 68.7096558, 0.118293986, 0.992922843, -0.0106371325, 0.00756400824, 0.00981101859, 0.999924242, 0.992950976, -0.11836566, -0.00634988351)
p9.CanCollide = false
p9.FormFactor = Enum.FormFactor.Symmetric
p9.Size = Vector3.new(0.200000003, 0.402665049, 0.777830362)
p9.BackSurface = Enum.SurfaceType.SmoothNoOutlines
p9.BottomSurface = Enum.SurfaceType.SmoothNoOutlines
p9.FrontSurface = Enum.SurfaceType.SmoothNoOutlines
p9.LeftSurface = Enum.SurfaceType.SmoothNoOutlines
p9.RightSurface = Enum.SurfaceType.SmoothNoOutlines
p9.TopSurface = Enum.SurfaceType.SmoothNoOutlines
b9 = Instance.new("SpecialMesh", p9)
b9.MeshType = Enum.MeshType.Wedge
b9.Name = "Mesh"
b9.Scale = Vector3.new(0.498162329, 1, 1)
p10 = Instance.new("Part", m)
p10.BrickColor = BrickColor.new("Lily white")
p10.Material = Enum.Material.SmoothPlastic
p10.Name = "BLD"
p10.CFrame = CFrame.new(159.46701, 12.4445133, 68.7992249, 0.118308052, 0.694607854, -0.709595263, 0.00755301397, 0.713963687, 0.700143218, 0.992949486, -0.0881922767, 0.0792213902)
p10.CanCollide = false
p10.Size = Vector3.new(0.200000003, 0.200000003, 0.200000003)
p10.BackSurface = Enum.SurfaceType.SmoothNoOutlines
p10.BottomSurface = Enum.SurfaceType.SmoothNoOutlines
p10.FrontSurface = Enum.SurfaceType.SmoothNoOutlines
p10.LeftSurface = Enum.SurfaceType.SmoothNoOutlines
p10.RightSurface = Enum.SurfaceType.SmoothNoOutlines
p10.TopSurface = Enum.SurfaceType.SmoothNoOutlines
b10 = Instance.new("BlockMesh", p10)
b10.Name = "Mesh"
b10.Scale = Vector3.new(0.58933264, 0.815570593, 0.824843287)
p11 = Instance.new("Part", m)
p11.BrickColor = BrickColor.new("Steel blue")
p11.Material = Enum.Material.Neon
p11.Name = "BLD"
p11.CFrame = CFrame.new(159.728104, 12.4282827, 68.7657394, -0.118352018, -0.982557595, 0.143443584, -0.00755901122, 0.145346135, 0.989352942, -0.99294436, 0.116007797, -0.0246291868)
p11.CanCollide = false
p11.Size = Vector3.new(0.200000003, 0.254450023, 0.486118287)
p11.BackSurface = Enum.SurfaceType.SmoothNoOutlines
p11.BottomSurface = Enum.SurfaceType.SmoothNoOutlines
p11.FrontSurface = Enum.SurfaceType.SmoothNoOutlines
p11.LeftSurface = Enum.SurfaceType.SmoothNoOutlines
p11.RightSurface = Enum.SurfaceType.SmoothNoOutlines
p11.TopSurface = Enum.SurfaceType.SmoothNoOutlines
b11 = Instance.new("BlockMesh", p11)
b11.Name = "Mesh"
b11.Scale = Vector3.new(0.50920862, 1, 1)
p12 = Instance.new("Part", m)
p12.BrickColor = BrickColor.new("Steel blue")
p12.Material = Enum.Material.Neon
p12.Name = "BLD"
p12.CFrame = CFrame.new(160.058914, 12.2851906, 68.727478, -0.118341058, -0.761105955, 0.6377424, -0.00755101349, 0.642926514, 0.765891731, -0.992945552, 0.0858209506, -0.0818318427)
p12.CanCollide = false
p12.Size = Vector3.new(0.200000003, 0.254450023, 0.486118287)
p12.BackSurface = Enum.SurfaceType.SmoothNoOutlines
p12.BottomSurface = Enum.SurfaceType.SmoothNoOutlines
p12.FrontSurface = Enum.SurfaceType.SmoothNoOutlines
p12.LeftSurface = Enum.SurfaceType.SmoothNoOutlines
p12.RightSurface = Enum.SurfaceType.SmoothNoOutlines
p12.TopSurface = Enum.SurfaceType.SmoothNoOutlines
b12 = Instance.new("BlockMesh", p12)
b12.Name = "Mesh"
b12.Scale = Vector3.new(0.50920862, 1, 1)
p13 = Instance.new("Part", m)
p13.BrickColor = BrickColor.new("Steel blue")
p13.Material = Enum.Material.Neon
p13.Name = "BLD"
p13.CFrame = CFrame.new(157.750641, 12.4086933, 69.0015106, 0.118294001, 0.97926718, -0.164452553, 0.00756200869, 0.164722145, 0.986311972, 0.992951095, -0.117918529, 0.0120804515)
p13.CanCollide = false
p13.Size = Vector3.new(0.200000003, 0.254450023, 0.486118287)
p13.BackSurface = Enum.SurfaceType.SmoothNoOutlines
p13.BottomSurface = Enum.SurfaceType.SmoothNoOutlines
p13.FrontSurface = Enum.SurfaceType.SmoothNoOutlines
p13.LeftSurface = Enum.SurfaceType.SmoothNoOutlines
p13.RightSurface = Enum.SurfaceType.SmoothNoOutlines
p13.TopSurface = Enum.SurfaceType.SmoothNoOutlines
b13 = Instance.new("BlockMesh", p13)
b13.Name = "Mesh"
b13.Scale = Vector3.new(0.50920862, 1, 1)
p14 = Instance.new("Part", m)
p14.BrickColor = BrickColor.new("Steel blue")
p14.Material = Enum.Material.Neon
p14.Name = "BLD"
p14.CFrame = CFrame.new(159.909805, 12.3785143, 68.7444763, -0.118348099, -0.916854024, 0.381280303, -0.0075570154, 0.384799153, 0.922970295, -0.992944837, 0.106350563, -0.0524689853)
p14.CanCollide = false
p14.Size = Vector3.new(0.200000003, 0.254450023, 0.486118287)
p14.BackSurface = Enum.SurfaceType.SmoothNoOutlines
p14.BottomSurface = Enum.SurfaceType.SmoothNoOutlines
p14.FrontSurface = Enum.SurfaceType.SmoothNoOutlines
p14.LeftSurface = Enum.SurfaceType.SmoothNoOutlines
p14.RightSurface = Enum.SurfaceType.SmoothNoOutlines
p14.TopSurface = Enum.SurfaceType.SmoothNoOutlines
b14 = Instance.new("BlockMesh", p14)
b14.Name = "Mesh"
b14.Scale = Vector3.new(0.50920862, 1, 1)
p15 = Instance.new("Part", m)
p15.BrickColor = BrickColor.new("Steel blue")
p15.Material = Enum.Material.Neon
p15.Name = "BLD"
p15.CFrame = CFrame.new(157.570007, 12.3553028, 69.0234451, 0.118300028, 0.908478975, -0.400840968, 0.00755601097, 0.402840227, 0.915240228, 0.992950439, -0.111301847, 0.0407916084)
p15.CanCollide = false
p15.Size = Vector3.new(0.200000003, 0.254450023, 0.486118287)
p15.BackSurface = Enum.SurfaceType.SmoothNoOutlines
p15.BottomSurface = Enum.SurfaceType.SmoothNoOutlines
p15.FrontSurface = Enum.SurfaceType.SmoothNoOutlines
p15.LeftSurface = Enum.SurfaceType.SmoothNoOutlines
p15.RightSurface = Enum.SurfaceType.SmoothNoOutlines
p15.TopSurface = Enum.SurfaceType.SmoothNoOutlines
b15 = Instance.new("BlockMesh", p15)
b15.Name = "Mesh"
b15.Scale = Vector3.new(0.50920862, 1, 1)
p16 = Instance.new("Part", m)
p16.BrickColor = BrickColor.new("Steel blue")
p16.Material = Enum.Material.Neon
p16.Name = "BLD"
p16.CFrame = CFrame.new(158.742798, 12.4337044, 68.8831253, 0.118293986, 0.992922843, -0.0106371325, 0.00756400824, 0.00981101859, 0.999924242, 0.992950976, -0.11836566, -0.00634988351)
p16.CanCollide = false
p16.Size = Vector3.new(0.200000003, 1.83073652, 0.486118287)
p16.BackSurface = Enum.SurfaceType.SmoothNoOutlines
p16.BottomSurface = Enum.SurfaceType.SmoothNoOutlines
p16.FrontSurface = Enum.SurfaceType.SmoothNoOutlines
p16.LeftSurface = Enum.SurfaceType.SmoothNoOutlines
p16.RightSurface = Enum.SurfaceType.SmoothNoOutlines
p16.TopSurface = Enum.SurfaceType.SmoothNoOutlines
b16 = Instance.new("BlockMesh", p16)
b16.Name = "Mesh"
b16.Scale = Vector3.new(0.50920862, 1, 1)
p17 = Instance.new("Part", m)
p17.BrickColor = BrickColor.new("Lily white")
p17.Material = Enum.Material.SmoothPlastic
p17.Name = "BLD"
p17.CFrame = CFrame.new(158.041702, 12.4303865, 68.9691162, 0.118307985, 0.694608331, -0.709595621, 0.00755301351, 0.713964105, 0.700143635, 0.992949724, -0.0881923735, 0.0792214721)
p17.CanCollide = false
p17.Size = Vector3.new(0.200000003, 0.200000003, 0.200000003)
p17.BackSurface = Enum.SurfaceType.SmoothNoOutlines
p17.BottomSurface = Enum.SurfaceType.SmoothNoOutlines
p17.FrontSurface = Enum.SurfaceType.SmoothNoOutlines
p17.LeftSurface = Enum.SurfaceType.SmoothNoOutlines
p17.RightSurface = Enum.SurfaceType.SmoothNoOutlines
p17.TopSurface = Enum.SurfaceType.SmoothNoOutlines
b17 = Instance.new("BlockMesh", p17)
b17.Name = "Mesh"
b17.Scale = Vector3.new(0.58933264, 0.815570593, 0.824843287)
p18 = Instance.new("Part", m)
p18.BrickColor = BrickColor.new("Steel blue")
p18.Material = Enum.Material.Neon
p18.Name = "BLD"
p18.CFrame = CFrame.new(160.275757, 13.6879368, 68.6909027, -0.11834804, -0.91685462, 0.381280571, -0.0075570168, 0.384799421, 0.922970891, -0.992945075, 0.10635069, -0.0524690524)
p18.CanCollide = false
p18.Size = Vector3.new(0.200000003, 0.254450023, 0.486118287)
p18.BackSurface = Enum.SurfaceType.SmoothNoOutlines
p18.BottomSurface = Enum.SurfaceType.SmoothNoOutlines
p18.FrontSurface = Enum.SurfaceType.SmoothNoOutlines
p18.LeftSurface = Enum.SurfaceType.SmoothNoOutlines
p18.RightSurface = Enum.SurfaceType.SmoothNoOutlines
p18.TopSurface = Enum.SurfaceType.SmoothNoOutlines
b18 = Instance.new("BlockMesh", p18)
b18.Name = "Mesh"
b18.Scale = Vector3.new(0.50920862, 1, 1)
p19 = Instance.new("Part", m)
p19.BrickColor = BrickColor.new("Steel blue")
p19.Material = Enum.Material.Neon
p19.Name = "BLD"
p19.CFrame = CFrame.new(160.094055, 13.7376461, 68.7121124, -0.118351959, -0.982558072, 0.143443704, -0.00755901216, 0.145346209, 0.989353597, -0.992944598, 0.116007946, -0.0246292129)
p19.CanCollide = false
p19.Size = Vector3.new(0.200000003, 0.254450023, 0.486118287)
p19.BackSurface = Enum.SurfaceType.SmoothNoOutlines
p19.BottomSurface = Enum.SurfaceType.SmoothNoOutlines
p19.FrontSurface = Enum.SurfaceType.SmoothNoOutlines
p19.LeftSurface = Enum.SurfaceType.SmoothNoOutlines
p19.RightSurface = Enum.SurfaceType.SmoothNoOutlines
p19.TopSurface = Enum.SurfaceType.SmoothNoOutlines
b19 = Instance.new("BlockMesh", p19)
b19.Name = "Mesh"
b19.Scale = Vector3.new(0.50920862, 1, 1)
p20 = Instance.new("Part", m)
p20.BrickColor = BrickColor.new("Steel blue")
p20.Material = Enum.Material.Neon
p20.Name = "BLD"
p20.CFrame = CFrame.new(160.543045, 13.4612131, 68.660759, -0.118334994, -0.547754407, 0.828230321, -0.00754801324, 0.834562838, 0.550863981, -0.992946804, 0.0589351282, -0.102892645)
p20.CanCollide = false
p20.Size = Vector3.new(0.200000003, 0.254450023, 0.486118287)
p20.BackSurface = Enum.SurfaceType.SmoothNoOutlines
p20.BottomSurface = Enum.SurfaceType.SmoothNoOutlines
p20.FrontSurface = Enum.SurfaceType.SmoothNoOutlines
p20.LeftSurface = Enum.SurfaceType.SmoothNoOutlines
p20.RightSurface = Enum.SurfaceType.SmoothNoOutlines
p20.TopSurface = Enum.SurfaceType.SmoothNoOutlines
b20 = Instance.new("BlockMesh", p20)
b20.Name = "Mesh"
b20.Scale = Vector3.new(0.50920862, 1, 1)
p21 = Instance.new("WedgePart", m)
p21.BrickColor = BrickColor.new("Steel blue")
p21.Material = Enum.Material.Neon
p21.Name = "BLD"
p21.CFrame = CFrame.new(160.61467, 13.0973186, 68.6560059, 0.118293941, 0.992923439, -0.0106371343, 0.00756401056, 0.0098110307, 0.999924839, 0.992951334, -0.118365787, -0.0063498863)
p21.CanCollide = false
p21.FormFactor = Enum.FormFactor.Symmetric
p21.Size = Vector3.new(0.200000003, 0.402665049, 0.777830362)
p21.BackSurface = Enum.SurfaceType.SmoothNoOutlines
p21.BottomSurface = Enum.SurfaceType.SmoothNoOutlines
p21.FrontSurface = Enum.SurfaceType.SmoothNoOutlines
p21.LeftSurface = Enum.SurfaceType.SmoothNoOutlines
p21.RightSurface = Enum.SurfaceType.SmoothNoOutlines
p21.TopSurface = Enum.SurfaceType.SmoothNoOutlines
b21 = Instance.new("SpecialMesh", p21)
b21.MeshType = Enum.MeshType.Wedge
b21.Name = "Mesh"
b21.Scale = Vector3.new(0.498162329, 1, 1)
p22 = Instance.new("Part", m)
p22.BrickColor = BrickColor.new("Steel blue")
p22.Material = Enum.Material.Neon
p22.Name = "BLD"
p22.CFrame = CFrame.new(160.42485, 13.5945854, 68.6738205, -0.118341006, -0.761106491, 0.637742817, -0.00755101489, 0.642926931, 0.765892208, -0.99294579, 0.0858210698, -0.0818319246)
p22.CanCollide = false
p22.Size = Vector3.new(0.200000003, 0.254450023, 0.486118287)
p22.BackSurface = Enum.SurfaceType.SmoothNoOutlines
p22.BottomSurface = Enum.SurfaceType.SmoothNoOutlines
p22.FrontSurface = Enum.SurfaceType.SmoothNoOutlines
p22.LeftSurface = Enum.SurfaceType.SmoothNoOutlines
p22.RightSurface = Enum.SurfaceType.SmoothNoOutlines
p22.TopSurface = Enum.SurfaceType.SmoothNoOutlines
b22 = Instance.new("BlockMesh", p22)
b22.Name = "Mesh"
b22.Scale = Vector3.new(0.50920862, 1, 1)
p23 = Instance.new("Part", m)
p23.BrickColor = BrickColor.new("Lily white")
p23.Material = Enum.Material.SmoothPlastic
p23.Name = "BLD"
p23.CFrame = CFrame.new(158.827927, 6.39995003, 68.9178162, 0.118325025, -0.0106279431, -0.992919743, 0.00754601602, 0.999924898, -0.00980372261, 0.992947996, -0.00633254927, 0.11839661)
p23.CanCollide = false
p23.Size = Vector3.new(0.200000003, 0.200000003, 0.200000003)
p23.BackSurface = Enum.SurfaceType.SmoothNoOutlines
p23.BottomSurface = Enum.SurfaceType.SmoothNoOutlines
p23.FrontSurface = Enum.SurfaceType.SmoothNoOutlines
p23.LeftSurface = Enum.SurfaceType.SmoothNoOutlines
p23.RightSurface = Enum.SurfaceType.SmoothNoOutlines
p23.TopSurface = Enum.SurfaceType.SmoothNoOutlines
b23 = Instance.new("BlockMesh", p23)
b23.Name = "Mesh"
b23.Scale = Vector3.new(0.718227684, 0.506206095, 0.73399806)
p24 = Instance.new("Part", m)
p24.BrickColor = BrickColor.new("Lily white")
p24.Material = Enum.Material.SmoothPlastic
p24.Name = "BLD"
p24.CFrame = CFrame.new(158.827576, 6.39646339, 68.9185486, 0.118325025, -0.0106279431, -0.992919743, 0.00754601602, 0.999924898, -0.00980372261, 0.992947996, -0.00633254927, 0.11839661)
p24.CanCollide = false
p24.Size = Vector3.new(0.200000003, 0.200000003, 0.200000003)
p24.BackSurface = Enum.SurfaceType.SmoothNoOutlines
p24.BottomSurface = Enum.SurfaceType.SmoothNoOutlines
p24.FrontSurface = Enum.SurfaceType.SmoothNoOutlines
p24.LeftSurface = Enum.SurfaceType.SmoothNoOutlines
p24.RightSurface = Enum.SurfaceType.SmoothNoOutlines
p24.TopSurface = Enum.SurfaceType.SmoothNoOutlines
b24 = Instance.new("BlockMesh", p24)
b24.Name = "Mesh"
b24.Scale = Vector3.new(0.648554683, 0.687896371, 0.684892654)
p25 = Instance.new("Part", m)
p25.BrickColor = BrickColor.new("Steel blue")
p25.Material = Enum.Material.Neon
p25.Name = "BLD"
p25.CFrame = CFrame.new(158.736465, 14.890851, 68.865036, 0.118337922, -0.709601462, -0.694597363, 0.00755000906, 0.700135171, -0.713972449, 0.992946208, 0.0792460293, 0.0882102326)
p25.CanCollide = false
p25.Size = Vector3.new(0.200000003, 0.345786512, 0.341257185)
p25.BackSurface = Enum.SurfaceType.SmoothNoOutlines
p25.BottomSurface = Enum.SurfaceType.SmoothNoOutlines
p25.FrontSurface = Enum.SurfaceType.SmoothNoOutlines
p25.LeftSurface = Enum.SurfaceType.SmoothNoOutlines
p25.RightSurface = Enum.SurfaceType.SmoothNoOutlines
p25.TopSurface = Enum.SurfaceType.SmoothNoOutlines
b25 = Instance.new("BlockMesh", p25)
b25.Name = "Mesh"
b25.Scale = Vector3.new(0.50920862, 1, 1)
p26 = Instance.new("Part", m)
p26.BrickColor = BrickColor.new("Lily white")
p26.Material = Enum.Material.SmoothPlastic
p26.Name = "BLD"
p26.CFrame = CFrame.new(158.801727, 8.90960407, 68.9055328, 0.118325025, -0.0106279431, -0.992919743, 0.00754601602, 0.999924898, -0.00980372261, 0.992947996, -0.00633254927, 0.11839661)
p26.CanCollide = false
p26.Size = Vector3.new(0.200000003, 0.346768677, 0.492501974)
p26.BackSurface = Enum.SurfaceType.SmoothNoOutlines
p26.BottomSurface = Enum.SurfaceType.SmoothNoOutlines
p26.FrontSurface = Enum.SurfaceType.SmoothNoOutlines
p26.LeftSurface = Enum.SurfaceType.SmoothNoOutlines
p26.RightSurface = Enum.SurfaceType.SmoothNoOutlines
p26.TopSurface = Enum.SurfaceType.SmoothNoOutlines
b26 = Instance.new("BlockMesh", p26)
b26.Name = "Mesh"
b26.Scale = Vector3.new(0.58933264, 1, 1)
p27 = Instance.new("Part", m)
p27.BrickColor = BrickColor.new("Lily white")
p27.Material = Enum.Material.SmoothPlastic
p27.Name = "Main"
p27.CFrame = CFrame.new(158.815582, 7.5606904, 68.9103928, 0.118325055, -0.0106279459, -0.992918789, 0.0075460095, 0.999924064, -0.00980370119, 0.992947042, -0.00633254554, 0.118396379)
p27.Size = Vector3.new(0.200000003, 1.93370783, 0.200000003)
p27.BackSurface = Enum.SurfaceType.SmoothNoOutlines
p27.BottomSurface = Enum.SurfaceType.SmoothNoOutlines
p27.FrontSurface = Enum.SurfaceType.SmoothNoOutlines
p27.LeftSurface = Enum.SurfaceType.SmoothNoOutlines
p27.RightSurface = Enum.SurfaceType.SmoothNoOutlines
p27.TopSurface = Enum.SurfaceType.SmoothNoOutlines
b27 = Instance.new("BlockMesh", p27)
b27.Name = "Mesh"
b27.Scale = Vector3.new(0.718227684, 1, 0.73399806)
p28 = Instance.new("Part", m)
p28.BrickColor = BrickColor.new("Lily white")
p28.Material = Enum.Material.SmoothPlastic
p28.Name = "BLD"
p28.CFrame = CFrame.new(158.93222, 6.67016792, 68.9040375, 0.0761855617, -0.992928326, 0.0911706984, 0.712377787, -0.00977398362, -0.70173943, 0.697660565, 0.118399531, 0.706581771)
p28.CanCollide = false
p28.FormFactor = Enum.FormFactor.Symmetric
p28.Elasticity = 0
p28.Size = Vector3.new(0.200000003, 0.200000003, 0.200000003)
p28.BackSurface = Enum.SurfaceType.SmoothNoOutlines
p28.BottomSurface = Enum.SurfaceType.SmoothNoOutlines
p28.FrontSurface = Enum.SurfaceType.SmoothNoOutlines
p28.LeftSurface = Enum.SurfaceType.SmoothNoOutlines
p28.RightSurface = Enum.SurfaceType.SmoothNoOutlines
p28.TopSurface = Enum.SurfaceType.SmoothNoOutlines
b28 = Instance.new("SpecialMesh", p28)
b28.MeshId = "http://www.roblox.com/Asset/?id=9756362"
b28.TextureId = ""
b28.MeshType = Enum.MeshType.FileMesh
b28.Name = "Mesh"
b28.Scale = Vector3.new(0.0979999974, 0.0979999974, 0.0979999974)
p29 = Instance.new("Part", m)
p29.BrickColor = BrickColor.new("Lily white")
p29.Material = Enum.Material.SmoothPlastic
p29.Name = "BLD"
p29.CFrame = CFrame.new(158.808517, 8.45066643, 68.9044189, 0.118325025, -0.0106279431, -0.992919743, 0.00754601602, 0.999924898, -0.00980372261, 0.992947996, -0.00633254927, 0.11839661)
p29.CanCollide = false
p29.Size = Vector3.new(0.200000003, 0.200000003, 0.201797724)
p29.BackSurface = Enum.SurfaceType.SmoothNoOutlines
p29.BottomSurface = Enum.SurfaceType.SmoothNoOutlines
p29.FrontSurface = Enum.SurfaceType.SmoothNoOutlines
p29.LeftSurface = Enum.SurfaceType.SmoothNoOutlines
p29.RightSurface = Enum.SurfaceType.SmoothNoOutlines
p29.TopSurface = Enum.SurfaceType.SmoothNoOutlines
b29 = Instance.new("BlockMesh", p29)
b29.Name = "Mesh"
b29.Scale = Vector3.new(0.718227684, 0.502999544, 1)
p30 = Instance.new("Part", m)
p30.BrickColor = BrickColor.new("Lily white")
p30.Material = Enum.Material.SmoothPlastic
p30.Name = "BLD"
p30.CFrame = CFrame.new(158.909317, 8.45204735, 68.8931046, 0.0761855543, -0.992928326, 0.0911706984, 0.712377965, -0.00977396779, -0.701739252, 0.697660387, 0.118399531, 0.706581891)
p30.CanCollide = false
p30.FormFactor = Enum.FormFactor.Symmetric
p30.Elasticity = 0
p30.Size = Vector3.new(0.200000003, 0.200000003, 0.200000003)
p30.BackSurface = Enum.SurfaceType.SmoothNoOutlines
p30.BottomSurface = Enum.SurfaceType.SmoothNoOutlines
p30.FrontSurface = Enum.SurfaceType.SmoothNoOutlines
p30.LeftSurface = Enum.SurfaceType.SmoothNoOutlines
p30.RightSurface = Enum.SurfaceType.SmoothNoOutlines
p30.TopSurface = Enum.SurfaceType.SmoothNoOutlines
b30 = Instance.new("SpecialMesh", p30)
b30.MeshId = "http://www.roblox.com/Asset/?id=9756362"
b30.TextureId = ""
b30.MeshType = Enum.MeshType.FileMesh
b30.Name = "Mesh"
b30.Scale = Vector3.new(0.0979999974, 0.0979999974, 0.0979999974)
p31 = Instance.new("Part", m)
p31.BrickColor = BrickColor.new("Lily white")
p31.Material = Enum.Material.SmoothPlastic
p31.Name = "BLD"
p31.CFrame = CFrame.new(158.708908, 8.45005894, 68.917038, 0.0761882216, -0.992918432, 0.0911584049, 0.712373853, -0.0097635109, -0.701733112, 0.697653294, 0.118402772, 0.70658499)
p31.CanCollide = false
p31.FormFactor = Enum.FormFactor.Symmetric
p31.Elasticity = 0
p31.Size = Vector3.new(0.200000003, 0.200000003, 0.200000003)
p31.BackSurface = Enum.SurfaceType.SmoothNoOutlines
p31.BottomSurface = Enum.SurfaceType.SmoothNoOutlines
p31.FrontSurface = Enum.SurfaceType.SmoothNoOutlines
p31.LeftSurface = Enum.SurfaceType.SmoothNoOutlines
p31.RightSurface = Enum.SurfaceType.SmoothNoOutlines
p31.TopSurface = Enum.SurfaceType.SmoothNoOutlines
b31 = Instance.new("SpecialMesh", p31)
b31.MeshId = "http://www.roblox.com/Asset/?id=9756362"
b31.TextureId = ""
b31.MeshType = Enum.MeshType.FileMesh
b31.Name = "Mesh"
b31.Scale = Vector3.new(0.0979999974, 0.0979999974, 0.0979999974)
p32 = Instance.new("Part", m)
p32.BrickColor = BrickColor.new("Steel blue")
p32.Material = Enum.Material.Neon
p32.Name = "Ray"
p32.CFrame = CFrame.new(158.769913, 11.8427038, 68.8844223, 0.118325047, -0.0106279496, -0.992918074, 0.00754600298, 0.999923468, -0.00980368629, 0.992946327, -0.00633254042, 0.118396193)
p32.CanCollide = false
p32.Size = Vector3.new(0.200000003, 6.09162045, 0.486118287)
p32.BackSurface = Enum.SurfaceType.SmoothNoOutlines
p32.BottomSurface = Enum.SurfaceType.SmoothNoOutlines
p32.FrontSurface = Enum.SurfaceType.SmoothNoOutlines
p32.LeftSurface = Enum.SurfaceType.SmoothNoOutlines
p32.RightSurface = Enum.SurfaceType.SmoothNoOutlines
p32.TopSurface = Enum.SurfaceType.SmoothNoOutlines
b32 = Instance.new("BlockMesh", p32)
b32.Name = "Mesh"
b32.Scale = Vector3.new(0.50920862, 1, 1)
p33 = Instance.new("Part", m)
p33.BrickColor = BrickColor.new("Lily white")
p33.Material = Enum.Material.SmoothPlastic
p33.Name = "BLD"
p33.CFrame = CFrame.new(158.767548, 11.5664883, 68.8892365, 0.118325077, -0.0106279412, -0.992919743, 0.00754601927, 0.999924898, -0.00980372727, 0.992948472, -0.0063325502, 0.118396625)
p33.CanCollide = false
p33.Size = Vector3.new(0.200000003, 4.97152424, 0.234207362)
p33.BackSurface = Enum.SurfaceType.SmoothNoOutlines
p33.BottomSurface = Enum.SurfaceType.SmoothNoOutlines
p33.FrontSurface = Enum.SurfaceType.SmoothNoOutlines
p33.LeftSurface = Enum.SurfaceType.SmoothNoOutlines
p33.RightSurface = Enum.SurfaceType.SmoothNoOutlines
p33.TopSurface = Enum.SurfaceType.SmoothNoOutlines
b33 = Instance.new("BlockMesh", p33)
b33.Name = "Mesh"
b33.Scale = Vector3.new(0.58933264, 1, 1)
p34 = Instance.new("Part", m)
p34.BrickColor = BrickColor.new("Lily white")
p34.Material = Enum.Material.SmoothPlastic
p34.Name = "BLD"
p34.CFrame = CFrame.new(158.730392, 13.741621, 68.8770142, 0.118353955, -0.992916465, 0.0106354197, 0.00756301219, -0.00980904698, -0.999924719, 0.992944539, 0.118425779, 0.00634848466)
p34.CanCollide = false
p34.Size = Vector3.new(0.200000003, 2.02519441, 0.234207362)
p34.BackSurface = Enum.SurfaceType.SmoothNoOutlines
p34.BottomSurface = Enum.SurfaceType.SmoothNoOutlines
p34.FrontSurface = Enum.SurfaceType.SmoothNoOutlines
p34.LeftSurface = Enum.SurfaceType.SmoothNoOutlines
p34.RightSurface = Enum.SurfaceType.SmoothNoOutlines
p34.TopSurface = Enum.SurfaceType.SmoothNoOutlines
b34 = Instance.new("BlockMesh", p34)
b34.Name = "Mesh"
b34.Scale = Vector3.new(0.58933264, 1, 1)
p35 = Instance.new("Part", m)
p35.BrickColor = BrickColor.new("Lily white")
p35.Material = Enum.Material.SmoothPlastic
p35.Name = "BLD"
p35.CFrame = CFrame.new(158.740524, 14.0519733, 68.8734207, 0.11830803, 0.69460839, -0.70959568, 0.0075530177, 0.713964105, 0.700143576, 0.992950201, -0.0881924033, 0.0792214945)
p35.CanCollide = false
p35.Size = Vector3.new(0.200000003, 0.200000003, 0.200000003)
p35.BackSurface = Enum.SurfaceType.SmoothNoOutlines
p35.BottomSurface = Enum.SurfaceType.SmoothNoOutlines
p35.FrontSurface = Enum.SurfaceType.SmoothNoOutlines
p35.LeftSurface = Enum.SurfaceType.SmoothNoOutlines
p35.RightSurface = Enum.SurfaceType.SmoothNoOutlines
p35.TopSurface = Enum.SurfaceType.SmoothNoOutlines
b35 = Instance.new("BlockMesh", p35)
b35.Name = "Mesh"
b35.Scale = Vector3.new(0.58933264, 0.815570593, 0.824843287)
p36 = Instance.new("Part", m)
p36.BrickColor = BrickColor.new("Lily white")
p36.Material = Enum.Material.SmoothPlastic
p36.Name = "BLD"
p36.CFrame = CFrame.new(159.735458, 13.7529106, 68.7572479, 0.11830803, 0.69460839, -0.70959568, 0.0075530177, 0.713964105, 0.700143576, 0.992950201, -0.0881924033, 0.0792214945)
p36.CanCollide = false
p36.Size = Vector3.new(0.200000003, 0.200000003, 0.200000003)
p36.BackSurface = Enum.SurfaceType.SmoothNoOutlines
p36.BottomSurface = Enum.SurfaceType.SmoothNoOutlines
p36.FrontSurface = Enum.SurfaceType.SmoothNoOutlines
p36.LeftSurface = Enum.SurfaceType.SmoothNoOutlines
p36.RightSurface = Enum.SurfaceType.SmoothNoOutlines
p36.TopSurface = Enum.SurfaceType.SmoothNoOutlines
b36 = Instance.new("BlockMesh", p36)
b36.Name = "Mesh"
b36.Scale = Vector3.new(0.58933264, 0.815570593, 0.824843287)
p37 = Instance.new("Part", m)
p37.BrickColor = BrickColor.new("Lily white")
p37.Material = Enum.Material.SmoothPlastic
p37.Name = "BLD"
p37.CFrame = CFrame.new(157.725037, 13.7329903, 68.9969025, 0.11830803, 0.69460839, -0.70959568, 0.0075530177, 0.713964105, 0.700143576, 0.992950201, -0.0881924033, 0.0792214945)
p37.CanCollide = false
p37.Size = Vector3.new(0.200000003, 0.200000003, 0.200000003)
p37.BackSurface = Enum.SurfaceType.SmoothNoOutlines
p37.BottomSurface = Enum.SurfaceType.SmoothNoOutlines
p37.FrontSurface = Enum.SurfaceType.SmoothNoOutlines
p37.LeftSurface = Enum.SurfaceType.SmoothNoOutlines
p37.RightSurface = Enum.SurfaceType.SmoothNoOutlines
p37.TopSurface = Enum.SurfaceType.SmoothNoOutlines
b37 = Instance.new("BlockMesh", p37)
b37.Name = "Mesh"
b37.Scale = Vector3.new(0.58933264, 0.815570593, 0.824843287)
p38 = Instance.new("Part", m)
p38.BrickColor = BrickColor.new("Lily white")
p38.Material = Enum.Material.SmoothPlastic
p38.Name = "BLD"
p38.CFrame = CFrame.new(158.827896, 6.39891052, 68.9171371, 0.118325077, -0.0106279412, -0.992919743, 0.00754601927, 0.999924898, -0.00980372727, 0.992948472, -0.0063325502, 0.118396625)
p38.CanCollide = false
p38.Size = Vector3.new(0.200000003, 0.200000003, 0.200000003)
p38.BackSurface = Enum.SurfaceType.SmoothNoOutlines
p38.BottomSurface = Enum.SurfaceType.SmoothNoOutlines
p38.FrontSurface = Enum.SurfaceType.SmoothNoOutlines
p38.LeftSurface = Enum.SurfaceType.SmoothNoOutlines
p38.RightSurface = Enum.SurfaceType.SmoothNoOutlines
p38.TopSurface = Enum.SurfaceType.SmoothNoOutlines
b38 = Instance.new("BlockMesh", p38)
b38.Name = "Mesh"
b38.Scale = Vector3.new(0.362895161, 0.388352871, 0.856761694)
p39 = Instance.new("Part", m)
p39.BrickColor = BrickColor.new("Steel blue")
p39.Material = Enum.Material.Neon
p39.Name = "BLD"
p39.CFrame = CFrame.new(157.20462, 13.6575089, 69.0570068, 0.118300013, 0.908479631, -0.400841266, 0.00755601563, 0.402840495, 0.915240765, 0.992951155, -0.111301988, 0.0407916717)
p39.CanCollide = false
p39.Size = Vector3.new(0.200000003, 0.254450023, 0.486118287)
p39.BackSurface = Enum.SurfaceType.SmoothNoOutlines
p39.BottomSurface = Enum.SurfaceType.SmoothNoOutlines
p39.FrontSurface = Enum.SurfaceType.SmoothNoOutlines
p39.LeftSurface = Enum.SurfaceType.SmoothNoOutlines
p39.RightSurface = Enum.SurfaceType.SmoothNoOutlines
p39.TopSurface = Enum.SurfaceType.SmoothNoOutlines
b39 = Instance.new("BlockMesh", p39)
b39.Name = "Mesh"
b39.Scale = Vector3.new(0.50920862, 1, 1)
p40 = Instance.new("Part", m)
p40.BrickColor = BrickColor.new("Steel blue")
p40.Material = Enum.Material.Neon
p40.Name = "BLD"
p40.CFrame = CFrame.new(157.385162, 13.7107983, 69.0350876, 0.118293993, 0.979267836, -0.164452657, 0.00756201334, 0.164722264, 0.986312509, 0.99295181, -0.117918685, 0.0120804729)
p40.CanCollide = false
p40.Size = Vector3.new(0.200000003, 0.254450023, 0.486118287)
p40.BackSurface = Enum.SurfaceType.SmoothNoOutlines
p40.BottomSurface = Enum.SurfaceType.SmoothNoOutlines
p40.FrontSurface = Enum.SurfaceType.SmoothNoOutlines
p40.LeftSurface = Enum.SurfaceType.SmoothNoOutlines
p40.RightSurface = Enum.SurfaceType.SmoothNoOutlines
p40.TopSurface = Enum.SurfaceType.SmoothNoOutlines
b40 = Instance.new("BlockMesh", p40)
b40.Name = "Mesh"
b40.Scale = Vector3.new(0.50920862, 1, 1)
p41 = Instance.new("Part", m)
p41.BrickColor = BrickColor.new("Lily white")
p41.Material = Enum.Material.SmoothPlastic
p41.Name = "BLD"
p41.CFrame = CFrame.new(158.731781, 6.6681776, 68.9279327, 0.0761882588, -0.992918432, 0.0911583677, 0.712373495, -0.00976354349, -0.70173341, 0.697653711, 0.118402772, 0.706584513)
p41.CanCollide = false
p41.FormFactor = Enum.FormFactor.Symmetric
p41.Elasticity = 0
p41.Size = Vector3.new(0.200000003, 0.200000003, 0.200000003)
p41.BackSurface = Enum.SurfaceType.SmoothNoOutlines
p41.BottomSurface = Enum.SurfaceType.SmoothNoOutlines
p41.FrontSurface = Enum.SurfaceType.SmoothNoOutlines
p41.LeftSurface = Enum.SurfaceType.SmoothNoOutlines
p41.RightSurface = Enum.SurfaceType.SmoothNoOutlines
p41.TopSurface = Enum.SurfaceType.SmoothNoOutlines
b41 = Instance.new("SpecialMesh", p41)
b41.MeshId = "http://www.roblox.com/Asset/?id=9756362"
b41.TextureId = ""
b41.MeshType = Enum.MeshType.FileMesh
b41.Name = "Mesh"
b41.Scale = Vector3.new(0.0979999974, 0.0979999974, 0.0979999974)
p42 = Instance.new("Part", m)
p42.BrickColor = BrickColor.new("Lily white")
p42.Material = Enum.Material.SmoothPlastic
p42.Name = "BLD"
p42.CFrame = CFrame.new(158.83139, 6.66878939, 68.9153366, 0.118325077, -0.0106279412, -0.992919743, 0.00754601927, 0.999924898, -0.00980372727, 0.992948472, -0.0063325502, 0.118396625)
p42.CanCollide = false
p42.Size = Vector3.new(0.200000003, 0.200000003, 0.201797724)
p42.BackSurface = Enum.SurfaceType.SmoothNoOutlines
p42.BottomSurface = Enum.SurfaceType.SmoothNoOutlines
p42.FrontSurface = Enum.SurfaceType.SmoothNoOutlines
p42.LeftSurface = Enum.SurfaceType.SmoothNoOutlines
p42.RightSurface = Enum.SurfaceType.SmoothNoOutlines
p42.TopSurface = Enum.SurfaceType.SmoothNoOutlines
b42 = Instance.new("BlockMesh", p42)
b42.Name = "Mesh"
b42.Scale = Vector3.new(0.718227684, 0.502999544, 1)
p43 = Instance.new("Part", m)
p43.BrickColor = BrickColor.new("Lily white")
p43.Material = Enum.Material.SmoothPlastic
p43.Name = "BLD"
p43.CFrame = CFrame.new(158.801743, 8.72985172, 68.9037323, 0.118325077, -0.0106279412, -0.992919743, 0.00754601927, 0.999924898, -0.00980372727, 0.992948472, -0.0063325502, 0.118396625)
p43.CanCollide = false
p43.Size = Vector3.new(0.200000003, 0.200000003, 0.200000003)
p43.BackSurface = Enum.SurfaceType.SmoothNoOutlines
p43.BottomSurface = Enum.SurfaceType.SmoothNoOutlines
p43.FrontSurface = Enum.SurfaceType.SmoothNoOutlines
p43.LeftSurface = Enum.SurfaceType.SmoothNoOutlines
