--[[ Edit Made by PixelFir3 Passcode: iui ]] local gui = Instance.new("ScreenGui", game.Players.LocalPlayer.PlayerGui) gui.Name = "GUI" local rogui = Instance.new("Frame", gui) rogui.Size = UDim2.new(0, 469, 0, 148) rogui.BorderColor3 = Color3.new(1, 1, 1) rogui.Name = "RO-GUI" rogui.Position = UDim2.new(0, 560, 0, 300) rogui.BackgroundColor3 = Color3.new(1, 1, 1) local sans = Instance.new("ImageLabel", rogui) sans.Image = "rbxassetid://356480383" sans.Name = "Sans" sans.Position = UDim2.new(0, -68, 0, -81) sans.BorderColor3 = Color3.new(0.105882, 0.164706, 0.207843) sans.Rotation = -8 sans.BackgroundTransparency = 1 sans.Size = UDim2.new(0, 150, 0, 146) sans.BackgroundColor3 = Color3.new(1, 1, 1) local passwordbox = Instance.new("TextBox", rogui) passwordbox.FontSize = Enum.FontSize.Size32 passwordbox.BackgroundColor3 = Color3.new(0.705882, 0.705882, 0.705882) passwordbox.Position = UDim2.new(0, 96, 0, 36) passwordbox.Size = UDim2.new(0, 293, 0, 40) passwordbox.BorderColor3 = Color3.new(0.705882, 0.705882, 0.705882) passwordbox.Text = "Enter Passcode" passwordbox.TextColor3 = Color3.new(0.105882, 0.164706, 0.207843) passwordbox.Font = Enum.Font.SourceSansLight passwordbox.Name = "PasswordBox" local run = Instance.new("TextButton", rogui) run.FontSize = Enum.FontSize.Size32 run.BackgroundColor3 = Color3.new(0.705882, 0.705882, 0.705882) run.Size = UDim2.new(0, 231, 0, 34) run.Position = UDim2.new(0, 128, 0, 88) run.BorderColor3 = Color3.new(0.705882, 0.705882, 0.705882) run.Text = "RUN" run.TextColor3 = Color3.new(0.105882, 0.164706, 0.207843) run.Font = Enum.Font.SourceSansLight run.Name = "RUN" local name = Instance.new("TextLabel", rogui) name.BackgroundColor3 = Color3.new(1, 1, 1) name.Size = UDim2.new(0, 258, 0, 12) name.TextColor3 = Color3.new(0.105882, 0.164706, 0.207843) name.BorderColor3 = Color3.new(1, 1, 1) name.Text = "PixelFir3's Custom Sans" name.Position = UDim2.new(0, 113, 0, 8) name.Font = Enum.Font.SourceSansLight name.Name = "Name" name.FontSize = Enum.FontSize.Size28 local credits = Instance.new("TextLabel", rogui) credits.BackgroundColor3 = Color3.new(1, 1, 1) credits.Size = UDim2.new(0, 258, 0, 11) credits.TextColor3 = Color3.new(0.105882, 0.164706, 0.207843) credits.BorderColor3 = Color3.new(1, 1, 1) credits.Text = "Have fun!" credits.Position = UDim2.new(0, 113, 0, 130) credits.Font = Enum.Font.SourceSansLight credits.Name = "Credits" credits.FontSize = Enum.FontSize.Size24 local exit = Instance.new("TextButton", rogui) exit.FontSize = Enum.FontSize.Size14 exit.BackgroundColor3 = Color3.new(0.862745, 0.862745, 0.862745) exit.Size = UDim2.new(0, 37, 0, 28) exit.Position = UDim2.new(0, 424, 0, 8) exit.BorderColor3 = Color3.new(0.862745, 0.862745, 0.862745) exit.Text = "Exit" exit.TextColor3 = Color3.new(0.105882, 0.164706, 0.207843) exit.Font = Enum.Font.SourceSans exit.Name = "Exit" exit.MouseButton1Down:connect(function() rogui.Visible = false end) local version = Instance.new("TextLabel", rogui) version.BackgroundColor3 = Color3.new(1, 1, 1) version.Size = UDim2.new(0, 85, 0, 11) version.TextColor3 = Color3.new(0.105882, 0.164706, 0.207843) version.BorderColor3 = Color3.new(1, 1, 1) version.Text = "Version 3.2 " version.Position = UDim2.new(0, 7, 0, 133) version.Font = Enum.Font.SourceSansLight version.Name = "Version" version.FontSize = Enum.FontSize.Size12 local code = ("iui") function onClicked(GUI) if passwordbox.Text == code then run.Text = "Loading.." wait(3) rogui.Visible = false Folder = game.Players.LocalPlayer.PlayerGui script=Instance.new('LocalScript') local p = game.Players.LocalPlayer local char = p.Character local mouse = p:GetMouse() local larm = char["Left Arm"] local rarm = char["Right Arm"] local lleg = char["Left Leg"] local rleg = char["Right Leg"] local hed = char.Head local torso = char.Torso local hum = char.Humanoid local cam = game.Workspace.CurrentCamera local root = char.HumanoidRootPart local deb = false local shot = 0 local debris=game:service"Debris" local l = game:GetService("Lighting") local rs = game:GetService("RunService").RenderStepped ptz = {0.8, 0.85, 0.9, 0.95, 1, 1.05, 1.1} math.randomseed(os.time()) --[[ for i,v in pairs(char:children()) do if v:IsA("Hat") then v:Destroy() end end ]] for i,v in pairs (hed:GetChildren()) do if v:IsA("Sound") then v:Destroy() end end ---------------------------------------------------- Debounces = { CanAttack = true; NoIdl = false; Slashing = false; Slashed = false; RPunch = false; RPunched = false; LPunch = false; LPunched = false; } local Touche = {char.Name, } ---------------------------------------------------- --[[ hed.face.Texture = "rbxassetid://34668268" char["Body Colors"].HeadColor = BrickColor.new("Pastel brown") char["Body Colors"].TorsoColor = BrickColor.new("Pastel brown") char["Body Colors"].LeftArmColor = BrickColor.new("Pastel brown") char["Body Colors"].RightArmColor = BrickColor.new("Pastel brown") ]] ---------------------------------------------------- --[[ypcall(function() char.Shirt:Destroy() char.Pants:Destroy() shirt = Instance.new("Shirt", char) shirt.Name = "Shirt" pants = Instance.new("Pants", char) pants.Name = "Pants" char.Shirt.ShirtTemplate = "http://www.roblox.com/asset/?id=392184477" char.Pants.PantsTemplate = "http://www.roblox.com/asset/?id=392184507" end) ]] ---------------------------------------------------- function lerp(a, b, t) -- Linear interpolation return a + (b - a)*t end function slerp(a, b, t) --Spherical interpolation dot = a:Dot(b) if dot > 0.99999 or dot < -0.99999 then return t <= 0.5 and a or b else r = math.acos(dot) return (a*math.sin((1 - t)*r) + b*math.sin(t*r)) / math.sin(r) end end function matrixInterpolate(a, b, t) local ax, ay, az, a00, a01, a02, a10, a11, a12, a20, a21, a22 = a:components() local bx, by, bz, b00, b01, b02, b10, b11, b12, b20, b21, b22 = b:components() local v0 = lerp(Vector3.new(ax, ay, az), Vector3.new(bx , by , bz), t) -- Position local v1 = slerp(Vector3.new(a00, a01, a02), Vector3.new(b00, b01, b02), t) -- Vector right local v2 = slerp(Vector3.new(a10, a11, a12), Vector3.new(b10, b11, b12), t) -- Vector up local v3 = slerp(Vector3.new(a20, a21, a22), Vector3.new(b20, b21, b22), t) -- Vector back local t = v1:Dot(v2) if not (t < 0 or t == 0 or t > 0) then -- Failsafe return CFrame.new() end return CFrame.new( v0.x, v0.y, v0.z, v1.x, v1.y, v1.z, v2.x, v2.y, v2.z, v3.x, v3.y, v3.z) end ---------------------------------------------------- function genWeld(a,b) local w = Instance.new("Weld",a) w.Part0 = a w.Part1 = b return w end function weld(a, b) local weld = Instance.new("Weld") weld.Name = "W" weld.Part0 = a weld.Part1 = b weld.C0 = a.CFrame:inverse() * b.CFrame weld.Parent = a return weld; end ---------------------------------------------------- function Lerp(c1,c2,al) local com1 = {c1.X,c1.Y,c1.Z,c1:toEulerAnglesXYZ()} local com2 = {c2.X,c2.Y,c2.Z,c2:toEulerAnglesXYZ()} for i,v in pairs(com1) do com1[i] = v+(com2[i]-v)*al end return CFrame.new(com1[1],com1[2],com1[3]) * CFrame.Angles(select(4,unpack(com1))) end ---------------------------------------------------- newWeld = function(wp0, wp1, wc0x, wc0y, wc0z) local wld = Instance.new("Weld", wp1) wld.Part0 = wp0 wld.Part1 = wp1 wld.C0 = CFrame.new(wc0x, wc0y, wc0z) end ---------------------------------------------------- function weld5(part0, part1, c0, c1) weeld=Instance.new("Weld", part0) weeld.Part0=part0 weeld.Part1=part1 weeld.C0=c0 weeld.C1=c1 return weeld end ---------------------------------------------------- function HasntTouched(plrname) local ret = true for _, v in pairs(Touche) do if v == plrname then ret = false end end return ret end ---------------------------------------------------- newWeld(torso, larm, -1.5, 0.5, 0) larm.Weld.C1 = CFrame.new(0, 0.5, 0) newWeld(torso, rarm, 1.5, 0.5, 0) rarm.Weld.C1 = CFrame.new(0, 0.5, 0) newWeld(torso, hed, 0, 1.5, 0) newWeld(torso, lleg, -0.5, -1, 0) lleg.Weld.C1 = CFrame.new(0, 1, 0) newWeld(torso, rleg, 0.5, -1, 0) rleg.Weld.C1 = CFrame.new(0, 1, 0) newWeld(root, torso, 0, -1, 0) torso.Weld.C1 = CFrame.new(0, -1, 0) ---------------------------------------------------- z = Instance.new("Sound", char) z.SoundId = "rbxassetid://0000" --303570180 --306372823 z.Looped = true z.Pitch = 1 z.Volume = 1 wait(.1) z:Play() ---------------------------------------------------- local Transforming = true hum.WalkSpeed = 0 local fx = Instance.new("Part",torso) fx.Anchored = true fx.Material = "Neon" fx.CanCollide = false fx.Locked = true fx.Transparency = 1 fx.Material = "SmoothPlastic" fx.Size = Vector3.new(1,1,1) fx.TopSurface = "SmoothNoOutlines" fx.BottomSurface = "SmoothNoOutlines" fx.BrickColor = BrickColor.new("Toothpaste") fxm = Instance.new("SpecialMesh",fx) fxm.MeshType = "Sphere" fxm.Scale = Vector3.new(1,1,1) for i = 1, 20 do rs:wait() fx.Transparency = fx.Transparency - (1/20) fx.CFrame = torso.CFrame fxm.Scale = fxm.Scale + Vector3.new(0.5,0.5,0.5) rs:wait() end ---------------------------------------------------- --[[local m = Instance.new("Model") m.Name = "Hair" p1 = Instance.new("Part", m) p1.BrickColor = BrickColor.new("Really black") p1.FormFactor = Enum.FormFactor.Symmetric p1.Size = Vector3.new(1, 1, 1) p1.CFrame = CFrame.new(-2.49043155, 8.24595642, -3.40113306, -5.48362732e-006, -0.978699088, 0.205299795, 3.27825546e-007, -0.205299854, -0.978699148, 1, -5.28991222e-006, 1.48639083e-006) p1.CanCollide = false p1.Locked = true p1.BottomSurface = Enum.SurfaceType.Smooth p1.TopSurface = Enum.SurfaceType.Smooth b1 = Instance.new("SpecialMesh", p1) b1.MeshId = "http://www.roblox.com/asset/?id=12212520" b1.TextureId = "" b1.MeshType = Enum.MeshType.FileMesh b1.Name = "Mesh" b1.VertexColor = Vector3.new(0, 0, 0) b1.Scale = Vector3.new(1, 1.60000002, 1.29999995) p2 = Instance.new("Part", m) p2.BrickColor = BrickColor.new("Pastel brown") p2.Transparency = 1 p2.Name = "Head" p2.FormFactor = Enum.FormFactor.Symmetric p2.Size = Vector3.new(2, 1, 1) p2.CFrame = CFrame.new(-1.70008016, 8.14794922, -3.40013027, 4.24603923e-006, 7.4505806e-008, -1, -1.50268988e-007, 1, 1.49011612e-008, 1.00000012, 6.79109462e-008, 4.23316806e-006) p2.CanCollide = false p2.Locked = true p2.TopSurface = Enum.SurfaceType.Smooth b2 = Instance.new("SpecialMesh", p2) b2.MeshType = Enum.MeshType.Head b2.Name = "Mesh" b2.Scale = Vector3.new(1.25, 1.25, 1.25) p3 = Instance.new("Part", m) p3.BrickColor = BrickColor.new("Really black") p3.FormFactor = Enum.FormFactor.Symmetric p3.Size = Vector3.new(2, 2, 2) p3.CFrame = CFrame.new(-1.70003617, 8.71796131, -3.4000442, 2.57710985e-006, 6.95607483e-008, -1.00000012, -1.20466638e-007, 1, 9.95640903e-009, 1.00000024, 3.81086345e-008, 2.56423846e-006) p3.CanCollide = false p3.Locked = true p3.BottomSurface = Enum.SurfaceType.Smooth p3.TopSurface = Enum.SurfaceType.Smooth b3 = Instance.new("SpecialMesh", p3) b3.MeshId = "http://www.roblox.com/asset/?id=16627529" b3.TextureId = "" b3.MeshType = Enum.MeshType.FileMesh b3.Name = "Mesh" b3.VertexColor = Vector3.new(0, 0, 0) b3.Scale = Vector3.new(1.04999995, 1.04999995, 1.04999995) p4 = Instance.new("Part", m) p4.BrickColor = BrickColor.new("Really black") p4.FormFactor = Enum.FormFactor.Symmetric p4.Size = Vector3.new(1, 1, 1) p4.CFrame = CFrame.new(-1.77981007, 8.84795475, -3.40016508, 5.79576135e-006, 7.9450956e-008, -1.00000012, -1.80071311e-007, 1, 1.98458743e-008, 1.00000024, 9.77132402e-008, 5.78289018e-006) p4.CanCollide = false p4.Locked = true p4.BottomSurface = Enum.SurfaceType.Smooth p4.TopSurface = Enum.SurfaceType.Smooth b4 = Instance.new("SpecialMesh", p4) b4.MeshId = "http://www.roblox.com/asset/?id=19326912" b4.TextureId = "" b4.MeshType = Enum.MeshType.FileMesh b4.Name = "Mesh" b4.VertexColor = Vector3.new(0, 0, 0) p5 = Instance.new("Part", m) p5.BrickColor = BrickColor.new("Really black") p5.FormFactor = Enum.FormFactor.Symmetric p5.Size = Vector3.new(1, 1, 1) p5.CFrame = CFrame.new(-1.70003772, 8.46796131, -3.40004301, -3.43517968e-007, 2.98088111e-007, -1, -1.00421907e-007, 1, 2.38484063e-007, 1.00000012, 1.80640072e-008, -3.56389592e-007) p5.CanCollide = false p5.Locked = true p5.BottomSurface = Enum.SurfaceType.Smooth p5.TopSurface = Enum.SurfaceType.Smooth b5 = Instance.new("SpecialMesh", p5) b5.MeshId = "http://www.roblox.com/asset/?id=45916884" b5.TextureId = "" b5.MeshType = Enum.MeshType.FileMesh b5.Name = "Mesh" b5.VertexColor = Vector3.new(0, 0, 0) b5.Scale = Vector3.new(1, 0.899999976, 1) p6 = Instance.new("Part", m) p6.BrickColor = BrickColor.new("Really black") p6.FormFactor = Enum.FormFactor.Symmetric p6.Size = Vector3.new(1, 1, 1) p6.CFrame = CFrame.new(-1.89967656, 8.58795834, -3.44990659, -5.81936433e-007, 5.36502284e-007, -0.99999994, -1.3998249e-007, 1, 4.76898265e-007, 1, 5.76247672e-008, -5.94808171e-007) p6.CanCollide = false p6.Locked = true p6.BottomSurface = Enum.SurfaceType.Smooth p6.TopSurface = Enum.SurfaceType.Smooth b6 = Instance.new("SpecialMesh", p6) b6.MeshId = "http://www.roblox.com/asset/?id=62246019" b6.TextureId = "" b6.MeshType = Enum.MeshType.FileMesh b6.Name = "Mesh" b6.VertexColor = Vector3.new(0, 0, 0) p7 = Instance.new("Part", m) p7.BrickColor = BrickColor.new("Really black") p7.FormFactor = Enum.FormFactor.Symmetric p7.Size = Vector3.new(1, 1, 1) p7.CFrame = CFrame.new(-1.89918542, 8.31796837, -3.50097537, -4.62727087e-007, 5.36502228e-007, -0.999999881, -1.39982518e-007, 1, 4.76898208e-007, 0.99999994, 5.76247459e-008, -4.75598938e-007) p7.CanCollide = false p7.Locked = true p7.BottomSurface = Enum.SurfaceType.Smooth p7.TopSurface = Enum.SurfaceType.Smooth b7 = Instance.new("SpecialMesh", p7) b7.MeshId = "http://www.roblox.com/asset/?id=76056263" b7.TextureId = "" b7.MeshType = Enum.MeshType.FileMesh b7.Name = "Mesh" b7.VertexColor = Vector3.new(0, 0, 0) p8 = Instance.new("Part", m) p8.BrickColor = BrickColor.new("Really black") p8.FormFactor = Enum.FormFactor.Symmetric p8.Size = Vector3.new(1, 1, 1) p8.CFrame = CFrame.new(-2.62433338, 7.66397905, -3.4010179, -1.17798254e-006, -0.805111349, 0.593123376, -2.5008859e-007, -0.593123615, -0.805111527, 0.999999881, -9.58229293e-007, 4.4941558e-007) p8.CanCollide = false p8.Locked = true p8.BottomSurface = Enum.SurfaceType.Smooth p8.TopSurface = Enum.SurfaceType.Smooth b8 = Instance.new("SpecialMesh", p8) b8.MeshId = "http://www.roblox.com/asset/?id=12212520" b8.TextureId = "" b8.MeshType = Enum.MeshType.FileMesh b8.Name = "Mesh" b8.VertexColor = Vector3.new(0, 0, 0) b8.Scale = Vector3.new(1, 1.60000002, 1.29999995) p9 = Instance.new("Part", m) p9.BrickColor = BrickColor.new("Really black") p9.FormFactor = Enum.FormFactor.Symmetric p9.Size = Vector3.new(2, 1, 2) p9.CFrame = CFrame.new(-1.76505995, 8.56096649, -3.40065479, -9.73168881e-007, -0.0995008349, -0.995037436, -1.70322267e-007, 0.995037675, -0.0995009243, 1, 1.13823972e-007, -6.80968242e-007) p9.CanCollide = false p9.Locked = true p9.BottomSurface = Enum.SurfaceType.Smooth p9.TopSurface = Enum.SurfaceType.Smooth b9 = Instance.new("SpecialMesh", p9) b9.MeshId = "http://www.roblox.com/asset/?id=12259089" b9.TextureId = "" b9.MeshType = Enum.MeshType.FileMesh b9.Name = "Mesh" b9.VertexColor = Vector3.new(0, 0, 0) b9.Scale = Vector3.new(1.01999998, 1.04999995, 1.04999995) p10 = Instance.new("Part", m) p10.BrickColor = BrickColor.new("Really black") p10.FormFactor = Enum.FormFactor.Symmetric p10.Size = Vector3.new(1, 1, 1) p10.CFrame = CFrame.new(-2.0207715, 9.06097031, -3.39961624, -1.10652763e-006, -0.683569431, -0.729885519, -2.85231891e-007, 0.729885638, -0.68356967, 1.00000012, -3.22293062e-007, -8.40051371e-007) p10.CanCollide = false p10.Locked = true p10.BottomSurface = Enum.SurfaceType.Smooth p10.TopSurface = Enum.SurfaceType.Smooth b10 = Instance.new("SpecialMesh", p10) b10.MeshId = "http://www.roblox.com/asset/?id=12212520" b10.TextureId = "" b10.MeshType = Enum.MeshType.FileMesh b10.Name = "Mesh" b10.VertexColor = Vector3.new(0, 0, 0) b10.Scale = Vector3.new(1, 1.60000002, 1.29999995) p11 = Instance.new("Part", m) p11.BrickColor = BrickColor.new("Really black") p11.FormFactor = Enum.FormFactor.Symmetric p11.Size = Vector3.new(1, 1, 1) p11.CFrame = CFrame.new(-2.16468835, 8.78595829, -3.40089417, -1.41617738e-006, -0.989475727, -0.144699216, -4.36450762e-007, 0.144699067, -0.989476085, 1.00000024, -9.47996682e-007, -7.38401468e-007) p11.CanCollide = false p11.Locked = true p11.BottomSurface = Enum.SurfaceType.Smooth p11.TopSurface = Enum.SurfaceType.Smooth b11 = Instance.new("SpecialMesh", p11) b11.MeshId = "http://www.roblox.com/asset/?id=12212520" b11.TextureId = "" b11.MeshType = Enum.MeshType.FileMesh b11.Name = "Mesh" b11.VertexColor = Vector3.new(0, 0, 0) b11.Scale = Vector3.new(1, 1.60000002, 1.29999995) p12 = Instance.new("Part", m) p12.BrickColor = BrickColor.new("Really black") p12.FormFactor = Enum.FormFactor.Custom p12.Size = Vector3.new(1, 3.5, 1) p12.CFrame = CFrame.new(-3.74216318, 6.74288082, -3.40101933, -1.20476273e-006, -0.553697288, 0.832718134, -3.31002866e-007, -0.832718611, -0.553697169, 1.00000036, -8.7345768e-007, 3.69213154e-007) p12.CanCollide = false p12.Locked = true p12.BottomSurface = Enum.SurfaceType.Smooth p12.TopSurface = Enum.SurfaceType.Smooth b12 = Instance.new("SpecialMesh", p12) b12.MeshId = "http://www.roblox.com/asset/?id=12212520" b12.TextureId = "" b12.MeshType = Enum.MeshType.FileMesh b12.Name = "Mesh" b12.VertexColor = Vector3.new(0, 0, 0) b12.Scale = Vector3.new(1, 3, 1.29999995) p13 = Instance.new("Part", m) p13.BrickColor = BrickColor.new("Really black") p13.FormFactor = Enum.FormFactor.Custom p13.Size = Vector3.new(1, 2, 1) p13.CFrame = CFrame.new(-3.32689047, 6.86741829, -3.40101862, -9.81709945e-007, -0.319307148, 0.947651446, -5.6545997e-007, -0.947651923, -0.31930691, 1.00000048, -8.39551717e-007, 1.79318391e-007) p13.CanCollide = false p13.Locked = true p13.BottomSurface = Enum.SurfaceType.Smooth p13.TopSurface = Enum.SurfaceType.Smooth b13 = Instance.new("SpecialMesh", p13) b13.MeshId = "http://www.roblox.com/asset/?id=12212520" b13.TextureId = "" b13.MeshType = Enum.MeshType.FileMesh b13.Name = "Mesh" b13.VertexColor = Vector3.new(0, 0, 0) b13.Scale = Vector3.new(1, 3, 1.29999995) p14 = Instance.new("Part", m) p14.BrickColor = BrickColor.new("Really black") p14.FormFactor = Enum.FormFactor.Custom p14.Size = Vector3.new(1, 2, 1) p14.CFrame = CFrame.new(-3.02689028, 7.96740961, -3.40101862, -1.33478545e-006, -0.750354111, 0.661036491, -5.20037702e-008, -0.661037207, -0.750354171, 1.0000006, -6.31296757e-007, 2.01137496e-007) p14.CanCollide = false p14.Locked = true p14.BottomSurface = Enum.SurfaceType.Smooth p14.TopSurface = Enum.SurfaceType.Smooth b14 = Instance.new("SpecialMesh", p14) b14.MeshId = "http://www.roblox.com/asset/?id=12212520" b14.TextureId = "" b14.MeshType = Enum.MeshType.FileMesh b14.Name = "Mesh" b14.VertexColor = Vector3.new(0, 0, 0) b14.Scale = Vector3.new(1, 3, 1.29999995) p15 = Instance.new("Part", m) p15.BrickColor = BrickColor.new("Really black") p15.FormFactor = Enum.FormFactor.Custom p15.Size = Vector3.new(1, 2.5, 1) p15.CFrame = CFrame.new(-2.96531463, 7.75924349, -2.90101862, 0.342019022, -0.520305753, 0.782499552, -1.1920929e-007, -0.832718909, -0.553697407, 0.939693451, 0.189374983, -0.284806281) p15.CanCollide = false p15.Locked = true p15.BottomSurface = Enum.SurfaceType.Smooth p15.TopSurface = Enum.SurfaceType.Smooth b15 = Instance.new("SpecialMesh", p15) b15.MeshId = "http://www.roblox.com/asset/?id=12212520" b15.TextureId = "" b15.MeshType = Enum.MeshType.FileMesh b15.Name = "Mesh" b15.VertexColor = Vector3.new(0, 0, 0) b15.Scale = Vector3.new(1, 3, 1.29999995) p16 = Instance.new("Part", m) p16.BrickColor = BrickColor.new("Really black") p16.FormFactor = Enum.FormFactor.Custom p16.Size = Vector3.new(1, 2.5, 1) p16.CFrame = CFrame.new(-2.96531439, 7.75924349, -3.80101967, -0.258820295, -0.534830391, 0.804343879, -1.78813934e-007, -0.832718968, -0.553697228, 0.96592629, -0.143308073, 0.215523779) p16.CanCollide = false p16.Locked = true p16.BottomSurface = Enum.SurfaceType.Smooth p16.TopSurface = Enum.SurfaceType.Smooth b16 = Instance.new("SpecialMesh", p16) b16.MeshId = "http://www.roblox.com/asset/?id=12212520" b16.TextureId = "" b16.MeshType = Enum.MeshType.FileMesh b16.Name = "Mesh" b16.VertexColor = Vector3.new(0, 0, 0) b16.Scale = Vector3.new(1, 3, 1.29999995) p17 = Instance.new("Part", m) p17.BrickColor = BrickColor.new("Really black") p17.FormFactor = Enum.FormFactor.Custom p17.Size = Vector3.new(1, 2.4000001, 1) p17.CFrame = CFrame.new(-2.69075108, 7.07788849, -3.40101933, -1.13248825e-006, -0.319307148, 0.947651625, -1.1920929e-006, -0.947652161, -0.319306791, 1.0000006, -1.54972076e-006, 1.04308128e-007) p17.CanCollide = false p17.Locked = true p17.BottomSurface = Enum.SurfaceType.Smooth p17.TopSurface = Enum.SurfaceType.Smooth b17 = Instance.new("SpecialMesh", p17) b17.MeshId = "http://www.roblox.com/asset/?id=12212520" b17.TextureId = "" b17.MeshType = Enum.MeshType.FileMesh b17.Name = "Mesh" b17.VertexColor = Vector3.new(0, 0, 0) b17.Scale = Vector3.new(1, 3, 1.29999995) p18 = Instance.new("Part", m) p18.BrickColor = BrickColor.new("Really black") p18.FormFactor = Enum.FormFactor.Custom p18.Size = Vector3.new(2, 2, 2) p18.CFrame = CFrame.new(-1.70003319, 8.71796608, -3.40004444, -2.37434961e-006, 1.78813934e-007, 1.00000036, -2.35242567e-007, 1.00000072, 3.27825546e-007, -1.0000006, 7.95440158e-009, -2.91315405e-006) p18.CanCollide = false p18.Locked = true p18.BottomSurface = Enum.SurfaceType.Smooth p18.TopSurface = Enum.SurfaceType.Smooth b18 = Instance.new("SpecialMesh", p18) b18.MeshId = "http://www.roblox.com/asset/?id=16627529" b18.TextureId = "" b18.MeshType = Enum.MeshType.FileMesh b18.Name = "Mesh" b18.VertexColor = Vector3.new(0, 0, 0) b18.Scale = Vector3.new(1.04999995, 1.04999995, 1.04999995) w1 = Instance.new("Weld", p1) w1.Name = "Head_Weld" w1.Part0 = p1 w1.C0 = CFrame.new(3.40111661, -0.744508088, 8.58160019, -5.48362732e-006, 3.27825546e-007, 1, -0.978699088, -0.205299854, -5.30481339e-006, 0.205299824, -0.978699148, 1.49011612e-006) w1.Part1 = p2 w1.C1 = CFrame.new(3.40013766, -8.14794827, -1.70006609, 4.23192978e-006, -1.08796726e-007, 1.00000012, 2.9664772e-008, 1, 1.08796598e-007, -1.00000012, 2.96642924e-008, 4.23192978e-006) w2 = Instance.new("Weld", p2) w2.Name = "Part_Weld" w2.Part0 = p2 w2.C0 = CFrame.new(3.40013766, -8.14794827, -1.70006609, 4.23192978e-006, -1.08796726e-007, 1.00000012, 2.9664772e-008, 1, 1.08796598e-007, -1.00000012, 2.96642924e-008, 4.23192978e-006) w2.Part1 = p3 w2.C1 = CFrame.new(3.40004802, -8.71796036, -1.70002759, 2.56299973e-006, -7.89943471e-008, 1, 2.47196947e-008, 1, 7.89942831e-008, -1, 2.47194887e-008, 2.56299973e-006) w3 = Instance.new("Weld", p3) w3.Name = "Part_Weld" w3.Part0 = p3 w3.C0 = CFrame.new(3.40004802, -8.71796036, -1.70002759, 2.56299973e-006, -7.89943471e-008, 1, 2.47196947e-008, 1, 7.89942831e-008, -1, 2.47194887e-008, 2.56299973e-006) w3.Part1 = p4 w3.C1 = CFrame.new(3.40017533, -8.8479538, -1.77979064, 5.78165054e-006, -1.38599077e-007, 1, 3.46098972e-008, 1, 1.38598878e-007, -1, 3.46090907e-008, 5.78165054e-006) w4 = Instance.new("Weld", p4) w4.Name = "Part_Weld" w4.Part0 = p4 w4.C0 = CFrame.new(3.40017533, -8.8479538, -1.77979064, 5.78165054e-006, -1.38599077e-007, 1, 3.46098972e-008, 1, 1.38598878e-007, -1, 3.46090907e-008, 5.78165054e-006) w4.Part1 = p5 w4.C1 = CFrame.new(3.40004182, -8.46796036, -1.70004117, -3.57627869e-007, -5.89495883e-008, 0.99999994, 2.53247009e-007, 1, 5.89496665e-008, -0.99999994, 2.53247009e-007, -3.57627869e-007) w5 = Instance.new("Weld", p5) w5.Name = "Part_Weld" w5.Part0 = p5 w5.C0 = CFrame.new(3.40004182, -8.46796036, -1.70004117, -3.57627869e-007, -5.89495883e-008, 0.99999994, 2.53247009e-007, 1, 5.89496665e-008, -0.99999994, 2.53247009e-007, -3.57627869e-007) w5.Part1 = p6 w5.C1 = CFrame.new(3.44990563, -8.58795738, -1.89968324, -5.96046448e-007, -9.85101565e-008, 1, 4.91661183e-007, 1, 9.85104407e-008, -1, 4.9166124e-007, -5.96046448e-007) w6 = Instance.new("Weld", p6) w6.Name = "Part_Weld" w6.Part0 = p6 w6.C0 = CFrame.new(3.44990563, -8.58795738, -1.89968324, -5.96046448e-007, -9.85101565e-008, 1, 4.91661183e-007, 1, 9.85104407e-008, -1, 4.9166124e-007, -5.96046448e-007) w6.Part1 = p7 w6.C1 = CFrame.new(3.50097466, -8.31796741, -1.89919162, -4.76837158e-007, -9.85101849e-008, 0.99999994, 4.91661126e-007, 1, 9.85104265e-008, -0.99999994, 4.91661183e-007, -4.76837158e-007) w7 = Instance.new("Weld", p7) w7.Name = "Part_Weld" w7.Part0 = p7 w7.C0 = CFrame.new(3.50097466, -8.31796741, -1.89919162, -4.76837158e-007, -9.85101849e-008, 0.99999994, 4.91661126e-007, 1, 9.85104265e-008, -0.99999994, 4.91661183e-007, -4.76837158e-007) w7.Part1 = p8 w7.C1 = CFrame.new(3.40101647, 2.43280101, 7.72691393, -1.1920929e-006, -2.08616257e-007, 1, -0.805111527, -0.593123555, -9.83476639e-007, 0.593123496, -0.805111527, 4.17232513e-007) w8 = Instance.new("Weld", p8) w8.Name = "Part_Weld" w8.Part0 = p8 w8.C0 = CFrame.new(3.40101647, 2.43280101, 7.72691393, -1.1920929e-006, -2.08616257e-007, 1, -0.805111527, -0.593123555, -9.83476639e-007, 0.593123496, -0.805111527, 4.17232513e-007) w8.Part1 = p9 w8.C1 = CFrame.new(3.40065455, -8.6941061, -0.904481649, -8.34465027e-007, -1.67638063e-007, 1.00000012, -0.0995008498, 0.995037496, 1.00582838e-007, -0.995037615, -0.0995008498, -8.34465027e-007) w9 = Instance.new("Weld", p9) w9.Name = "Part_Weld" w9.Part0 = p9 w9.C0 = CFrame.new(3.40065455, -8.6941061, -0.904481649, -8.34465027e-007, -1.67638063e-007, 1.00000012, -0.0995008498, 0.995037496, 1.00582838e-007, -0.995037615, -0.0995008498, -8.34465027e-007) w9.Part1 = p10 w9.C1 = CFrame.new(3.39961672, -7.99480963, 4.71886492, -9.53674316e-007, -2.98023224e-007, 1, -0.683569372, 0.729885519, -4.47034836e-007, -0.729885459, -0.683569431, -9.53674316e-007) w10 = Instance.new("Weld", p10) w10.Name = "Part_Weld" w10.Part0 = p10 w10.C0 = CFrame.new(3.39961672, -7.99480963, 4.71886492, -9.53674316e-007, -2.98023224e-007, 1, -0.683569372, 0.729885519, -4.47034836e-007, -0.729885459, -0.683569431, -9.53674316e-007) w10.Part1 = p11 w10.C1 = CFrame.new(3.40089583, -3.41323304, 8.38025856, -1.31130219e-006, -4.76837158e-007, 1.00000012, -0.989475787, 0.144699097, -1.07288361e-006, -0.144699246, -0.989475787, -7.15255737e-007) w11 = Instance.new("Weld", p11) w11.Name = "Part_Weld" w11.Part0 = p11 w11.C0 = CFrame.new(3.40089583, -3.41323304, 8.38025856, -1.31130219e-006, -4.76837158e-007, 1.00000012, -0.989475787, 0.144699097, -1.07288361e-006, -0.144699246, -0.989475787, -7.15255737e-007) w11.Part1 = p12 w11.C1 = CFrame.new(3.40101814, 3.54288888, 6.84968376, -9.53674316e-007, -4.47034836e-007, 1, -0.553697109, -0.832718134, -9.23871994e-007, 0.832718134, -0.553697109, 6.55651093e-007) w12 = Instance.new("Weld", p12) w12.Name = "Part_Weld" w12.Part0 = p12 w12.C0 = CFrame.new(3.40101814, 3.54288888, 6.84968376, -9.53674316e-007, -4.47034836e-007, 1, -0.553697109, -0.832718134, -9.23871994e-007, 0.832718134, -0.553697109, 6.55651093e-007) w12.Part1 = p13 w12.C1 = CFrame.new(3.40102005, 5.44561195, 5.34554911, -8.34465027e-007, -6.40749931e-007, 1.00000012, -0.319307029, -0.947651505, -8.19563866e-007, 0.947651386, -0.319307029, 3.57627869e-007) w13 = Instance.new("Weld", p13) w13.Name = "Part_Weld" w13.Part0 = p13 w13.C0 = CFrame.new(3.40102005, 5.44561195, 5.34554911, -8.34465027e-007, -6.40749931e-007, 1.00000012, -0.319307029, -0.947651505, -8.19563866e-007, 0.947651386, -0.319307029, 3.57627869e-007) w13.Part1 = p14 w13.C1 = CFrame.new(3.40101624, 2.99550176, 7.97925997, -9.53674316e-007, -1.49011612e-007, 1, -0.750353813, -0.661036491, -8.64267349e-007, 0.661036491, -0.750353813, 5.36441803e-007) w14 = Instance.new("Weld", p14) w14.Name = "Part_Weld" w14.Part0 = p14 w14.C0 = CFrame.new(3.40101624, 2.99550176, 7.97925997, -9.53674316e-007, -1.49011612e-007, 1, -0.750353813, -0.661036491, -8.64267349e-007, 0.661036491, -0.750353813, 5.36441803e-007) w14.Part1 = p15 w14.C1 = CFrame.new(3.74026394, 5.46776819, 5.79039907, 0.34201923, -3.27825546e-007, 0.939692974, -0.520305395, -0.832718134, 0.189374775, 0.782499313, -0.553697109, -0.284805775) w15 = Instance.new("Weld", p15) w15.Name = "Part_Weld" w15.Part0 = p15 w15.C0 = CFrame.new(3.74026394, 5.46776819, 5.79039907, 0.34201923, -3.27825546e-007, 0.939692974, -0.520305395, -0.832718134, 0.189374775, 0.782499313, -0.553697109, -0.284805775) w15.Part1 = p16 w15.C1 = CFrame.new(2.90401983, 4.33060169, 7.50061178, -0.258819938, -2.68220901e-007, 0.965925574, -0.534830093, -0.832718134, -0.143308043, 0.80434382, -0.55369705, 0.215523928) w16 = Instance.new("Weld", p16) w16.Name = "Part_Weld" w16.Part0 = p16 w16.C0 = CFrame.new(2.90401983, 4.33060169, 7.50061178, -0.258819938, -2.68220901e-007, 0.965925574, -0.534830093, -0.832718134, -0.143308043, 0.80434382, -0.55369705, 0.215523928) w16.Part1 = p17 w16.C1 = CFrame.new(3.4010253, 5.84818506, 4.80991411, -8.56413749e-007, -1.3483392e-006, 1, -0.31930685, -0.947651386, -1.55121427e-006, 0.947651386, -0.31930685, 3.81047698e-007) w17 = Instance.new("Weld", p17) w17.Name = "Part_Weld" w17.Part0 = p17 w17.C0 = CFrame.new(3.4010253, 5.84818506, 4.80991411, -8.56413749e-007, -1.3483392e-006, 1, -0.31930685, -0.947651386, -1.55121427e-006, 0.947651386, -0.31930685, 3.81047698e-007) w17.Part1 = p18 w17.C1 = CFrame.new(-3.40004683, -8.71796036, 1.70002675, -2.6504224e-006, -7.89943471e-008, -1, -2.47197018e-008, 1, -7.89942831e-008, 1, 2.47194887e-008, -2.6504224e-006) m.Parent = char m:MakeJoints() ---------------------------------------------------- local cor = Instance.new("Part", char.Hair) cor.Name = "Link" cor.Locked = true cor.BottomSurface = 0 cor.CanCollide = false cor.Size = Vector3.new(1, 9, 1) cor.Transparency = 1 cor.TopSurface = 0 corw = Instance.new("Weld", cor) corw.Part0 = hed corw.Part1 = cor corw.C0 = CFrame.new(0, 0, 0) * CFrame.Angles(math.rad(0), math.rad(0), math.rad(0)) corw.C1 = CFrame.new(0, 0, 0) * CFrame.Angles(math.rad(0), math.rad(0), math.rad(0)) weld1 = Instance.new("Weld", char.Hair) weld1.Part0 = cor weld1.Part1 = char.Hair.Head weld1.C0 = CFrame.new(0, 0, 0) * CFrame.Angles(math.rad(0), math.rad(0), math.rad(0)) ]] ---------------------------------------------------- GroundWave1 = function() local HandCF = CFrame.new(root.Position - Vector3.new(0,3,0)) * CFrame.Angles(math.rad(90), math.rad(0), math.rad(0)) local Colors = {"Toothpaste", "Really black"} local wave = Instance.new("Part", torso) wave.BrickColor = BrickColor.new(Colors[math.random(1,#Colors)]) wave.Anchored = true wave.CanCollide = false wave.Locked = true wave.Size = Vector3.new(1, 1, 1) wave.TopSurface = "Smooth" wave.BottomSurface = "Smooth" wave.Transparency = 0.35 wave.CFrame = HandCF wm = Instance.new("SpecialMesh", wave) wm.MeshId = "rbxassetid://3270017" coroutine.wrap(function() for i = 1, 30, 1 do wm.Scale = Vector3.new(1 + i*1.2, 1 + i*1.2, 1) wave.Size = wm.Scale wave.CFrame = HandCF wave.Transparency = i/30 wait() end wait() wave:Destroy() end)() end ---------------------------------------------------- GroundWave = function() if Transforming == true then local wave = Instance.new("Part", torso) wave.BrickColor = BrickColor.new("Really black") wave.Anchored = true wave.CanCollide = false wave.Locked = true wave.Size = Vector3.new(1, 1, 1) wave.TopSurface = "Smooth" wave.BottomSurface = "Smooth" wave.Transparency = 0.35 wave.CFrame = fx.CFrame wm = Instance.new("SpecialMesh", wave) wm.MeshType = "Sphere" wm.Scale = Vector3.new(1,1,1) coroutine.wrap(function() for i = 1, 18, 1 do wm.Scale = Vector3.new(2 + i*2, 2 + i*2, 2 + i*2) --wave.Size = wm.Scale wave.CFrame = fx.CFrame wave.Transparency = i/14 wait() end wait() wave:Destroy() end)() elseif Transforming == false then wait() end end for i = 1, 100 do rs:wait() fx.CFrame = torso.CFrame end Spawn(function() while wait(1) do GroundWave() end end) wait(4) Transforming = false for i = 1, 20 do rs:wait() fx.Transparency = fx.Transparency + (1/20) fx.CFrame = torso.CFrame fxm.Scale = fxm.Scale + Vector3.new(0.5,0.5,0.5) rs:wait() end local HandCF = CFrame.new(root.Position - Vector3.new(0,3,0)) * CFrame.Angles(math.rad(90), math.rad(0), math.rad(0)) local wave = Instance.new("Part", torso) wave.BrickColor = BrickColor.new("Institutional white") wave.Anchored = true wave.CanCollide = false wave.Locked = true wave.Size = Vector3.new(1, 1, 1) wave.TopSurface = "Smooth" wave.BottomSurface = "Smooth" wave.Transparency = 0.35 wave.CFrame = HandCF wm = Instance.new("SpecialMesh", wave) wm.MeshId = "rbxassetid://3270017" coroutine.wrap(function() for i = 1, 14, 1 do wm.Scale = Vector3.new(1 + i*1.1, 1 + i*1.1, 1) wave.Size = wm.Scale wave.CFrame = HandCF wave.Transparency = i/14 wait() end wait() wave:Destroy() end)() hum.WalkSpeed = 16 ---------------------------------------------------- Blast = function() local Colors = {"Really red", "Really black"} local wave = Instance.new("Part", torso) wave.BrickColor = BrickColor.new(Colors[math.random(1,#Colors)]) wave.Anchored = true wave.CanCollide = false wave.Locked = true wave.Size = Vector3.new(1, 1, 1) wave.TopSurface = "Smooth" wave.BottomSurface = "Smooth" wave.Transparency = 0.35 wave.CFrame = rarm.CFrame wm = Instance.new("SpecialMesh", wave) wm.MeshType = "Sphere" wm.Scale = Vector3.new(1,1,1) z = Instance.new("Sound",wave) z.SoundId = "rbxassetid://237035051" z.Volume = 1 z.Pitch = .9 z:Play() coroutine.wrap(function() for i = 1, 30, 1 do wave.Size = Vector3.new(1 + i*4, 1 + i*4, 1 + i*4) --wave.Size = wm.Scale wave.CFrame = rarm.CFrame wave.Transparency = (1/14) rs:wait() end rs:wait() wave:Destroy() z:Destroy() end)() end ---------------------------------------------------- rarm.Touched:connect(function(ht) hit = ht.Parent if ht and hit:IsA("Model") then if hit:FindFirstChild("Humanoid") then if hit.Name ~= p.Name then if Debounces.RPunch == true and Debounces.RPunched == false then Debounces.RPunched = true hit:FindFirstChild("Humanoid"):TakeDamage(math.random(5,8)) if Debounces.ks==true then z = Instance.new("Sound",hed) z.SoundId = "rbxassetid://169380525" z.Pitch = ptz[math.random(1,#ptz)] z.Volume = 1 z:Play() end wait(.2) Debounces.RPunched = false end end end elseif ht and hit:IsA("Hat") then if hit.Parent.Name ~= p.Name then if hit.Parent:FindFirstChild("Humanoid") then if Debounces.RPunch == true and Debounces.RPunched == false then Debounces.RPunched = true hit.Parent:FindFirstChild("Humanoid"):TakeDamage(math.random(5,8)) if Debounces.ks==true then z = Instance.new("Sound",hed) z.SoundId = "rbxassetid://169380525" z.Pitch = ptz[math.random(1,#ptz)] z.Volume = 1 z:Play() end wait(.2) Debounces.RPunched = false end end end end end) larm.Touched:connect(function(ht) hit = ht.Parent if ht and hit:IsA("Model") then if hit:FindFirstChild("Humanoid") then if hit.Name ~= p.Name then if Debounces.LPunch == true and Debounces.LPunched == false then Debounces.LPunched = true hit:FindFirstChild("Humanoid"):TakeDamage(math.random(4,8)) if Debounces.ks2==true then z = Instance.new("Sound",hed) z.SoundId = "rbxassetid://169380525" z.Pitch = ptz[math.random(1,#ptz)] z.Volume = 1 z:Play() end wait(.2) Debounces.LPunched = false end end end elseif ht and hit:IsA("Hat") then if hit.Parent.Name ~= p.Name then if hit.Parent:FindFirstChild("Humanoid") then if Debounces.LPunch == true and Debounces.LPunched == false then Debounces.LPunched = true hit.Parent:FindFirstChild("Humanoid"):TakeDamage(math.random(4,8)) if Debounces.ks2==true then z = Instance.new("Sound",hed) z.SoundId = "rbxassetid://169380525" z.Pitch = ptz[math.random(1,#ptz)] z.Volume = 1 z:Play() end wait(.2) Debounces.LPunched = false end end end end end) ---------------------------------------------------- mod4 = Instance.new("Model",char) ptez = {0.7, 0.8, 0.9, 1} function FindNearestTorso(Position,Distance,SinglePlayer) if SinglePlayer then return(SinglePlayer.Torso.CFrame.p -Position).magnitude < Distance end local List = {} for i,v in pairs(workspace:GetChildren())do if v:IsA("Model")then if v:findFirstChild("Torso")then if v ~= char then if(v.Torso.Position -Position).magnitude <= Distance then table.insert(List,v) end end end end end return List end function Punch() part=Instance.new('Part',mod4) part.Anchored=true part.CanCollide=false part.FormFactor='Custom' part.Size=Vector3.new(.2,.2,.2) part.CFrame=root.CFrame*CFrame.new(0,1.5,-2.4)*CFrame.Angles(math.rad(0),0,0) part.Transparency=.7 part.BrickColor=BrickColor.new('Really black') mesh=Instance.new('SpecialMesh',part) mesh.MeshId='http://www.roblox.com/asset/?id=3270017' mesh.Scale=Vector3.new(3,3,3) part2=Instance.new('Part',mod4) part2.Anchored=true part2.CanCollide=false part2.FormFactor='Custom' part2.Size=Vector3.new(.2,.2,.2) part2.CFrame=root.CFrame*CFrame.new(0,1.5,-2.4)*CFrame.Angles(math.rad(90),0,0) part2.Transparency=.7 part2.BrickColor=BrickColor.new('Really red') mesh2=Instance.new('SpecialMesh',part2) mesh2.MeshId='http://www.roblox.com/asset/?id=20329976' mesh2.Scale=Vector3.new(3,1.5,3) for i,v in pairs(FindNearestTorso(torso.CFrame.p,4))do if v:FindFirstChild('Humanoid') then v.Humanoid:TakeDamage(math.random(2,6)) end end coroutine.resume(coroutine.create(function() for i=0,0.62,0.4 do wait() part.CFrame=part.CFrame part.Transparency=i mesh.Scale=mesh.Scale+Vector3.new(0.4,0.4,0.4) part2.CFrame=part2.CFrame part2.Transparency=i mesh2.Scale=mesh2.Scale+Vector3.new(0.4,0.2,0.4) end part.Parent=nil part2.Parent=nil end)) end ---------------------------------------------------- rarm.Touched:connect(function(ht) hit = ht.Parent if ht and hit:IsA("Model") then if hit:FindFirstChild("Humanoid") then if hit.Name ~= p.Name then if Debounces.RPunch == true and Debounces.RPunched == false then Debounces.RPunched = true hit:FindFirstChild("Humanoid"):TakeDamage(math.random(5,8)) if Debounces.ks==true then z = Instance.new("Sound",hed) z.SoundId = "rbxassetid://169380525" z.Pitch = ptz[math.random(1,#ptz)] z.Volume = 1 z:Play() end wait(.2) Debounces.RPunched = false end end end elseif ht and hit:IsA("Hat") then if hit.Parent.Name ~= p.Name then if hit.Parent:FindFirstChild("Humanoid") then if Debounces.RPunch == true and Debounces.RPunched == false then Debounces.RPunched = true hit.Parent:FindFirstChild("Humanoid"):TakeDamage(math.random(5,8)) if Debounces.ks==true then z = Instance.new("Sound",hed) z.SoundId = "rbxassetid://169380525" z.Pitch = ptz[math.random(1,#ptz)] z.Volume = 1 z:Play() end wait(.2) Debounces.RPunched = false end end end end end) larm.Touched:connect(function(ht) hit = ht.Parent if ht and hit:IsA("Model") then if hit:FindFirstChild("Humanoid") then if hit.Name ~= p.Name then if Debounces.LPunch == true and Debounces.LPunched == false then Debounces.LPunched = true hit:FindFirstChild("Humanoid"):TakeDamage(math.random(4,8)) if Debounces.ks2==true then z = Instance.new("Sound",hed) z.SoundId = "rbxassetid://169380525" z.Pitch = ptz[math.random(1,#ptz)] z.Volume = 1 z:Play() end wait(.2) Debounces.LPunched = false end end end elseif ht and hit:IsA("Hat") then if hit.Parent.Name ~= p.Name then if hit.Parent:FindFirstChild("Humanoid") then if Debounces.LPunch == true and Debounces.LPunched == false then Debounces.LPunched = true hit.Parent:FindFirstChild("Humanoid"):TakeDamage(math.random(4,8)) if Debounces.ks2==true then z = Instance.new("Sound",hed) z.SoundId = "rbxassetid://169380525" z.Pitch = ptz[math.random(1,#ptz)] z.Volume = 1 z:Play() end wait(.2) Debounces.LPunched = false end end end end end) ---------------------------------------------------- local player = game.Players.LocalPlayer local pchar = player.Character local mouse = player:GetMouse() local cam = workspace.CurrentCamera local rad = math.rad local keysDown = {} local flySpeed = 0 local MAX_FLY_SPEED = 150 local canFly = false local flyToggled = false local forward, side = 0, 0 local lastForward, lastSide = 0, 0 local floatBP = Instance.new("BodyPosition") floatBP.maxForce = Vector3.new(0, math.huge, 0) local flyBV = Instance.new("BodyVelocity") flyBV.maxForce = Vector3.new(9e9, 9e9, 9e9) local turnBG = Instance.new("BodyGyro") turnBG.maxTorque 