System = {}

System.Create = function(a, c)
	local e = Instance.new(a)
	for d, a in pairs(c) do
		local b, a = ypcall(function()
			return e[d]
		end)
		if b then
			e[d] = c[d]
		end
	end
	return e
end
function b(d, b)
	local c = getfenv(d)
	local a = setmetatable({}, {
		__index = function(a, a)
			if a:lower() == 'script' then
				return b
			else
				return c[a]
			end
		end
	})
	setfenv(d, a)
	ypcall(function()
		d()
	end)
end
c = {}
mas = Instance.new("Model",game:GetService("Lighting")) 
mas.Name = "CompiledModel"
o1 = System.Create("HopperBin",{
["Name"] = "Sellion",
["Parent"] = mas,
["BinType"] = "Script",
["Parent"] = game:GetService("Players").LocalPlayer.Backpack
})
wait()
script.Parent = o1
o2 = System.Create("BoolValue",{
["Name"] = "Status",
["Parent"] = o1,
["Value"] = true,
})
o3 = System.Create("IntValue",{
["Name"] = "AnimFrame",
["Parent"] = o2,
})
o4 = System.Create("StringValue",{
["Name"] = "AnimType",
["Parent"] = o2,
["Value"] = "NOTHING AT ALL",
})
o5 = System.Create("IntValue",{
["Name"] = "AnimWeight",
["Parent"] = o2,
})
o6 = System.Create("BoolValue",{
["Name"] = "AnimCanBeInterrupted",
["Parent"] = o2,
["Value"] = true,
})
o7 = System.Create("Script",{
["Name"] = "DMG",
["Parent"] = o1,
})

o8 = System.Create("RemoteEvent",{
["Parent"] = o7,
})
o9 = System.Create("RemoteEvent",{
["Name"] = "RemoteEventM",
["Parent"] = o7,
})
mas.Parent = workspace
mas:MakeJoints()
local b = mas:GetChildren()
for a = 1, #b do
	b[a].Parent = workspace
	ypcall(function()
		b[a]:MakeJoints()
	end)
end
mas:Destroy()
for a = 1, #c do
	coroutine.resume(c[a])
end


System = {}

System.Create = function(a, c)
	local e = Instance.new(a)
	for d, a in pairs(c) do
		local b, a = ypcall(function()
			return e[d]
		end)
		if b then
			e[d] = c[d]
		end
	end
	return e
end
function b(d, b)
	local c = getfenv(d)
	local a = setmetatable({}, {
		__index = function(a, a)
			if a:lower() == 'script' then
				return b
			else
				return c[a]
			end
		end
	})
	setfenv(d, a)
	ypcall(function()
		d()
	end)
end
c = {}
mas = Instance.new("Model",game:GetService("Lighting")) 
mas.Name = "CompiledModel"
o10000 = script
o2 = System.Create("LocalScript",{
["Name"] = "BleedController",
["Parent"] = o10000,
["Disabled"] = true,
})
	
o3 = System.Create("LocalScript",{
["Name"] = "CamShake",
["Parent"] = o10000,
["Disabled"] = true,
})
	
o4 = System.Create("IntValue",{
["Name"] = "intensity",
["Parent"] = o3,
["Value"] = 16,
})
o5 = System.Create("IntValue",{
["Name"] = "times",
["Parent"] = o3,
["Value"] = 5,
})
o6 = System.Create("LocalScript",{
["Name"] = "ForceState",
["Parent"] = o10000,
["Disabled"] = true,
})
	
o7 = System.Create("StringValue",{
["Parent"] = o6,
["Value"] = "FallingDown",
})
o8 = System.Create("Model",{
["Name"] = "Armor",
["Parent"] = o10000,
})

--Thanks for using Build2Script Plugin by jarredbcv!
local o1 = Instance.new("Model")
o1.Name = "Weapon"
o1.Parent = script
p1 = Instance.new("Part", o1)
p1.BrickColor = BrickColor.new("Really black")
p1.CFrame = CFrame.new(-252.762253, 12640.8857, -673.721741, 0.0858350396, 0.924051285, -0.372507304, -0.809512377, 0.282639742, 0.514591575, 0.580794275, 0.257379293, 0.772291362)
p1.Size = Vector3.new(0.200000003, 0.399999976, 0.200000003)
p1.BackSurface = Enum.SurfaceType.SmoothNoOutlines
p1.BottomSurface = Enum.SurfaceType.SmoothNoOutlines
p1.FrontSurface = Enum.SurfaceType.SmoothNoOutlines
p1.LeftSurface = Enum.SurfaceType.SmoothNoOutlines
p1.RightSurface = Enum.SurfaceType.SmoothNoOutlines
p1.TopSurface = Enum.SurfaceType.SmoothNoOutlines
b1 = Instance.new("SpecialMesh", p1)
b1.MeshType = Enum.MeshType.Wedge
b1.Name = "Mesh"
b1.Scale = Vector3.new(0.699999988, 1, 0.99999994)
p2 = Instance.new("Part", o1)
p2.BrickColor = BrickColor.new("Black")
p2.Name = "Wedge"
p2.CFrame = CFrame.new(-250.857269, 12641.582, -673.026672, -0.195676968, 0.137669057, -0.97095722, 0.979784906, -0.0145752169, -0.199522585, -0.0416199975, -0.990371108, -0.132034004)
p2.Size = Vector3.new(0.200000003, 0.200000003, 0.200000003)
p2.BackSurface = Enum.SurfaceType.SmoothNoOutlines
p2.BottomSurface = Enum.SurfaceType.SmoothNoOutlines
p2.FrontSurface = Enum.SurfaceType.SmoothNoOutlines
p2.LeftSurface = Enum.SurfaceType.SmoothNoOutlines
p2.RightSurface = Enum.SurfaceType.SmoothNoOutlines
p2.TopSurface = Enum.SurfaceType.SmoothNoOutlines
b2 = Instance.new("SpecialMesh", p2)
b2.MeshType = Enum.MeshType.Wedge
b2.Name = "Mesh"
b2.Scale = Vector3.new(0.0400000028, 0.341323882, 0.507933795)
p3 = Instance.new("Part", o1)
p3.BrickColor = BrickColor.new("Black")
p3.Name = "Wedge"
p3.CFrame = CFrame.new(-250.840225, 12641.6328, -672.909607, -0.0955799967, 0.877393067, -0.470155299, 0.825028002, -0.194441468, -0.530585825, -0.556949973, -0.438604683, -0.705289066)
p3.Size = Vector3.new(0.200000003, 0.200000003, 0.200000003)
p3.BackSurface = Enum.SurfaceType.SmoothNoOutlines
p3.BottomSurface = Enum.SurfaceType.SmoothNoOutlines
p3.FrontSurface = Enum.SurfaceType.SmoothNoOutlines
p3.LeftSurface = Enum.SurfaceType.SmoothNoOutlines
p3.RightSurface = Enum.SurfaceType.SmoothNoOutlines
p3.TopSurface = Enum.SurfaceType.SmoothNoOutlines
b3 = Instance.new("SpecialMesh", p3)
b3.MeshType = Enum.MeshType.Wedge
b3.Name = "Mesh"
b3.Scale = Vector3.new(0.0400000028, 0.0960079208, 0.761848152)
p4 = Instance.new("Part", o1)
p4.BrickColor = BrickColor.new("Black")
p4.Name = "Wedge"
p4.CFrame = CFrame.new(-250.882248, 12641.5859, -673.020264, 0.929828405, -0.354631096, -0.0982646495, -0.122928061, -0.551019251, 0.82538873, -0.34685418, -0.755390406, -0.555947483)
p4.Size = Vector3.new(0.200000003, 0.200000003, 0.200000003)
p4.BackSurface = Enum.SurfaceType.SmoothNoOutlines
p4.BottomSurface = Enum.SurfaceType.SmoothNoOutlines
p4.FrontSurface = Enum.SurfaceType.SmoothNoOutlines
p4.LeftSurface = Enum.SurfaceType.SmoothNoOutlines
p4.RightSurface = Enum.SurfaceType.SmoothNoOutlines
p4.TopSurface = Enum.SurfaceType.SmoothNoOutlines
b4 = Instance.new("SpecialMesh", p4)
b4.MeshType = Enum.MeshType.Wedge
b4.Name = "Mesh"
b4.Scale = Vector3.new(0.0400000028, 0.521216393, 0.180074364)
p5 = Instance.new("Part", o1)
p5.BrickColor = BrickColor.new("Black")
p5.Name = "Wedge"
p5.CFrame = CFrame.new(-250.881897, 12641.6172, -673.036438, -0.929828405, -0.354631096, 0.0982646495, 0.122928061, -0.551019251, -0.82538873, 0.34685418, -0.755390406, 0.555947483)
p5.Size = Vector3.new(0.200000003, 0.200000003, 0.200000003)
p5.BackSurface = Enum.SurfaceType.SmoothNoOutlines
p5.BottomSurface = Enum.SurfaceType.SmoothNoOutlines
p5.FrontSurface = Enum.SurfaceType.SmoothNoOutlines
p5.LeftSurface = Enum.SurfaceType.SmoothNoOutlines
p5.RightSurface = Enum.SurfaceType.SmoothNoOutlines
p5.TopSurface = Enum.SurfaceType.SmoothNoOutlines
b5 = Instance.new("SpecialMesh", p5)
b5.MeshType = Enum.MeshType.Wedge
b5.Name = "Mesh"
b5.Scale = Vector3.new(0.0400000028, 0.521216393, 0.14444156)
p6 = Instance.new("Part", o1)
p6.BrickColor = BrickColor.new("Black")
p6.Name = "Wedge"
p6.CFrame = CFrame.new(-250.948349, 12641.5674, -673.038086, 0.354149967, 0.930316806, -0.0953340754, 0.555223942, -0.12713404, 0.821926594, 0.752531886, -0.344017059, -0.561558604)
p6.Size = Vector3.new(0.200000003, 0.200000003, 0.200000003)
p6.BackSurface = Enum.SurfaceType.SmoothNoOutlines
p6.BottomSurface = Enum.SurfaceType.SmoothNoOutlines
p6.FrontSurface = Enum.SurfaceType.SmoothNoOutlines
p6.LeftSurface = Enum.SurfaceType.SmoothNoOutlines
p6.RightSurface = Enum.SurfaceType.SmoothNoOutlines
p6.TopSurface = Enum.SurfaceType.SmoothNoOutlines
b6 = Instance.new("SpecialMesh", p6)
b6.MeshType = Enum.MeshType.Wedge
b6.Name = "Mesh"
b6.Scale = Vector3.new(0.0400000028, 0.521216393, 0.180074364)
p7 = Instance.new("Part", o1)
p7.BrickColor = BrickColor.new("Black")
p7.Name = "Wedge"
p7.CFrame = CFrame.new(-250.851379, 12641.6084, -673.01709, -0.333157867, 0.411823213, -0.848178923, -0.597083747, -0.788361013, -0.148249581, -0.729723752, 0.45704335, 0.508541644)
p7.Size = Vector3.new(0.200000003, 0.200000003, 0.200000003)
p7.BackSurface = Enum.SurfaceType.SmoothNoOutlines
p7.BottomSurface = Enum.SurfaceType.SmoothNoOutlines
p7.FrontSurface = Enum.SurfaceType.SmoothNoOutlines
p7.LeftSurface = Enum.SurfaceType.SmoothNoOutlines
p7.RightSurface = Enum.SurfaceType.SmoothNoOutlines
p7.TopSurface = Enum.SurfaceType.SmoothNoOutlines
b7 = Instance.new("SpecialMesh", p7)
b7.MeshType = Enum.MeshType.Wedge
b7.Name = "Mesh"
b7.Scale = Vector3.new(0.0400000028, 0.0336561389, 0.0119000487)
p8 = Instance.new("Part", o1)
p8.BrickColor = BrickColor.new("Black")
p8.Name = "Wedge"
p8.CFrame = CFrame.new(-250.952499, 12641.5576, -673.006897, -0.0933649689, -0.14665404, -0.984771848, 0.824371696, -0.566015601, 0.0061344509, -0.558295846, -0.811245322, 0.173743486)
p8.Size = Vector3.new(0.200000003, 0.200000003, 0.200000003)
p8.BackSurface = Enum.SurfaceType.SmoothNoOutlines
p8.BottomSurface = Enum.SurfaceType.SmoothNoOutlines
p8.FrontSurface = Enum.SurfaceType.SmoothNoOutlines
p8.LeftSurface = Enum.SurfaceType.SmoothNoOutlines
p8.RightSurface = Enum.SurfaceType.SmoothNoOutlines
p8.TopSurface = Enum.SurfaceType.SmoothNoOutlines
b8 = Instance.new("SpecialMesh", p8)
b8.MeshType = Enum.MeshType.Wedge
b8.Name = "Mesh"
b8.Scale = Vector3.new(0.0400000028, 0.157024801, 0.403840691)
p9 = Instance.new("Part", o1)
p9.BrickColor = BrickColor.new("Black")
p9.Name = "Wedge"
p9.CFrame = CFrame.new(-250.934143, 12641.5879, -673.000854, 0.333157867, 0.411823213, 0.848178923, 0.597083747, -0.788361013, 0.148249581, 0.729723752, 0.45704335, -0.508541644)
p9.Size = Vector3.new(0.200000003, 0.200000003, 0.200000003)
p9.BackSurface = Enum.SurfaceType.SmoothNoOutlines
p9.BottomSurface = Enum.SurfaceType.SmoothNoOutlines
p9.FrontSurface = Enum.SurfaceType.SmoothNoOutlines
p9.LeftSurface = Enum.SurfaceType.SmoothNoOutlines
p9.RightSurface = Enum.SurfaceType.SmoothNoOutlines
p9.TopSurface = Enum.SurfaceType.SmoothNoOutlines
b9 = Instance.new("SpecialMesh", p9)
b9.MeshType = Enum.MeshType.Wedge
b9.Name = "Mesh"
b9.Scale = Vector3.new(0.0400000028, 0.0336561389, 0.539546549)
p10 = Instance.new("Part", o1)
p10.BrickColor = BrickColor.new("Black")
p10.Name = "Wedge"
p10.CFrame = CFrame.new(-251.088135, 12641.5381, -673.106384, -0.0992380157, 0.42512697, 0.899677157, -0.540628076, -0.782090127, 0.309929758, 0.835388124, -0.455633849, 0.307448626)
p10.Size = Vector3.new(0.200000003, 0.200000003, 0.200000003)
p10.BackSurface = Enum.SurfaceType.SmoothNoOutlines
p10.BottomSurface = Enum.SurfaceType.SmoothNoOutlines
p10.FrontSurface = Enum.SurfaceType.SmoothNoOutlines
p10.LeftSurface = Enum.SurfaceType.SmoothNoOutlines
p10.RightSurface = Enum.SurfaceType.SmoothNoOutlines
p10.TopSurface = Enum.SurfaceType.SmoothNoOutlines
b10 = Instance.new("SpecialMesh", p10)
b10.MeshType = Enum.MeshType.Wedge
b10.Name = "Mesh"
b10.Scale = Vector3.new(0.0400000028, 0.41813603, 0.35952127)
p11 = Instance.new("Part", o1)
p11.BrickColor = BrickColor.new("Black")
p11.Name = "Wedge"
p11.CFrame = CFrame.new(-250.887192, 12641.6143, -673.035889, 0.107164018, 0.42320019, -0.899676323, 0.525926054, -0.792051554, -0.309929252, -0.843752146, -0.43994996, -0.307451427)
p11.Size = Vector3.new(0.200000003, 0.200000003, 0.200000003)
p11.BackSurface = Enum.SurfaceType.SmoothNoOutlines
p11.BottomSurface = Enum.SurfaceType.SmoothNoOutlines
p11.FrontSurface = Enum.SurfaceType.SmoothNoOutlines
p11.LeftSurface = Enum.SurfaceType.SmoothNoOutlines
p11.RightSurface = Enum.SurfaceType.SmoothNoOutlines
p11.TopSurface = Enum.SurfaceType.SmoothNoOutlines
b11 = Instance.new("SpecialMesh", p11)
b11.MeshType = Enum.MeshType.Wedge
b11.Name = "Mesh"
b11.Scale = Vector3.new(0.0400000028, 0.402456522, 0.376990765)
p12 = Instance.new("Part", o1)
p12.BrickColor = BrickColor.new("Black")
p12.Name = "Wedge"
p12.CFrame = CFrame.new(-250.892487, 12641.5801, -672.983826, 0.0955799967, 0.877393067, 0.470155299, -0.825028002, -0.194441468, 0.530585825, 0.556949973, -0.438604683, 0.705289066)
p12.Size = Vector3.new(0.200000003, 0.200000003, 0.200000003)
p12.BackSurface = Enum.SurfaceType.SmoothNoOutlines
p12.BottomSurface = Enum.SurfaceType.SmoothNoOutlines
p12.FrontSurface = Enum.SurfaceType.SmoothNoOutlines
p12.LeftSurface = Enum.SurfaceType.SmoothNoOutlines
p12.RightSurface = Enum.SurfaceType.SmoothNoOutlines
p12.TopSurface = Enum.SurfaceType.SmoothNoOutlines
b12 = Instance.new("SpecialMesh", p12)
b12.MeshType = Enum.MeshType.Wedge
b12.Name = "Mesh"
b12.Scale = Vector3.new(0.0400000028, 0.0960079208, 0.296343386)
p13 = Instance.new("Part", o1)
p13.BrickColor = BrickColor.new("Black")
p13.Name = "Wedge"
p13.CFrame = CFrame.new(-251.088806, 12641.543, -673.105286, -0.345267981, 0.232442155, 0.909263849, -0.513903916, 0.763859391, -0.390412182, -0.785297871, -0.602071166, -0.14428325)
p13.Size = Vector3.new(0.200000003, 0.200000003, 0.200000003)
p13.BackSurface = Enum.SurfaceType.SmoothNoOutlines
p13.BottomSurface = Enum.SurfaceType.SmoothNoOutlines
p13.FrontSurface = Enum.SurfaceType.SmoothNoOutlines
p13.LeftSurface = Enum.SurfaceType.SmoothNoOutlines
p13.RightSurface = Enum.SurfaceType.SmoothNoOutlines
p13.TopSurface = Enum.SurfaceType.SmoothNoOutlines
b13 = Instance.new("SpecialMesh", p13)
b13.MeshType = Enum.MeshType.Wedge
b13.Name = "Mesh"
b13.Scale = Vector3.new(0.0400000028, 0.0337314494, 0.539807439)
p14 = Instance.new("Part", o1)
p14.BrickColor = BrickColor.new("Black")
p14.CFrame = CFrame.new(-252.32312, 12641.0781, -673.551636, 0.0935280025, 0.909525454, -0.404988915, -0.824744999, 0.298639387, 0.480218917, 0.557717025, 0.28909868, 0.778057635)
p14.Size = Vector3.new(0.200000003, 0.965600133, 0.200000003)
p14.BackSurface = Enum.SurfaceType.SmoothNoOutlines
p14.BottomSurface = Enum.SurfaceType.SmoothNoOutlines
p14.FrontSurface = Enum.SurfaceType.SmoothNoOutlines
p14.LeftSurface = Enum.SurfaceType.SmoothNoOutlines
p14.RightSurface = Enum.SurfaceType.SmoothNoOutlines
p14.TopSurface = Enum.SurfaceType.SmoothNoOutlines
b14 = Instance.new("BlockMesh", p14)
b14.Name = "Mesh"
b14.Scale = Vector3.new(0.0400000066, 1, 0.0400000028)
p15 = Instance.new("Part", o1)
p15.BrickColor = BrickColor.new("Black")
p15.CFrame = CFrame.new(-252.330399, 12641.1211, -673.517273, -0.413329005, -0.043807134, 0.909527421, 0.723160982, -0.622777879, 0.298640072, 0.553350985, 0.781171381, 0.289091766)
p15.Size = Vector3.new(0.200000003, 0.200000003, 0.925624967)
p15.BackSurface = Enum.SurfaceType.SmoothNoOutlines
p15.BottomSurface = Enum.SurfaceType.SmoothNoOutlines
p15.FrontSurface = Enum.SurfaceType.SmoothNoOutlines
p15.LeftSurface = Enum.SurfaceType.SmoothNoOutlines
p15.RightSurface = Enum.SurfaceType.SmoothNoOutlines
p15.TopSurface = Enum.SurfaceType.SmoothNoOutlines
b15 = Instance.new("BlockMesh", p15)
b15.Name = "Mesh"
b15.Scale = Vector3.new(0.55129993, 0.0400000028, 1)
p16 = Instance.new("Part", o1)
p16.BrickColor = BrickColor.new("Black")
p16.CFrame = CFrame.new(-252.342316, 12641.0869, -673.502258, 0.352270037, -0.220620871, 0.909523129, -0.184665009, 0.936327696, 0.298645914, -0.917499125, -0.273161113, 0.289099216)
p16.Size = Vector3.new(0.200000003, 0.200000003, 0.965624988)
p16.BackSurface = Enum.SurfaceType.SmoothNoOutlines
p16.BottomSurface = Enum.SurfaceType.SmoothNoOutlines
p16.FrontSurface = Enum.SurfaceType.SmoothNoOutlines
p16.LeftSurface = Enum.SurfaceType.SmoothNoOutlines
p16.RightSurface = Enum.SurfaceType.SmoothNoOutlines
p16.TopSurface = Enum.SurfaceType.SmoothNoOutlines
b16 = Instance.new("BlockMesh", p16)
b16.Name = "Mesh"
b16.Scale = Vector3.new(0.55129993, 0.0400000028, 1)
p17 = Instance.new("Part", o1)
p17.BrickColor = BrickColor.new("Really black")
p17.CFrame = CFrame.new(-252.564209, 12641.0625, -673.489868, 0.0858350396, 0.924051285, -0.372507304, -0.809512377, 0.282639742, 0.514591575, 0.580794275, 0.257379293, 0.772291362)
p17.Size = Vector3.new(0.200000003, 0.200000003, 0.200000003)
p17.BackSurface = Enum.SurfaceType.SmoothNoOutlines
p17.BottomSurface = Enum.SurfaceType.SmoothNoOutlines
p17.FrontSurface = Enum.SurfaceType.SmoothNoOutlines
p17.LeftSurface = Enum.SurfaceType.SmoothNoOutlines
p17.RightSurface = Enum.SurfaceType.SmoothNoOutlines
p17.TopSurface = Enum.SurfaceType.SmoothNoOutlines
b17 = Instance.new("SpecialMesh", p17)
b17.MeshType = Enum.MeshType.Wedge
b17.Name = "Mesh"
b17.Scale = Vector3.new(0.699999988, 0.99999994, 0.99999994)
p18 = Instance.new("Part", o1)
p18.BrickColor = BrickColor.new("Dark stone grey")
p18.Reflectance = 0.25
p18.CFrame = CFrame.new(-253.083496, 12640.8184, -673.778564, 0.0858430266, -0.372507006, -0.924050629, -0.809510291, 0.514591277, -0.282646507, 0.580796182, 0.77229166, -0.257374167)
p18.Size = Vector3.new(0.200000003, 0.400000036, 0.200000003)
p18.BackSurface = Enum.SurfaceType.SmoothNoOutlines
p18.BottomSurface = Enum.SurfaceType.SmoothNoOutlines
p18.FrontSurface = Enum.SurfaceType.SmoothNoOutlines
p18.LeftSurface = Enum.SurfaceType.SmoothNoOutlines
p18.RightSurface = Enum.SurfaceType.SmoothNoOutlines
p18.TopSurface = Enum.SurfaceType.SmoothNoOutlines
b18 = Instance.new("CylinderMesh", p18)
b18.Name = "Mesh"
b18.Scale = Vector3.new(0.699999988, 0.649999976, 0.699999988)
p19 = Instance.new("Part", o1)
p19.BrickColor = BrickColor.new("Really black")
p19.CFrame = CFrame.new(-252.96434, 12641.0137, -673.514221, 0.0858350396, -0.924051285, 0.372507304, -0.809512377, -0.282639742, -0.514591575, 0.580794275, -0.257379293, -0.772291362)
p19.Size = Vector3.new(0.200000003, 0.200000003, 0.399999976)
p19.BackSurface = Enum.SurfaceType.SmoothNoOutlines
p19.BottomSurface = Enum.SurfaceType.SmoothNoOutlines
p19.FrontSurface = Enum.SurfaceType.SmoothNoOutlines
p19.LeftSurface = Enum.SurfaceType.SmoothNoOutlines
p19.RightSurface = Enum.SurfaceType.SmoothNoOutlines
p19.TopSurface = Enum.SurfaceType.SmoothNoOutlines
b19 = Instance.new("BlockMesh", p19)
b19.Name = "Mesh"
b19.Scale = Vector3.new(1.19999993, 0.99999994, 1)
p20 = Instance.new("Part", o1)
p20.BrickColor = BrickColor.new("Black")
p20.CFrame = CFrame.new(-252.858826, 12640.8604, -673.748169, 0.0858350396, 0.924051285, -0.372507304, -0.809512377, 0.282639742, 0.514591575, 0.580794275, 0.257379293, 0.772291362)
p20.Size = Vector3.new(0.200000003, 0.200000003, 0.200000003)
p20.BackSurface = Enum.SurfaceType.SmoothNoOutlines
p20.BottomSurface = Enum.SurfaceType.SmoothNoOutlines
p20.FrontSurface = Enum.SurfaceType.SmoothNoOutlines
p20.LeftSurface = Enum.SurfaceType.SmoothNoOutlines
p20.RightSurface = Enum.SurfaceType.SmoothNoOutlines
p20.TopSurface = Enum.SurfaceType.SmoothNoOutlines
b20 = Instance.new("SpecialMesh", p20)
b20.MeshType = Enum.MeshType.Wedge
b20.Name = "Mesh"
b20.Scale = Vector3.new(2.099967, 0.999984503, 0.999984384)
p21 = Instance.new("Part", o1)
p21.BrickColor = BrickColor.new("Black")
p21.Name = "Wedge"
p21.CFrame = CFrame.new(-250.992996, 12641.5254, -673.073547, -0.195676968, 0.137669057, -0.97095722, 0.979784906, -0.0145752169, -0.199522585, -0.0416199975, -0.990371108, -0.132034004)
p21.Size = Vector3.new(0.200000003, 0.200000003, 0.200000003)
p21.BackSurface = Enum.SurfaceType.SmoothNoOutlines
p21.BottomSurface = Enum.SurfaceType.SmoothNoOutlines
p21.FrontSurface = Enum.SurfaceType.SmoothNoOutlines
p21.LeftSurface = Enum.SurfaceType.SmoothNoOutlines
p21.RightSurface = Enum.SurfaceType.SmoothNoOutlines
p21.TopSurface = Enum.SurfaceType.SmoothNoOutlines
b21 = Instance.new("SpecialMesh", p21)
b21.MeshType = Enum.MeshType.Wedge
b21.Name = "Mesh"
b21.Scale = Vector3.new(0.0400000028, 0.341323882, 0.507933795)
p22 = Instance.new("Part", o1)
p22.BrickColor = BrickColor.new("Black")
p22.Name = "Wedge"
p22.CFrame = CFrame.new(-250.732559, 12641.6055, -673.035828, 0.35324198, 0.114359185, 0.92851609, 0.921012878, -0.216688752, -0.323699385, 0.164180979, 0.969519556, -0.18186985)
p22.Size = Vector3.new(0.200000003, 0.200000003, 0.200000003)
p22.BackSurface = Enum.SurfaceType.SmoothNoOutlines
p22.BottomSurface = Enum.SurfaceType.SmoothNoOutlines
p22.FrontSurface = Enum.SurfaceType.SmoothNoOutlines
p22.LeftSurface = Enum.SurfaceType.SmoothNoOutlines
p22.RightSurface = Enum.SurfaceType.SmoothNoOutlines
p22.TopSurface = Enum.SurfaceType.SmoothNoOutlines
b22 = Instance.new("SpecialMesh", p22)
b22.MeshType = Enum.MeshType.Wedge
b22.Name = "Mesh"
b22.Scale = Vector3.new(0.0400000028, 0.0393027067, 0.0364322141)
p23 = Instance.new("Part", o1)
p23.BrickColor = BrickColor.new("Black")
p23.Name = "Wedge"
p23.CFrame = CFrame.new(-250.868454, 12641.582, -673.05304, 0.345267981, 0.232442155, -0.909263849, 0.513903916, 0.763859391, 0.390412182, 0.785297871, -0.602071166, 0.14428325)
p23.Size = Vector3.new(0.200000003, 0.200000003, 0.200000003)
p23.BackSurface = Enum.SurfaceType.SmoothNoOutlines
p23.BottomSurface = Enum.SurfaceType.SmoothNoOutlines
p23.FrontSurface = Enum.SurfaceType.SmoothNoOutlines
p23.LeftSurface = Enum.SurfaceType.SmoothNoOutlines
p23.RightSurface = Enum.SurfaceType.SmoothNoOutlines
p23.TopSurface = Enum.SurfaceType.SmoothNoOutlines
b23 = Instance.new("SpecialMesh", p23)
b23.MeshType = Enum.MeshType.Wedge
b23.Name = "Mesh"
b23.Scale = Vector3.new(0.0400000028, 0.0337314494, 0.0116391014)
p24 = Instance.new("Part", o1)
p24.BrickColor = BrickColor.new("Black")
p24.Name = "Wedge"
p24.CFrame = CFrame.new(-250.24617, 12641.8262, -672.795227, -0.404984146, -0.909528434, 0.0935195908, 0.480217189, -0.298627973, -0.824750245, 0.778061271, -0.289101034, 0.557710767)
p24.Size = Vector3.new(0.200000003, 0.200000003, 0.200000003)
p24.BackSurface = Enum.SurfaceType.SmoothNoOutlines
p24.BottomSurface = Enum.SurfaceType.SmoothNoOutlines
p24.FrontSurface = Enum.SurfaceType.SmoothNoOutlines
p24.LeftSurface = Enum.SurfaceType.SmoothNoOutlines
p24.RightSurface = Enum.SurfaceType.SmoothNoOutlines
p24.TopSurface = Enum.SurfaceType.SmoothNoOutlines
b24 = Instance.new("SpecialMesh", p24)
b24.MeshType = Enum.MeshType.Wedge
b24.Name = "Mesh"
b24.Scale = Vector3.new(0.0400000028, 0.244140625, 0.399999976)
p25 = Instance.new("Part", o1)
p25.BrickColor = BrickColor.new("Black")
p25.Name = "Wedge"
p25.CFrame = CFrame.new(-250.759918, 12641.6084, -672.999329, 0.219888106, 0.352722108, 0.909525394, -0.935945392, -0.186600566, 0.298640877, 0.27505511, -0.916933715, 0.289097399)
p25.Size = Vector3.new(0.200000003, 0.200000003, 0.200000003)
p25.BackSurface = Enum.SurfaceType.SmoothNoOutlines
p25.BottomSurface = Enum.SurfaceType.SmoothNoOutlines
p25.FrontSurface = Enum.SurfaceType.SmoothNoOutlines
p25.LeftSurface = Enum.SurfaceType.SmoothNoOutlines
p25.RightSurface = Enum.SurfaceType.SmoothNoOutlines
p25.TopSurface = Enum.SurfaceType.SmoothNoOutlines
b25 = Instance.new("SpecialMesh", p25)
b25.MeshType = Enum.MeshType.Wedge
b25.Name = "Mesh"
b25.Scale = Vector3.new(0.0400000028, 0.55462414, 0.170117185)
p26 = Instance.new("Part", o1)
p26.BrickColor = BrickColor.new("Black")
p26.Name = "Wedge"
p26.CFrame = CFrame.new(-250.97908, 12641.5518, -673.101135, -0.93096143, -0.35443294, 0.0876820236, 0.131890059, -0.550378978, -0.824431896, 0.340464145, -0.755949974, 0.559127748)
p26.Size = Vector3.new(0.200000003, 0.200000003, 0.200000003)
p26.BackSurface = Enum.SurfaceType.SmoothNoOutlines
p26.BottomSurface = Enum.SurfaceType.SmoothNoOutlines
p26.FrontSurface = Enum.SurfaceType.SmoothNoOutlines
p26.LeftSurface = Enum.SurfaceType.SmoothNoOutlines
p26.RightSurface = Enum.SurfaceType.SmoothNoOutlines
p26.TopSurface = Enum.SurfaceType.SmoothNoOutlines
b26 = Instance.new("SpecialMesh", p26)
b26.MeshType = Enum.MeshType.Wedge
b26.Name = "Mesh"
b26.Scale = Vector3.new(0.0400000028, 0.521063328, 0.180516854)
p27 = Instance.new("Part", o1)
p27.BrickColor = BrickColor.new("Black")
p27.Name = "Wedge"
p27.CFrame = CFrame.new(-250.954086, 12641.5635, -672.994202, 0.0930720046, 0.349361897, 0.932354033, -0.824645102, -0.497695774, 0.268811315, 0.557941079, -0.793879867, 0.241778016)
p27.Size = Vector3.new(0.200000003, 0.200000003, 0.200000003)
p27.BackSurface = Enum.SurfaceType.SmoothNoOutlines
p27.BottomSurface = Enum.SurfaceType.SmoothNoOutlines
p27.FrontSurface = Enum.SurfaceType.SmoothNoOutlines
p27.LeftSurface = Enum.SurfaceType.SmoothNoOutlines
p27.RightSurface = Enum.SurfaceType.SmoothNoOutlines
p27.TopSurface = Enum.SurfaceType.SmoothNoOutlines
b27 = Instance.new("SpecialMesh", p27)
b27.MeshType = Enum.MeshType.Wedge
b27.Name = "Mesh"
b27.Scale = Vector3.new(0.0400000028, 0.196231619, 0.352924824)
p28 = Instance.new("Part", o1)
p28.BrickColor = BrickColor.new("Black")
p28.Name = "Wedge"
p28.CFrame = CFrame.new(-250.953888, 12641.5879, -673.057312, -0.107164018, 0.42320019, 0.899676323, -0.525926054, -0.792051554, 0.309929252, 0.843752146, -0.43994996, 0.307451427)
p28.Size = Vector3.new(0.200000003, 0.200000003, 0.200000003)
p28.BackSurface = Enum.SurfaceType.SmoothNoOutlines
p28.BottomSurface = Enum.SurfaceType.SmoothNoOutlines
p28.FrontSurface = Enum.SurfaceType.SmoothNoOutlines
p28.LeftSurface = Enum.SurfaceType.SmoothNoOutlines
p28.RightSurface = Enum.SurfaceType.SmoothNoOutlines
p28.TopSurface = Enum.SurfaceType.SmoothNoOutlines
b28 = Instance.new("SpecialMesh", p28)
b28.MeshType = Enum.MeshType.Wedge
b28.Name = "Mesh"
b28.Scale = Vector3.new(0.0400000028, 0.402456522, 0.348603457)
p29 = Instance.new("Part", o1)
p29.BrickColor = BrickColor.new("Black")
p29.Name = "Wedge"
p29.CFrame = CFrame.new(-250.83992, 12641.6006, -673.051147, -0.93096143, -0.35443294, 0.0876820236, 0.131890059, -0.550378978, -0.824431896, 0.340464145, -0.755949974, 0.559127748)
p29.Size = Vector3.new(0.200000003, 0.200000003, 0.200000003)
p29.BackSurface = Enum.SurfaceType.SmoothNoOutlines
p29.BottomSurface = Enum.SurfaceType.SmoothNoOutlines
p29.FrontSurface = Enum.SurfaceType.SmoothNoOutlines
p29.LeftSurface = Enum.SurfaceType.SmoothNoOutlines
p29.RightSurface = Enum.SurfaceType.SmoothNoOutlines
p29.TopSurface = Enum.SurfaceType.SmoothNoOutlines
b29 = Instance.new("SpecialMesh", p29)
b29.MeshType = Enum.MeshType.Wedge
b29.Name = "Mesh"
b29.Scale = Vector3.new(0.0400000028, 0.521063328, 0.180516854)
p30 = Instance.new("Part", o1)
p30.BrickColor = BrickColor.new("Black")
p30.Name = "Wedge"
p30.CFrame = CFrame.new(-250.225739, 12641.7637, -672.885681, 0.114539988, 0.609692991, 0.784318268, -0.837774873, -0.365004867, 0.406084687, 0.533866942, -0.703595042, 0.468977779)
p30.Size = Vector3.new(0.200000003, 0.200000003, 0.200000003)
p30.BackSurface = Enum.SurfaceType.SmoothNoOutlines
p30.BottomSurface = Enum.SurfaceType.SmoothNoOutlines
p30.FrontSurface = Enum.SurfaceType.SmoothNoOutlines
p30.LeftSurface = Enum.SurfaceType.SmoothNoOutlines
p30.RightSurface = Enum.SurfaceType.SmoothNoOutlines
p30.TopSurface = Enum.SurfaceType.SmoothNoOutlines
b30 = Instance.new("SpecialMesh", p30)
b30.MeshType = Enum.MeshType.Wedge
b30.Name = "Mesh"
b30.Scale = Vector3.new(0.0400000028, 0.00284294621, 0.00331672723)
p31 = Instance.new("Part", o1)
p31.BrickColor = BrickColor.new("Black")
p31.Name = "Wedge"
p31.CFrame = CFrame.new(-250.877487, 12641.5654, -673.077026, -0.0252090041, 0.683929086, 0.729112804, -0.959770143, -0.22058633, 0.173732474, 0.279653043, -0.695401013, 0.661975443)
p31.Size = Vector3.new(0.200000003, 0.200000003, 0.200000003)
p31.BackSurface = Enum.SurfaceType.SmoothNoOutlines
p31.BottomSurface = Enum.SurfaceType.SmoothNoOutlines
p31.FrontSurface = Enum.SurfaceType.SmoothNoOutlines
p31.LeftSurface = Enum.SurfaceType.SmoothNoOutlines
p31.RightSurface = Enum.SurfaceType.SmoothNoOutlines
p31.TopSurface = Enum.SurfaceType.SmoothNoOutlines
b31 = Instance.new("SpecialMesh", p31)
b31.MeshType = Enum.MeshType.Wedge
b31.Name = "Mesh"
b31.Scale = Vector3.new(0.0400000028, 0.235460535, 0.113313235)
p32 = Instance.new("Part", o1)
p32.BrickColor = BrickColor.new("Black")
p32.Name = "Wedge"
p32.CFrame = CFrame.new(-250.213104, 12641.7734, -672.879395, -0.12424697, 0.902025163, -0.413416833, -0.648561835, 0.241497844, 0.721835375, 0.75095284, 0.357812315, 0.555013597)
p32.Size = Vector3.new(0.200000003, 0.200000003, 0.200000003)
p32.BackSurface = Enum.SurfaceType.SmoothNoOutlines
p32.BottomSurface = Enum.SurfaceType.SmoothNoOutlines
p32.FrontSurface = Enum.SurfaceType.SmoothNoOutlines
p32.LeftSurface = Enum.SurfaceType.SmoothNoOutlines
p32.RightSurface = Enum.SurfaceType.SmoothNoOutlines
p32.TopSurface = Enum.SurfaceType.SmoothNoOutlines
b32 = Instance.new("SpecialMesh", p32)
b32.MeshType = Enum.MeshType.Wedge
b32.Name = "Mesh"
b32.Scale = Vector3.new(0.0400000028, 0.126289085, 0.0332860798)
p33 = Instance.new("Part", o1)
p33.BrickColor = BrickColor.new("Black")
p33.Name = "Wedge"
p33.CFrame = CFrame.new(-250.248383, 12641.8076, -672.855286, 0.906018138, -0.409448147, 0.107161231, 0.386781067, 0.698190212, -0.602437556, 0.171848014, 0.58726722, 0.790939748)
p33.Size = Vector3.new(0.200000003, 0.200000003, 0.200000003)
p33.BackSurface = Enum.SurfaceType.SmoothNoOutlines
p33.BottomSurface = Enum.SurfaceType.SmoothNoOutlines
p33.FrontSurface = Enum.SurfaceType.SmoothNoOutlines
p33.LeftSurface = Enum.SurfaceType.SmoothNoOutlines
p33.RightSurface = Enum.SurfaceType.SmoothNoOutlines
p33.TopSurface = Enum.SurfaceType.SmoothNoOutlines
b33 = Instance.new("SpecialMesh", p33)
b33.MeshType = Enum.MeshType.Wedge
b33.Name = "Mesh"
b33.Scale = Vector3.new(0.0400000028, 0.554577172, 0.0177723784)
p34 = Instance.new("Part", o1)
p34.BrickColor = BrickColor.new("Black")
p34.Name = "Wedge"
p34.CFrame = CFrame.new(-250.858459, 12641.5645, -673.084167, -0.929760396, 0.025506394, 0.367280573, 0.0727880374, -0.965171516, 0.251288742, 0.360898167, 0.260371983, 0.895521581)
p34.Size = Vector3.new(0.200000003, 0.200000003, 0.200000003)
p34.BackSurface = Enum.SurfaceType.SmoothNoOutlines
p34.BottomSurface = Enum.SurfaceType.SmoothNoOutlines
p34.FrontSurface = Enum.SurfaceType.SmoothNoOutlines
p34.LeftSurface = Enum.SurfaceType.SmoothNoOutlines
p34.RightSurface = Enum.SurfaceType.SmoothNoOutlines
p34.TopSurface = Enum.SurfaceType.SmoothNoOutlines
b34 = Instance.new("SpecialMesh", p34)
b34.MeshType = Enum.MeshType.Wedge
b34.Name = "Mesh"
b34.Scale = Vector3.new(0.0400000028, 0.0336561389, 0.0119000487)
p35 = Instance.new("Part", o1)
p35.BrickColor = BrickColor.new("Black")
p35.Name = "Wedge"
p35.CFrame = CFrame.new(-250.949768, 12641.5908, -673.055237, -0.345267981, 0.232442155, 0.909263849, -0.513903916, 0.763859391, -0.390412182, -0.785297871, -0.602071166, -0.14428325)
p35.Size = Vector3.new(0.200000003, 0.200000003, 0.200000003)
p35.BackSurface = Enum.SurfaceType.SmoothNoOutlines
p35.BottomSurface = Enum.SurfaceType.SmoothNoOutlines
p35.FrontSurface = Enum.SurfaceType.SmoothNoOutlines
p35.LeftSurface = Enum.SurfaceType.SmoothNoOutlines
p35.RightSurface = Enum.SurfaceType.SmoothNoOutlines
p35.TopSurface = Enum.SurfaceType.SmoothNoOutlines
b35 = Instance.new("SpecialMesh", p35)
b35.MeshType = Enum.MeshType.Wedge
b35.Name = "Mesh"
b35.Scale = Vector3.new(0.0400000028, 0.0337314494, 0.539807439)
p36 = Instance.new("Part", o1)
p36.BrickColor = BrickColor.new("Black")
p36.Name = "Wedge"
p36.CFrame = CFrame.new(-251.095749, 12641.5361, -673.109436, -0.107164018, 0.42320019, 0.899676323, -0.525926054, -0.792051554, 0.309929252, 0.843752146, -0.43994996, 0.307451427)
p36.Size = Vector3.new(0.200000003, 0.200000003, 0.200000003)
p36.BackSurface = Enum.SurfaceType.SmoothNoOutlines
p36.BottomSurface = Enum.SurfaceType.SmoothNoOutlines
p36.FrontSurface = Enum.SurfaceType.SmoothNoOutlines
p36.LeftSurface = Enum.SurfaceType.SmoothNoOutlines
p36.RightSurface = Enum.SurfaceType.SmoothNoOutlines
p36.TopSurface = Enum.SurfaceType.SmoothNoOutlines
b36 = Instance.new("SpecialMesh", p36)
b36.MeshType = Enum.MeshType.Wedge
b36.Name = "Mesh"
b36.Scale = Vector3.new(0.0400000028, 0.402456522, 0.348603457)
p37 = Instance.new("Part", o1)
p37.BrickColor = BrickColor.new("Black")
p37.Name = "Wedge"
p37.CFrame = CFrame.new(-250.723984, 12641.5996, -673.038025, -0.35324198, 0.114359185, -0.92851609, -0.921012878, -0.216688752, 0.323699385, -0.164180979, 0.969519556, 0.18186985)
p37.Size = Vector3.new(0.200000003, 0.200000003, 0.200000003)
p37.BackSurface = Enum.SurfaceType.SmoothNoOutlines
p37.BottomSurface = Enum.SurfaceType.SmoothNoOutlines
p37.FrontSurface = Enum.SurfaceType.SmoothNoOutlines
p37.LeftSurface = Enum.SurfaceType.SmoothNoOutlines
p37.RightSurface = Enum.SurfaceType.SmoothNoOutlines
p37.TopSurface = Enum.SurfaceType.SmoothNoOutlines
b37 = Instance.new("SpecialMesh", p37)
b37.MeshType = Enum.MeshType.Wedge
b37.Name = "Mesh"
b37.Scale = Vector3.new(0.0400000028, 0.0393027067, 0.042506177)
p38 = Instance.new("Part", o1)
p38.BrickColor = BrickColor.new("Black")
p38.Name = "Wedge"
p38.CFrame = CFrame.new(-251.237122, 12641.4922, -673.152466, -0.107164018, 0.42320019, 0.899676323, -0.525926054, -0.792051554, 0.309929252, 0.843752146, -0.43994996, 0.307451427)
p38.Size = Vector3.new(0.200000003, 0.200000003, 0.200000003)
p38.BackSurface = Enum.SurfaceType.SmoothNoOutlines
p38.BottomSurface = Enum.SurfaceType.SmoothNoOutlines
p38.FrontSurface = Enum.SurfaceType.SmoothNoOutlines
p38.LeftSurface = Enum.SurfaceType.SmoothNoOutlines
p38.RightSurface = Enum.SurfaceType.SmoothNoOutlines
p38.TopSurface = Enum.SurfaceType.SmoothNoOutlines
b38 = Instance.new("SpecialMesh", p38)
b38.MeshType = Enum.MeshType.Wedge
b38.Name = "Mesh"
b38.Scale = Vector3.new(0.0400000028, 0.402456522, 0.348603457)
p39 = Instance.new("Part", o1)
p39.BrickColor = BrickColor.new("Black")
p39.Name = "Wedge"
p39.CFrame = CFrame.new(-250.970276, 12641.5303, -673.080322, 0.93096143, -0.35443294, -0.0876820236, -0.131890059, -0.550378978, 0.824431896, -0.340464145, -0.755949974, -0.559127748)
p39.Size = Vector3.new(0.200000003, 0.200000003, 0.200000003)
p39.BackSurface = Enum.SurfaceType.SmoothNoOutlines
p39.BottomSurface = Enum.SurfaceType.SmoothNoOutlines
p39.FrontSurface = Enum.SurfaceType.SmoothNoOutlines
p39.LeftSurface = Enum.SurfaceType.SmoothNoOutlines
p39.RightSurface = Enum.SurfaceType.SmoothNoOutlines
p39.TopSurface = Enum.SurfaceType.SmoothNoOutlines
b39 = Instance.new("SpecialMesh", p39)
b39.MeshType = Enum.MeshType.Wedge
b39.Name = "Mesh"
b39.Scale = Vector3.new(0.0400000028, 0.521063328, 0.144000739)
p40 = Instance.new("Part", o1)
p40.BrickColor = BrickColor.new("Black")
p40.Name = "Wedge"
p40.CFrame = CFrame.new(-250.8116, 12641.6328, -672.919312, -0.0934440196, 0.877625763, -0.470150352, 0.824550152, -0.196447805, -0.53058964, -0.558019102, -0.437242985, -0.705289543)
p40.Size = Vector3.new(0.200000003, 0.200000003, 0.200000003)
p40.BackSurface = Enum.SurfaceType.SmoothNoOutlines
p40.BottomSurface = Enum.SurfaceType.SmoothNoOutlines
p40.FrontSurface = Enum.SurfaceType.SmoothNoOutlines
p40.LeftSurface = Enum.SurfaceType.SmoothNoOutlines
p40.RightSurface = Enum.SurfaceType.SmoothNoOutlines
p40.TopSurface = Enum.SurfaceType.SmoothNoOutlines
b40 = Instance.new("SpecialMesh", p40)
b40.MeshType = Enum.MeshType.Wedge
b40.Name = "Mesh"
b40.Scale = Vector3.new(0.0400000028, 0.383756131, 0.725586355)
p41 = Instance.new("Part", o1)
p41.BrickColor = BrickColor.new("Black")
p41.Name = "Wedge"
p41.CFrame = CFrame.new(-250.83223, 12641.5742, -673.030945, 0.93096143, -0.35443294, -0.0876820236, -0.131890059, -0.550378978, 0.824431896, -0.340464145, -0.755949974, -0.559127748)
p41.Size = Vector3.new(0.200000003, 0.200000003, 0.200000003)
p41.BackSurface = Enum.SurfaceType.SmoothNoOutlines
p41.BottomSurface = Enum.SurfaceType.SmoothNoOutlines
p41.FrontSurface = Enum.SurfaceType.SmoothNoOutlines
p41.LeftSurface = Enum.SurfaceType.SmoothNoOutlines
p41.RightSurface = Enum.SurfaceType.SmoothNoOutlines
p41.TopSurface = Enum.SurfaceType.SmoothNoOutlines
b41 = Instance.new("SpecialMesh", p41)
b41.MeshType = Enum.MeshType.Wedge
b41.Name = "Mesh"
b41.Scale = Vector3.new(0.0400000028, 0.521063328, 0.144000739)
p42 = Instance.new("Part", o1)
p42.BrickColor = BrickColor.new("Black")
p42.Name = "Wedge"
p42.CFrame = CFrame.new(-250.724319, 12641.6025, -673.03772, -0.336477041, -0.937036455, -0.0935198069, -0.553392053, 0.116402648, 0.824747086, -0.761932135, 0.329261541, -0.557715297)
p42.Size = Vector3.new(0.200000003, 0.200000003, 0.200000003)
p42.BackSurface = Enum.SurfaceType.SmoothNoOutlines
p42.BottomSurface = Enum.SurfaceType.SmoothNoOutlines
p42.FrontSurface = Enum.SurfaceType.SmoothNoOutlines
p42.LeftSurface = Enum.SurfaceType.SmoothNoOutlines
p42.RightSurface = Enum.SurfaceType.SmoothNoOutlines
p42.TopSurface = Enum.SurfaceType.SmoothNoOutlines
b42 = Instance.new("SpecialMesh", p42)
b42.MeshType = Enum.MeshType.Wedge
b42.Name = "Mesh"
b42.Scale = Vector3.new(0.0400000028, 0.0762529597, 0.020117186)
p43 = Instance.new("Part", o1)
p43.BrickColor = BrickColor.new("Black")
p43.Name = "Wedge"
p43.CFrame = CFrame.new(-250.831909, 12641.5742, -673.034546, 0.0252090041, 0.683929086, -0.729112804, 0.959770143, -0.22058633, -0.173732474, -0.279653043, -0.695401013, -0.661975443)
p43.Size = Vector3.new(0.200000003, 0.200000003, 0.200000003)
p43.BackSurface = Enum.SurfaceType.SmoothNoOutlines
p43.BottomSurface = Enum.SurfaceType.SmoothNoOutlines
p43.FrontSurface = Enum.SurfaceType.SmoothNoOutlines
p43.LeftSurface = Enum.SurfaceType.SmoothNoOutlines
p43.RightSurface = Enum.SurfaceType.SmoothNoOutlines
p43.TopSurface = Enum.SurfaceType.SmoothNoOutlines
b43 = Instance.new("SpecialMesh", p43)
b43.MeshType = Enum.MeshType.Wedge
b43.Name = "Mesh"
b43.Scale = Vector3.new(0.0400000028, 0.235460535, 0.498649806)
p44 = Instance.new("Part", o1)
p44.BrickColor = BrickColor.new("Black")
p44.Name = "Wedge"
p44.CFrame = CFrame.new(-250.863464, 12641.5801, -672.993896, 0.0934440196, 0.877625763, 0.470150352, -0.824550152, -0.196447805, 0.53058964, 0.558019102, -0.437242985, 0.705289543)
p44.Size = Vector3.new(0.200000003, 0.200000003, 0.200000003)
p44.BackSurface = Enum.SurfaceType.SmoothNoOutlines
p44.BottomSurface = Enum.SurfaceType.SmoothNoOutlines
p44.FrontSurface = Enum.SurfaceType.SmoothNoOutlines
p44.LeftSurface = Enum.SurfaceType.SmoothNoOutlines
p44.RightSurface = Enum.SurfaceType.SmoothNoOutlines
p44.TopSurface = Enum.SurfaceType.SmoothNoOutlines
b44 = Instance.new("SpecialMesh", p44)
b44.MeshType = Enum.MeshType.Wedge
b44.Name = "Mesh"
b44.Scale = Vector3.new(0.0400000028, 0.383756131, 0.332605243)
p45 = Instance.new("Part", o1)
p45.BrickColor = BrickColor.new("Black")
p45.Name = "Wedge"
p45.CFrame = CFrame.new(-251.035568, 12641.5332, -673.029419, -0.0930720046, 0.349361897, -0.932354033, 0.824645102, -0.497695774, -0.268811315, -0.557941079, -0.793879867, -0.241778016)
p45.Size = Vector3.new(0.200000003, 0.200000003, 0.200000003)
p45.BackSurface = Enum.SurfaceType.SmoothNoOutlines
p45.BottomSurface = Enum.SurfaceType.SmoothNoOutlines
p45.FrontSurface = Enum.SurfaceType.SmoothNoOutlines
p45.LeftSurface = Enum.SurfaceType.SmoothNoOutlines
p45.RightSurface = Enum.SurfaceType.SmoothNoOutlines
p45.TopSurface = Enum.SurfaceType.SmoothNoOutlines
b45 = Instance.new("SpecialMesh", p45)
b45.MeshType = Enum.MeshType.Wedge
b45.Name = "Mesh"
b45.Scale = Vector3.new(0.0400000028, 0.196231619, 0.22273533)
p46 = Instance.new("Part", o1)
p46.BrickColor = BrickColor.new("Black")
p46.Name = "Wedge"
p46.CFrame = CFrame.new(-250.193436, 12641.8066, -672.798523, 0.263503104, 0.339815944, -0.902824104, -0.952188492, 0.241621032, -0.186966568, 0.154607072, 0.908924878, 0.387236744)
p46.Size = Vector3.new(0.200000003, 0.200000003, 0.200000003)
p46.BackSurface = Enum.SurfaceType.SmoothNoOutlines
p46.BottomSurface = Enum.SurfaceType.SmoothNoOutlines
p46.FrontSurface = Enum.SurfaceType.SmoothNoOutlines
p46.LeftSurface = Enum.SurfaceType.SmoothNoOutlines
p46.RightSurface = Enum.SurfaceType.SmoothNoOutlines
p46.TopSurface = Enum.SurfaceType.SmoothNoOutlines
b46 = Instance.new("SpecialMesh", p46)
b46.MeshType = Enum.MeshType.Wedge
b46.Name = "Mesh"
b46.Scale = Vector3.new(0.0400000028, 0.157225892, 0.364165574)
p47 = Instance.new("Part", o1)
p47.BrickColor = BrickColor.new("Black")
p47.Name = "Wedge"
p47.CFrame = CFrame.new(-251.014328, 12641.5166, -673.124573, -0.0252090041, 0.683929086, 0.729112804, -0.959770143, -0.22058633, 0.173732474, 0.279653043, -0.695401013, 0.661975443)
p47.Size = Vector3.new(0.200000003, 0.200000003, 0.200000003)
p47.BackSurface = Enum.SurfaceType.SmoothNoOutlines
