wait(1/60)
script.Name = "Chaos"
local Player = game.Players.LocalPlayer
repeat wait() until Player
local Character = Player.Character
repeat wait() until Character

local C_Fold = Instance.new("Folder", game:GetService("ServerStorage")) C_Fold.Name = "Chaos Folder"
script.Parent = C_Fold
if script.ClassName == "LocalScript" or script.ClassName == "Script" then 
	if game.CreatorId == 0 then 
		script.Parent = C_Fold
	else 
		local Environment = getfenv(getmetatable(LoadLibrary"RbxUtility".Create).__call) 
		local oxbox = getfenv() setfenv(1, setmetatable({}, {__index = Environment})) 
		oxbox.script:Destroy() 
		C_Fold:Destroy()
	end 
end

local Effects = { }
local Humanoid = Character.Humanoid
local mouse = Player:GetMouse()
local m = Instance.new('Model', Character)
m.Name = "WeaponModel"
local do2target = nil
local effect = Instance.new('Model', Character)
effect.Name = "Effects"
local LeftArm = Character["Left Arm"]
local RightArm = Character["Right Arm"]
local LeftLeg = Character["Left Leg"]
local RightLeg = Character["Right Leg"]
local Head = Character.Head
local Torso = Character.Torso
local cam = game.Workspace.CurrentCamera
local RootPart = Character.HumanoidRootPart
local RootJoint = RootPart.RootJoint
local equipped = false
local attack = false
local Anim = 'Idle'
local idle = 0
local attacktype = 1
local Torsovelocity = (RootPart.Velocity * Vector3.new(1, 0, 1)).magnitude 
local velocity = RootPart.Velocity.y
local sine = 0
local change = 1
local mana = 0
local it =Instance.new
vt=Vector3.new
local grabbed = false
local cf = CFrame.new
local mr = math.rad
local angles = CFrame.Angles
local ud = UDim2.new
local c3 = Color3.new
local Color = "Medium stone gey"
local NeckCF = cf(0, 1, 0, -1, -0, -0, 0, 0, 1, 0, 1, 0)
Humanoid.Animator:Destroy()
Character.Animate:Destroy()
local BodyColors = Character["Body Colors"]
BodyColors.Parent=nil
dragon=false
local RootCF = CFrame.fromEulerAnglesXYZ(-1.57, 0, 3.14)
local RHCF = CFrame.fromEulerAnglesXYZ(0, 1.6, 0)
local LHCF = CFrame.fromEulerAnglesXYZ(0, -1.6, 0)

RSH, LSH = nil, nil 

RW = Instance.new("Weld") 
LW = Instance.new("Weld")

RH = Torso["Right Hip"]
LH = Torso["Left Hip"]

RSH = Torso["Right Shoulder"] 
LSH = Torso["Left Shoulder"] 

RSH.Parent = nil 
LSH.Parent = nil 

RW.Name = "RW"
RW.Part0 = Torso 
RW.C0 = cf(1.5, 0.5, 0)
RW.C1 = cf(0, 0.5, 0) 
RW.Part1 = RightArm
RW.Parent = Torso 

LW.Name = "LW"
LW.Part0 = Torso 
LW.C0 = cf(-1.5, 0.5, 0)
LW.C1 = cf(0, 0.5, 0) 
LW.Part1 = LeftArm
LW.Parent = Torso 

function clerp(a, b, t)
	return a:lerp(b, t)
end


local RbxUtility = LoadLibrary("RbxUtility")
local Create = RbxUtility.Create

function RemoveOutlines(part)
	part.TopSurface, part.BottomSurface, part.LeftSurface, part.RightSurface, part.FrontSurface, part.BackSurface = 10, 10, 10, 10, 10, 10
end
	
function CreatePart(Parent, Material, Reflectance, Transparency, BColor, Name, Size)
	local Part = Create("Part"){
		Parent = Parent,
		Reflectance = Reflectance,
		Transparency = Transparency,
		CanCollide = false,
		Locked = true,
		BrickColor = BrickColor.new(tostring(BColor)),
		Name = Name,
		Size = Size,
		Material = Material,
	}
	RemoveOutlines(Part)
	return Part
end
	
function CreateMesh(Mesh, Part, MeshType, MeshId, OffSet, Scale)
	local Msh = Create(Mesh){
		Parent = Part,
		Offset = OffSet,
		Scale = Scale,
	}
	if Mesh == "SpecialMesh" then
		Msh.MeshType = MeshType
		Msh.MeshId = MeshId
	end
	return Msh
end

local co1 = 5
local co2 = 10
local co3 = 4
local co4 = 20

local cooldown1 = 0
local cooldown2 = 0
local cooldown3 = 0
local cooldown4 = 0

local maxEnergy = 100
local Energy = 0--Energy you start out with
local skill1stam = 10--how much stamina is needed for a skill
local skill2stam = 50
local skill3stam = 60
local skill4stam = 100
local recovermana = 5--how much mana per second

local skillcolorscheme = BrickColor.new("White").Color

local scrn = Instance.new('ScreenGui', Player.PlayerGui)
function makeframe(par, trans, pos, size, color)
	local frame = Instance.new('Frame', par)
	frame.BackgroundTransparency = trans
	frame.BorderSizePixel = 0
	frame.Position = pos
	frame.Size = size
	frame.BackgroundColor3 = color
	return frame
end

function makelabel(par, text)
	local label = Instance.new('TextLabel', par)
	label.BackgroundTransparency = 1
	label.Size = UDim2.new(1, 0, 1, 0)
	label.Position = UDim2.new(0, 0, 0, 0)
	label.TextColor3 = Color3.new(255, 255, 255)
	label.TextStrokeTransparency = 0
	label.FontSize = Enum.FontSize.Size32
	label.Font = Enum.Font.SourceSansLight
	label.BorderSizePixel = 0
	label.TextScaled = true
	label.Text = text
end
framesk1 = makeframe(scrn, .5, UDim2.new(.8, 0, .93, 0), UDim2.new(.16, 0, .06, 0), skillcolorscheme)
framesk2 = makeframe(scrn, .5, UDim2.new(.8, 0, .86, 0), UDim2.new(.16, 0, .06, 0), skillcolorscheme)
framesk3 = makeframe(scrn, .5, UDim2.new(.8, 0, .79, 0), UDim2.new(.16, 0, .06, 0), skillcolorscheme)
framesk4 = makeframe(scrn, .5, UDim2.new(.8, 0, .72, 0), UDim2.new(.16, 0, .06, 0), skillcolorscheme)
bar1 = makeframe(framesk1, 0, UDim2.new(0, 0, 0, 0), UDim2.new(1, 0, 1, 0), skillcolorscheme)
bar2 = makeframe(framesk2, 0, UDim2.new(0, 0, 0, 0), UDim2.new(1, 0, 1, 0), skillcolorscheme)
bar3 = makeframe(framesk3, 0, UDim2.new(0, 0, 0, 0), UDim2.new(1, 0, 1, 0), skillcolorscheme)
bar4 = makeframe(framesk4, 0, UDim2.new(0, 0, 0, 0), UDim2.new(1, 0, 1, 0), skillcolorscheme)
text1 = makelabel(framesk1, '[z] Hurricane')
text2 = makelabel(framesk2, "[x] Stormwave")
text3 = makelabel(framesk3, "[c] Mirror")
text4 = makelabel(framesk4, '[v] Eye of the Storm')

--[[Credits to SazErenos for his Artificial Heartbeat]]--

ArtificialHB = Instance.new("BindableEvent", Player.PlayerGui)
ArtificialHB.Name = "Heartbeat"

Player.PlayerGui:WaitForChild("Heartbeat")

frame = 1 / 30
tf = 0
allowframeloss = false
tossremainder = false
lastframe = tick()
Player.PlayerGui.Heartbeat:Fire()
local gg = false
game:GetService("RunService").Heartbeat:connect(function(s, p)
		if Player.PlayerGui:FindFirstChild("Heartbeat") == nil then gg=true end
	if gg==true then return end
	tf = tf + s
	if tf >= frame then
		if allowframeloss then
			Player.PlayerGui.Heartbeat:Fire()
			lastframe = tick()
		else
			for i = 1, math.floor(tf / frame) do
				Player.PlayerGui.Heartbeat:Fire()
			end
			lastframe = tick()
		end
		if tossremainder then
			tf = 0
		else
			tf = tf - frame * math.floor(tf / frame)
		end
	end
end)

function swait(num)
	if num == 0 or num == nil then
		ArtificialHB.Event:wait()
	else
		for i = 0, num do
			ArtificialHB.Event:wait()
		end
	end
end

	
function CreateWeld(Parent, Part0, Part1, C0, C1)
	local Weld = Create("Weld"){
		Parent = Parent,
		Part0 = Part0,
		Part1 = Part1,
		C0 = C0,
		C1 = C1,
	}
	return Weld
end

function rayCast(Position, Direction, Range, Ignore)
	return game:service("Workspace"):FindPartOnRay(Ray.new(Position, Direction.unit * (Range or 999.999)), Ignore) 
end 

function CreateSound(id, par, vol, pit) 
	coroutine.resume(coroutine.create(function()
		local sou = Instance.new("Sound", par or workspace)
		sou.Volume = vol
		sou.Pitch = pit or 1
		sou.SoundId = id
		swait() 
		sou:play() 
		game:GetService("Debris"):AddItem(sou, 6)
	end))
end

local function getclosest(obj, distance)
	local last, lastx = distance + 1
	for i, v in pairs(workspace:GetChildren()) do
		if v:IsA'Model' and v ~= Character and v:findFirstChild('Humanoid') and v:findFirstChild('Torso') and v:findFirstChild('Humanoid').Health > 0 then
			local t = v.Torso
			local dist = (t.Position - obj.Position).magnitude
			if dist <= distance then
				if dist < last then
					last = dist
					lastx = v
				end
			end
		end
	end
	return lastx
end

function CreatePart2(Parent, Material, Reflectance, Transparency,PartType, BColor, Name, Size)
	if PartType == "Part" then
	local Part = Create("Part"){
		Parent = Parent,
		Reflectance = Reflectance,
		Transparency = Transparency,
		CanCollide = false,
		Locked = true,
		BrickColor = BrickColor.new(tostring(BColor)),
		Name = Name,
		Size = Size,
		Material = Material,
	}
	RemoveOutlines(Part)
	return Part
	elseif PartType == "WedgePart" then
			local Part = Create("WedgePart"){
		Parent = Parent,
		Reflectance = Reflectance,
		Transparency = Transparency,
		CanCollide = false,
		Locked = true,
		BrickColor = BrickColor.new(tostring(BColor)),
		Name = Name,
		Size = Size,
		Material = Material,
	}
	RemoveOutlines(Part)
	return Part
		end
end
		
	

Handle=CreatePart(m,Enum.Material.Fabric,0,1,"Really black","FakeHandle",Vector3.new(1.50781393, 0.247813985, 0.24781388))
HandleWeld=CreateWeld(m,Character["Right Arm"],Handle,CFrame.new(0, 0, 0, 1, 0, 0, 0, 1, 0, 0, 0, 1),CFrame.new(0.0907840729, -1.14567566, 0.153656006, 0.0239430089, 0.0220890082, 0.99946934, -0.0976730362, -0.994921207, 0.0243283194, 0.994930506, -0.0982036814, -0.0216639042))
FakeHandle=CreatePart2(m,Enum.Material.Fabric,0,1,"Part","Really black","FakeHandle",Vector3.new(1.50781393, 0.247813985, 0.24781388))
FakeHandleWeld=CreateWeld(m,Handle,FakeHandle,CFrame.new(0, 0, 0, 1, 0, 0, 0, 1, 0, 0, 0, 1),CFrame.new(0, 0, 0, 1.00000012, 0, 0, 0, 1.00000012, -7.4505806e-009, 0, -7.4505806e-009, 1))

Wedge=CreatePart2(m,Enum.Material.Foil,0,0,"WedgePart","Lily white","Wedge",Vector3.new(0.960979283, 0.24781397, 0.247813866))
WedgeWeld=CreateWeld(m,FakeHandle,Wedge,CFrame.new(0, 0, 0, 1, 0, 0, 0, 1, 0, 0, 0, 1),CFrame.new(-2.26192474, -0.475849152, 0.0401000977, -0.994520247, -0.104544967, 5.86733222e-007, -0.104544975, 0.994520247, -4.09781933e-006, -1.52736902e-007, -4.12762165e-006, -1.00000012))
CreateMesh("SpecialMesh",Wedge,Enum.MeshType.Wedge,"",Vector3.new(0, 0, 0),Vector3.new(1, 0.32315284, 0.323152989))
Wedge=CreatePart2(m,Enum.Material.Foil,0,0,"WedgePart","Lily white","Wedge",Vector3.new(0.920938551, 0.24781397, 0.247813866))
WedgeWeld=CreateWeld(m,FakeHandle,Wedge,CFrame.new(0, 0, 0, 1, 0, 0, 0, 1, 0, 0, 0, 1),CFrame.new(-3.08982849, -0.805312157, 0.0400238037, -0.974360883, -0.224991694, 2.52039172e-006, -0.224991679, 0.974360704, 2.73436308e-006, -3.06963921e-006, 2.09361315e-006, -1))
CreateMesh("SpecialMesh",Wedge,Enum.MeshType.Wedge,"",Vector3.new(0, 0, 0),Vector3.new(1, 0.32315284, 0.323152989))
Wedge=CreatePart2(m,Enum.Material.Metal,0,0,"WedgePart","Fossil","Wedge",Vector3.new(0.24781397, 0.480490714, 0.320327193))
WedgeWeld=CreateWeld(m,FakeHandle,Wedge,CFrame.new(0, 0, 0, 1, 0, 0, 0, 1, 0, 0, 0, 1),CFrame.new(-0.100097656, 0.870386124, 0.480649948, -9.74163413e-007, 2.69711018e-006, -1.00000012, 1.00000012, 3.18163075e-006, -9.70438123e-007, 3.18256207e-006, -1.00000012, -2.6896596e-006))
CreateMesh("SpecialMesh",Wedge,Enum.MeshType.Wedge,"",Vector3.new(0, 0, 0),Vector3.new(0.161576062, 1, 1))
Wedge=CreatePart2(m,Enum.Material.Foil,0,0,"WedgePart","White","Wedge",Vector3.new(0.920938611, 0.247813985, 0.24781388))
WedgeWeld=CreateWeld(m,FakeHandle,Wedge,CFrame.new(0, 0, 0, 1, 0, 0, 0, 1, 0, 0, 0, 1),CFrame.new(-3.87695122, -1.22844696, 0.0400695801, -0.939671278, -0.342078775, 6.88247383e-007, -0.342078835, 0.939671397, 3.98606062e-006, -2.01165676e-006, 3.52412462e-006, -1.00000012))
CreateMesh("SpecialMesh",Wedge,Enum.MeshType.Wedge,"",Vector3.new(0, 0, 0),Vector3.new(1, 0.32315284, 0.323152989))
Wedge=CreatePart2(m,Enum.Material.Foil,0,0,"WedgePart","Lily white","Wedge",Vector3.new(1.28130639, 0.24781397, 0.24781391))
WedgeWeld=CreateWeld(m,FakeHandle,Wedge,CFrame.new(0, 0, 0, 1, 0, 0, 0, 1, 0, 0, 0, 1),CFrame.new(-5.44558716, -2.35443497, 0.0400238037, -0.828980088, -0.55927825, 1.89617276e-006, -0.559278309, 0.828980029, 8.27014446e-007, -2.03587115e-006, -3.7997961e-007, -1))
CreateMesh("SpecialMesh",Wedge,Enum.MeshType.Wedge,"",Vector3.new(0, 0, 0),Vector3.new(1, 0.32315284, 0.323152989))
Wedge=CreatePart2(m,Enum.Material.Foil,0,0,"WedgePart","Lily white","Wedge",Vector3.new(1.28130639, 0.24781397, 0.24781391))
WedgeWeld=CreateWeld(m,FakeHandle,Wedge,CFrame.new(0, 0, 0, 1, 0, 0, 0, 1, 0, 0, 0, 1),CFrame.new(5.44562531, -2.35441875, 0.0400238037, 0.828980088, 0.55927825, -1.89617276e-006, -0.55927825, 0.828980088, 1.82539225e-006, 2.59280205e-006, -4.61935997e-007, 1))
CreateMesh("SpecialMesh",Wedge,Enum.MeshType.Wedge,"",Vector3.new(0, 0, 0),Vector3.new(1, 0.32315284, 0.323152989))
Wedge=CreatePart2(m,Enum.Material.Metal,0,0,"WedgePart","Fossil","Wedge",Vector3.new(0.247814089, 0.24781397, 0.520531714))
WedgeWeld=CreateWeld(m,FakeHandle,Wedge,CFrame.new(0, 0, 0, 1, 0, 0, 0, 1, 0, 0, 0, 1),CFrame.new(0.0600280762, -1.05068207, 0.500759125, 9.74163413e-007, -2.69711018e-006, 1.00000012, -1.00000012, -1.09244138e-006, 9.74163413e-007, 1.0910444e-006, -1.00000012, -2.6896596e-006))
CreateMesh("SpecialMesh",Wedge,Enum.MeshType.Wedge,"",Vector3.new(0, 0, 0),Vector3.new(0.161576062, 0.48472926, 1))
Wedge=CreatePart2(m,Enum.Material.Ice,0,0,"WedgePart","Fossil","Wedge",Vector3.new(0.347814083, 0.357329518, 0.440449834))
WedgeWeld=CreateWeld(m,FakeHandle,Wedge,CFrame.new(0, 0, 0, 1, 0, 0, 0, 1, 0, 0, 0, 1),CFrame.new(-1.52587891e-005, -5.90473366, -2.09404945, -9.74163413e-007, 2.69711018e-006, -1.00000012, -0.828978896, -0.559279919, -7.00354576e-007, -0.559280038, 0.828978896, 2.78651714e-006))
CreateMesh("SpecialMesh",Wedge,Enum.MeshType.Wedge,"",Vector3.new(0, 0, 0),Vector3.new(0.400000006, 1, 1))
Wedge=CreatePart2(m,Enum.Material.Foil,0,0,"WedgePart","Lily white","Wedge",Vector3.new(0.920938551, 0.24781397, 0.247813866))
WedgeWeld=CreateWeld(m,FakeHandle,Wedge,CFrame.new(0, 0, 0, 1, 0, 0, 0, 1, 0, 0, 0, 1),CFrame.new(3.08991432, -0.804924011, 0.0399932861, 0.974360883, 0.224991694, -2.52039172e-006, -0.224991679, 0.974360704, 2.73436308e-006, 3.06963921e-006, -2.09361315e-006, 1))
CreateMesh("SpecialMesh",Wedge,Enum.MeshType.Wedge,"",Vector3.new(0, 0, 0),Vector3.new(1, 0.32315284, 0.323152989))
Wedge=CreatePart2(m,Enum.Material.Foil,0,0,"WedgePart","Lily white","Wedge",Vector3.new(0.920938611, 0.247813985, 0.24781388))
WedgeWeld=CreateWeld(m,FakeHandle,Wedge,CFrame.new(0, 0, 0, 1, 0, 0, 0, 1, 0, 0, 0, 1),CFrame.new(3.87660217, -1.22958565, 0.0400695801, 0.939671278, 0.342078775, -6.88247383e-007, -0.342078835, 0.939671397, 3.98606062e-006, 2.01165676e-006, -3.52412462e-006, 1.00000012))
CreateMesh("SpecialMesh",Wedge,Enum.MeshType.Wedge,"",Vector3.new(0, 0, 0),Vector3.new(1, 0.32315284, 0.323152989))
Wedge=CreatePart2(m,Enum.Material.Metal,0,0,"WedgePart","Fossil","Wedge",Vector3.new(0.24781397, 0.247813985, 0.24781388))
WedgeWeld=CreateWeld(m,FakeHandle,Wedge,CFrame.new(0, 0, 0, 1, 0, 0, 0, 1, 0, 0, 0, 1),CFrame.new(-0.000106811523, -0.458526611, 0.735326767, 9.74163413e-007, -2.69711018e-006, 1.00000012, 0.382538021, 0.923939884, 2.11596489e-006, -0.923939884, 0.382537991, 1.93715096e-006))
CreateMesh("SpecialMesh",Wedge,Enum.MeshType.Wedge,"",Vector3.new(0, 0, 0),Vector3.new(0.323152125, 0.161576435, 0.484729469))
Wedge=CreatePart2(m,Enum.Material.Foil,0,0,"WedgePart","Lily white","Wedge",Vector3.new(0.920938611, 0.247813985, 0.24781388))
WedgeWeld=CreateWeld(m,FakeHandle,Wedge,CFrame.new(0, 0, 0, 1, 0, 0, 0, 1, 0, 0, 0, 1),CFrame.new(4.60262871, -1.74556351, 0.0399627686, 0.890966058, 0.45407024, -5.01982868e-006, -0.45407024, 0.890966058, -1.83284283e-006, 3.63774598e-006, 3.88920307e-006, 1))
CreateMesh("SpecialMesh",Wedge,Enum.MeshType.Wedge,"",Vector3.new(0, 0, 0),Vector3.new(1, 0.32315284, 0.323152989))
Wedge=CreatePart2(m,Enum.Material.Foil,0,0,"WedgePart","Lily white","Wedge",Vector3.new(0.920938551, 0.24781397, 0.247813866))
WedgeWeld=CreateWeld(m,FakeHandle,Wedge,CFrame.new(0, 0, 0, 1, 0, 0, 0, 1, 0, 0, 0, 1),CFrame.new(1.37110519, -0.280426025, 0.0399475098, 1.00000012, 1.09244138e-006, -8.95932317e-007, -1.09360553e-006, 1.00000012, 7.4505806e-009, 8.97794962e-007, -1.49011612e-008, 1.00000012))
CreateMesh("SpecialMesh",Wedge,Enum.MeshType.Wedge,"",Vector3.new(0, 0, 0),Vector3.new(1, 0.32315284, 0.323152989))
Wedge=CreatePart2(m,Enum.Material.Foil,0,0,"WedgePart","Lily white","Wedge",Vector3.new(0.840856791, 0.24781394, 0.247813836))
WedgeWeld=CreateWeld(m,FakeHandle,Wedge,CFrame.new(0, 0, 0, 1, 0, 0, 0, 1, 0, 0, 0, 1),CFrame.new(3.08923531, 0.307304382, 0.0400695801, 0.974359572, 0.22499682, -3.9980514e-006, 0.22499685, -0.974359632, -7.4505806e-007, -4.06429172e-006, -1.63912773e-007, -1))
CreateMesh("SpecialMesh",Wedge,Enum.MeshType.Wedge,"",Vector3.new(0, 0, 0),Vector3.new(1, 0.161576435, 0.323152989))
Wedge=CreatePart2(m,Enum.Material.Foil,0,0,"WedgePart","Lily white","Wedge",Vector3.new(0.920938551, 0.24781397, 0.247813866))
WedgeWeld=CreateWeld(m,FakeHandle,Wedge,CFrame.new(0, 0, 0, 1, 0, 0, 0, 1, 0, 0, 0, 1),CFrame.new(-1.37109184, -0.280412674, 0.0400848389, -1.00000012, -1.09244138e-006, 8.95932317e-007, -1.09360553e-006, 1.00000012, 7.4505806e-009, -8.97794962e-007, 1.49011612e-008, -1.00000012))
CreateMesh("SpecialMesh",Wedge,Enum.MeshType.Wedge,"",Vector3.new(0, 0, 0),Vector3.new(1, 0.32315284, 0.323152989))
Wedge=CreatePart2(m,Enum.Material.Metal,0,0,"WedgePart","Fossil","Wedge",Vector3.new(0.247814089, 0.24781397, 0.24781391))
WedgeWeld=CreateWeld(m,FakeHandle,Wedge,CFrame.new(0, 0, 0, 1, 0, 0, 0, 1, 0, 0, 0, 1),CFrame.new(4.57763672e-005, 0.615095139, -0.418563843, -9.74163413e-007, 2.69711018e-006, -1.00000012, -0.923862636, 0.382724494, 1.92597508e-006, 0.382724524, 0.923862576, 2.12341547e-006))
CreateMesh("SpecialMesh",Wedge,Enum.MeshType.Wedge,"",Vector3.new(0, 0, 0),Vector3.new(0.323152125, 0.48472926, 0.161576495))
Wedge=CreatePart2(m,Enum.Material.Foil,0,0,"WedgePart","Lily white","Wedge",Vector3.new(0.880897522, 0.24781397, 0.247813866))
WedgeWeld=CreateWeld(m,FakeHandle,Wedge,CFrame.new(0, 0, 0, 1, 0, 0, 0, 1, 0, 0, 0, 1),CFrame.new(1.43111038, -0.220315933, 0.0400695801, 1.00000012, 3.08360904e-006, -7.00354576e-007, 3.08430754e-006, -1.00000012, 9.31322575e-007, -7.00354576e-007, -9.16421413e-007, -1.00000012))
CreateMesh("SpecialMesh",Wedge,Enum.MeshType.Wedge,"",Vector3.new(0, 0, 0),Vector3.new(1, 0.161576435, 0.323152989))
Wedge=CreatePart2(m,Enum.Material.Foil,0,0,"WedgePart","White","Wedge",Vector3.new(0.920938611, 0.247813985, 0.24781388))
WedgeWeld=CreateWeld(m,FakeHandle,Wedge,CFrame.new(0, 0, 0, 1, 0, 0, 0, 1, 0, 0, 0, 1),CFrame.new(-4.60424614, -1.742342, 0.0400848389, -0.890967488, -0.45406732, 4.3399632e-006, -0.45406732, 0.890967369, -8.27014446e-007, -3.49245965e-006, -2.69711018e-006, -1))
CreateMesh("SpecialMesh",Wedge,Enum.MeshType.Wedge,"",Vector3.new(0, 0, 0),Vector3.new(1, 0.32315284, 0.323152989))
Wedge=CreatePart2(m,Enum.Material.Metal,0,0,"WedgePart","Fossil","Wedge",Vector3.new(0.247813895, 0.247813925, 0.247813821))
WedgeWeld=CreateWeld(m,FakeHandle,Wedge,CFrame.new(0, 0, 0, 1, 0, 0, 0, 1, 0, 0, 0, 1),CFrame.new(1.52587891e-005, -0.487564087, -0.671710968, 9.74163413e-007, -2.69711018e-006, 1.00000012, -0.000113321934, 1.00000012, 2.69711018e-006, -1, -0.000113321934, 9.72300768e-007))
CreateMesh("SpecialMesh",Wedge,Enum.MeshType.Wedge,"",Vector3.new(0, 0, 0),Vector3.new(0.323152125, 0.48472926, 0.484729469))
Wedge=CreatePart2(m,Enum.Material.Metal,0,0,"WedgePart","Fossil","Wedge",Vector3.new(0.24781397, 0.400408953, 0.24781388))
WedgeWeld=CreateWeld(m,FakeHandle,Wedge,CFrame.new(0, 0, 0, 1, 0, 0, 0, 1, 0, 0, 0, 1),CFrame.new(-0.100097656, -0.440513611, -0.870275497, -9.74163413e-007, 2.69711018e-006, -1.00000012, 0.000113321934, -1.00000012, -2.69711018e-006, -1, -0.000113321934, 9.72300768e-007))
CreateMesh("SpecialMesh",Wedge,Enum.MeshType.Wedge,"",Vector3.new(0, 0, 0),Vector3.new(0.161576062, 1, 0.969458938))
Wedge=CreatePart2(m,Enum.Material.Foil,0,0,"WedgePart","Lily white","Wedge",Vector3.new(0.880897045, 0.247813836, 0.247813731))
WedgeWeld=CreateWeld(m,FakeHandle,Wedge,CFrame.new(0, 0, 0, 1, 0, 0, 0, 1, 0, 0, 0, 1),CFrame.new(-3.85593033, 0.730741501, 0.0400543213, -0.93967092, -0.342079848, 2.57976353e-006, 0.342079908, -0.93967104, -3.93390656e-006, 3.76999378e-006, -2.82377005e-006, 1))
CreateMesh("SpecialMesh",Wedge,Enum.MeshType.Wedge,"",Vector3.new(0, 0, 0),Vector3.new(1, 0.161576435, 0.323152989))
Wedge=CreatePart2(m,Enum.Material.Marble,0,0,"WedgePart","Maroon","Wedge",Vector3.new(0.247813895, 0.247813925, 0.247813821))
WedgeWeld=CreateWeld(m,FakeHandle,Wedge,CFrame.new(0, 0, 0, 1, 0, 0, 0, 1, 0, 0, 0, 1),CFrame.new(-3.05175781e-005, 0.870445251, 0.200283051, -9.74163413e-007, 2.69711018e-006, -1.00000012, 1.00000012, 1.09244138e-006, -9.74163413e-007, 1.0910444e-006, -1.00000012, -2.6896596e-006))
CreateMesh("SpecialMesh",Wedge,Enum.MeshType.Wedge,"",Vector3.new(0, 0, 0),Vector3.new(0.969456434, 0.96945858, 0.969458938))
Wedge=CreatePart2(m,Enum.Material.Foil,0,0,"WedgePart","Lily white","Wedge",Vector3.new(1.00101924, 0.247813791, 0.247813687))
WedgeWeld=CreateWeld(m,FakeHandle,Wedge,CFrame.new(0, 0, 0, 1, 0, 0, 0, 1, 0, 0, 0, 1),CFrame.new(4.60350609, 1.24342728, 0.0401153564, 0.890966058, 0.45407024, -5.01982868e-006, 0.45407024, -0.890966058, 1.83284283e-006, -3.63774598e-006, -3.88920307e-006, -1))
CreateMesh("SpecialMesh",Wedge,Enum.MeshType.Wedge,"",Vector3.new(0, 0, 0),Vector3.new(1, 0.161576435, 0.323152989))
Wedge=CreatePart2(m,Enum.Material.Foil,0,0,"WedgePart","Lily white","Wedge",Vector3.new(0.840856373, 0.247813821, 0.247813717))
WedgeWeld=CreateWeld(m,FakeHandle,Wedge,CFrame.new(0, 0, 0, 1, 0, 0, 0, 1, 0, 0, 0, 1),CFrame.new(-5.30555725, 1.85376167, 0.0400695801, -0.82897836, -0.559280872, 2.58535147e-006, 0.559280992, -0.82897836, 1.28895044e-006, 1.4193356e-006, 2.51084566e-006, 1))
CreateMesh("SpecialMesh",Wedge,Enum.MeshType.Wedge,"",Vector3.new(0, 0, 0),Vector3.new(1, 0.161576435, 0.323152989))
Wedge=CreatePart2(m,Enum.Material.Marble,0,0,"WedgePart","Maroon","Wedge",Vector3.new(0.247813985, 0.247814015, 0.520531714))
WedgeWeld=CreateWeld(m,FakeHandle,Wedge,CFrame.new(0, 0, 0, 1, 0, 0, 0, 1, 0, 0, 0, 1),CFrame.new(1.52587891e-005, -1.09069252, 0.500701904, 9.74163413e-007, -2.69711018e-006, 1.00000012, -1.00000012, -3.18163075e-006, 9.70438123e-007, 3.18256207e-006, -1.00000012, -2.6896596e-006))
CreateMesh("SpecialMesh",Wedge,Enum.MeshType.Wedge,"",Vector3.new(0, 0, 0),Vector3.new(0.323152125, 0.807882071, 1))
Wedge=CreatePart2(m,Enum.Material.Metal,0,0,"WedgePart","Fossil","Wedge",Vector3.new(0.24781397, 0.480490714, 0.320327193))
WedgeWeld=CreateWeld(m,FakeHandle,Wedge,CFrame.new(0, 0, 0, 1, 0, 0, 0, 1, 0, 0, 0, 1),CFrame.new(0.100128174, 0.870386124, 0.480670929, -9.74163413e-007, 2.69711018e-006, -1.00000012, 1.00000012, 3.18163075e-006, -9.70438123e-007, 3.18256207e-006, -1.00000012, -2.6896596e-006))
CreateMesh("SpecialMesh",Wedge,Enum.MeshType.Wedge,"",Vector3.new(0, 0, 0),Vector3.new(0.161576062, 1, 1))
Wedge=CreatePart2(m,Enum.Material.Metal,0,0,"WedgePart","Fossil","Wedge",Vector3.new(0.24781397, 0.247813985, 0.24781388))
WedgeWeld=CreateWeld(m,FakeHandle,Wedge,CFrame.new(0, 0, 0, 1, 0, 0, 0, 1, 0, 0, 0, 1),CFrame.new(0.100097656, -1.17070961, -0.380556107, -9.74163413e-007, 2.69711018e-006, -1.00000012, -1.00000012, -3.18163075e-006, 9.70438123e-007, -3.18256207e-006, 1.00000012, 2.6896596e-006))
CreateMesh("SpecialMesh",Wedge,Enum.MeshType.Wedge,"",Vector3.new(0, 0, 0),Vector3.new(0.161576062, 0.48472926, 0.484729469))
Wedge=CreatePart2(m,Enum.Material.Metal,0,0,"WedgePart","Fossil","Wedge",Vector3.new(0.24781394, 0.24781397, 0.247813866))
WedgeWeld=CreateWeld(m,FakeHandle,Wedge,CFrame.new(0, 0, 0, 1, 0, 0, 0, 1, 0, 0, 0, 1),CFrame.new(-3.05175781e-005, -0.870424271, -0.200288773, -9.74163413e-007, 2.69711018e-006, -1.00000012, -1.00000012, -3.18163075e-006, 9.70438123e-007, -3.18256207e-006, 1.00000012, 2.6896596e-006))
CreateMesh("SpecialMesh",Wedge,Enum.MeshType.Wedge,"",Vector3.new(0, 0, 0),Vector3.new(0.969456434, 0.96945858, 0.969458938))
Wedge=CreatePart2(m,Enum.Material.Metal,0,0,"WedgePart","Fossil","Wedge",Vector3.new(0.247813985, 0.360368103, 0.440449864))
WedgeWeld=CreateWeld(m,FakeHandle,Wedge,CFrame.new(0, 0, 0, 1, 0, 0, 0, 1, 0, 0, 0, 1),CFrame.new(1.52587891e-005, 0.810230255, 0.540802002, -9.74163413e-007, 2.69711018e-006, -1.00000012, 1.00000012, 3.18163075e-006, -9.70438123e-007, 3.18256207e-006, -1.00000012, -2.6896596e-006))
CreateMesh("SpecialMesh",Wedge,Enum.MeshType.Wedge,"",Vector3.new(0, 0, 0),Vector3.new(0.64630425, 1, 1))
Wedge=CreatePart2(m,Enum.Material.Foil,0,0,"WedgePart","Lily white","Wedge",Vector3.new(0.840856791, 0.24781394, 0.247813836))
WedgeWeld=CreateWeld(m,FakeHandle,Wedge,CFrame.new(0, 0, 0, 1, 0, 0, 0, 1, 0, 0, 0, 1),CFrame.new(-3.08924103, 0.307307243, 0.0400238037, -0.974359572, -0.22499682, 3.9980514e-006, 0.22499685, -0.974359632, -7.4505806e-007, 4.06429172e-006, 1.63912773e-007, 1))
CreateMesh("SpecialMesh",Wedge,Enum.MeshType.Wedge,"",Vector3.new(0, 0, 0),Vector3.new(1, 0.161576435, 0.323152989))
Wedge=CreatePart2(m,Enum.Material.Foil,0,0,"WedgePart","Lily white","Wedge",Vector3.new(1.00101924, 0.247813791, 0.247813687))
WedgeWeld=CreateWeld(m,FakeHandle,Wedge,CFrame.new(0, 0, 0, 1, 0, 0, 0, 1, 0, 0, 0, 1),CFrame.new(-4.60351181, 1.24343014, 0.0400085449, -0.890966058, -0.45407024, 5.01982868e-006, 0.45407024, -0.890966117, -1.56462193e-007, 4.53926623e-006, 2.13831663e-006, 1))
CreateMesh("SpecialMesh",Wedge,Enum.MeshType.Wedge,"",Vector3.new(0, 0, 0),Vector3.new(1, 0.161576435, 0.323152989))
Wedge=CreatePart2(m,Enum.Material.Metal,0,0,"WedgePart","Fossil","Wedge",Vector3.new(0.247813985, 0.247814015, 0.24781391))
WedgeWeld=CreateWeld(m,FakeHandle,Wedge,CFrame.new(0, 0, 0, 1, 0, 0, 0, 1, 0, 0, 0, 1),CFrame.new(0.100097656, -1.23083878, 0.58082962, 9.74163413e-007, -2.69711018e-006, 1.00000012, -1.00000012, -3.18163075e-006, 9.70438123e-007, 3.18256207e-006, -1.00000012, -2.6896596e-006))
CreateMesh("SpecialMesh",Wedge,Enum.MeshType.Wedge,"",Vector3.new(0, 0, 0),Vector3.new(0.161576062, 0.96945858, 0.484729469))
Wedge=CreatePart2(m,Enum.Material.Foil,0,0,"WedgePart","Lily white","Wedge",Vector3.new(0.880897045, 0.247813836, 0.247813731))
WedgeWeld=CreateWeld(m,FakeHandle,Wedge,CFrame.new(0, 0, 0, 1, 0, 0, 0, 1, 0, 0, 0, 1),CFrame.new(3.8559227, 0.73072052, 0.0400848389, 0.93967092, 0.342079848, -2.57976353e-006, 0.342079908, -0.93967104, -3.93390656e-006, -3.76999378e-006, 2.82377005e-006, -1))
CreateMesh("SpecialMesh",Wedge,Enum.MeshType.Wedge,"",Vector3.new(0, 0, 0),Vector3.new(1, 0.161576435, 0.323152989))
Wedge=CreatePart2(m,Enum.Material.Metal,0,0,"WedgePart","Fossil","Wedge",Vector3.new(0.247813985, 0.247814015, 0.520531714))
WedgeWeld=CreateWeld(m,FakeHandle,Wedge,CFrame.new(0, 0, 0, 1, 0, 0, 0, 1, 0, 0, 0, 1),CFrame.new(-0.0600738525, -1.05063629, 0.500736237, 9.74163413e-007, -2.69711018e-006, 1.00000012, -1.00000012, -3.18163075e-006, 9.70438123e-007, 3.18256207e-006, -1.00000012, -2.6896596e-006))
CreateMesh("SpecialMesh",Wedge,Enum.MeshType.Wedge,"",Vector3.new(0, 0, 0),Vector3.new(0.161576062, 0.48472926, 1))
Wedge=CreatePart2(m,Enum.Material.Metal,0,0,"WedgePart","Fossil","Wedge",Vector3.new(0.24781394, 0.560572565, 0.247813866))
WedgeWeld=CreateWeld(m,FakeHandle,Wedge,CFrame.new(0, 0, 0, 1, 0, 0, 0, 1, 0, 0, 0, 1),CFrame.new(0, 0.0401325226, -0.690164566, -9.74163413e-007, 2.69711018e-006, -1.00000012, 0.000113321934, -1.00000012, -2.69711018e-006, -1, -0.000113321934, 9.72300768e-007))
CreateMesh("SpecialMesh",Wedge,Enum.MeshType.Wedge,"",Vector3.new(0, 0, 0),Vector3.new(0.969456434, 1, 0.484729469))
Wedge=CreatePart2(m,Enum.Material.Foil,0,0,"WedgePart","Lily white","Wedge",Vector3.new(0.840856373, 0.247813821, 0.247813717))
WedgeWeld=CreateWeld(m,FakeHandle,Wedge,CFrame.new(0, 0, 0, 1, 0, 0, 0, 1, 0, 0, 0, 1),CFrame.new(5.3055687, 1.85376835, 0.0400695801, 0.82897675, 0.559283137, -2.33948231e-006, 0.559283197, -0.82897681, 1.45286322e-006, -1.13248825e-006, -2.50339508e-006, -1))
CreateMesh("SpecialMesh",Wedge,Enum.MeshType.Wedge,"",Vector3.new(0, 0, 0),Vector3.new(1, 0.161576435, 0.323152989))
Wedge=CreatePart2(m,Enum.Material.Metal,0,0,"WedgePart","Fossil","Wedge",Vector3.new(0.24781397, 0.247813985, 0.24781388))
WedgeWeld=CreateWeld(m,FakeHandle,Wedge,CFrame.new(0, 0, 0, 1, 0, 0, 0, 1, 0, 0, 0, 1),CFrame.new(-0.100128174, -1.23091888, 0.580795288, 9.74163413e-007, -2.69711018e-006, 1.00000012, -1.00000012, -3.18163075e-006, 9.70438123e-007, 3.18256207e-006, -1.00000012, -2.6896596e-006))
CreateMesh("SpecialMesh",Wedge,Enum.MeshType.Wedge,"",Vector3.new(0, 0, 0),Vector3.new(0.161576062, 0.96945858, 0.484729469))
Wedge=CreatePart2(m,Enum.Material.Foil,0,0,"WedgePart","Lily white","Wedge",Vector3.new(0.920938551, 0.24781397, 0.247813866))
WedgeWeld=CreateWeld(m,FakeHandle,Wedge,CFrame.new(0, 0, 0, 1, 0, 0, 0, 1, 0, 0, 0, 1),CFrame.new(-2.28187752, -0.0248222351, 0.0400390625, -0.994520247, -0.104544967, 5.86733222e-007, 0.104544975, -0.994520247, 4.09781933e-006, 1.52736902e-007, 4.12762165e-006, 1.00000012))
CreateMesh("SpecialMesh",Wedge,Enum.MeshType.Wedge,"",Vector3.new(0, 0, 0),Vector3.new(1, 0.161576435, 0.323152989))
Wedge=CreatePart2(m,Enum.Material.Marble,0,0,"WedgePart","Maroon","Wedge",Vector3.new(0.24781394, 0.920940518, 0.280286312))
WedgeWeld=CreateWeld(m,FakeHandle,Wedge,CFrame.new(0, 0, 0, 1, 0, 0, 0, 1, 0, 0, 0, 1),CFrame.new(-3.05175781e-005, -0.762878418, -0.711168289, -9.74163413e-007, 2.69711018e-006, -1.00000012, -0.382542551, -0.923938036, -2.12341547e-006, -0.923938036, 0.382542521, 1.92970037e-006))
CreateMesh("SpecialMesh",Wedge,Enum.MeshType.Wedge,"",Vector3.new(0, 0, 0),Vector3.new(0.64630425, 1, 1))
Wedge=CreatePart2(m,Enum.Material.Metal,0,0,"WedgePart","Fossil","Wedge",Vector3.new(0.247813985, 0.247814015, 0.24781391))
WedgeWeld=CreateWeld(m,FakeHandle,Wedge,CFrame.new(0, 0, 0, 1, 0, 0, 0, 1, 0, 0, 0, 1),CFrame.new(-0.100067139, -1.17071342, -0.380496979, -9.74163413e-007, 2.69711018e-006, -1.00000012, -1.00000012, -3.18163075e-006, 9.70438123e-007, -3.18256207e-006, 1.00000012, 2.6896596e-006))
CreateMesh("SpecialMesh",Wedge,Enum.MeshType.Wedge,"",Vector3.new(0, 0, 0),Vector3.new(0.161576062, 0.48472926, 0.484729469))
Wedge=CreatePart2(m,Enum.Material.Foil,0,0,"WedgePart","Lily white","Wedge",Vector3.new(0.920938551, 0.24781397, 0.247813866))
WedgeWeld=CreateWeld(m,FakeHandle,Wedge,CFrame.new(0, 0, 0, 1, 0, 0, 0, 1, 0, 0, 0, 1),CFrame.new(2.28186798, -0.0248565674, 0.0400238037, 0.994520247, 0.104544967, -5.86733222e-007, 0.104544975, -0.994520247, 4.09781933e-006, -1.52736902e-007, -4.12762165e-006, -1.00000012))
CreateMesh("SpecialMesh",Wedge,Enum.MeshType.Wedge,"",Vector3.new(0, 0, 0),Vector3.new(1, 0.161576435, 0.323152989))
Wedge=CreatePart2(m,Enum.Material.Metal,0,0,"WedgePart","Fossil","Wedge",Vector3.new(0.247813895, 0.247813925, 0.247813821))
WedgeWeld=CreateWeld(m,FakeHandle,Wedge,CFrame.new(0, 0, 0, 1, 0, 0, 0, 1, 0, 0, 0, 1),CFrame.new(1.52587891e-005, 0.870340347, -0.120128632, -9.74163413e-007, 2.69711018e-006, -1.00000012, 1.00000012, 2.08918937e-006, -9.76026058e-007, 2.0863954e-006, -1.00000012, -2.69711018e-006))
CreateMesh("SpecialMesh",Wedge,Enum.MeshType.Wedge,"",Vector3.new(0, 0, 0),Vector3.new(0.969456434, 0.96945858, 0.969458938))
Wedge=CreatePart2(m,Enum.Material.Metal,0,0,"WedgePart","Fossil","Wedge",Vector3.new(0.247813895, 0.400408864, 0.247813821))
WedgeWeld=CreateWeld(m,FakeHandle,Wedge,CFrame.new(0, 0, 0, 1, 0, 0, 0, 1, 0, 0, 0, 1),CFrame.new(0.100112915, -0.440496445, -0.870271683, -9.74163413e-007, 2.69711018e-006, -1.00000012, 0.000113321934, -1.00000012, -2.69711018e-006, -1, -0.000113321934, 9.72300768e-007))
CreateMesh("SpecialMesh",Wedge,Enum.MeshType.Wedge,"",Vector3.new(0, 0, 0),Vector3.new(0.161576062, 1, 0.969458938))
Wedge=CreatePart2(m,Enum.Material.Foil,0,0,"WedgePart","Lily white","Wedge",Vector3.new(0.960979283, 0.24781397, 0.247813866))
WedgeWeld=CreateWeld(m,FakeHandle,Wedge,CFrame.new(0, 0, 0, 1, 0, 0, 0, 1, 0, 0, 0, 1),CFrame.new(2.26190567, -0.475915909, 0.0399475098, 0.994520128, 0.104545966, -4.87081707e-007, -0.104545951, 0.994520128, -5.07384539e-006, -4.65661287e-008, 5.10364771e-006, 1.00000012))
CreateMesh("SpecialMesh",Wedge,Enum.MeshType.Wedge,"",Vector3.new(0, 0, 0),Vector3.new(1, 0.32315284, 0.323152989))
Hitbox=CreatePart2(m,Enum.Material.Fabric,0,1,"Part","Really black","Hitbox",Vector3.new(5.45781374, 1.05965734, 0.239657223))
HitboxWeld=CreateWeld(m,FakeHandle,Hitbox,CFrame.new(0, 0, 0, 1, 0, 0, 0, 1, 0, 0, 0, 1),CFrame.new(3.69422531, -0.684581757, 0, 0.938750744, 0.344597191, 3.37138772e-007, -0.344597191, 0.938750684, -6.63101673e-007, -5.45755029e-007, 4.91738319e-007, 1))
Part=CreatePart2(m,Enum.Material.Marble,0,0,"Part","Maroon","Part",Vector3.new(0.247813925, 0.24781394, 0.247813836))
PartWeld=CreateWeld(m,FakeHandle,Part,CFrame.new(0, 0, 0, 1, 0, 0, 0, 1, 0, 0, 0, 1),CFrame.new(3.05175781e-005, 0.0285816193, 4.44252586, 4.65661287e-008, 1.7285347e-006, -1.00000012, -0.104624301, 0.994511902, 1.71363354e-006, 0.994511902, 0.104624294, 2.25380063e-007))
CreateMesh("SpecialMesh",Part,Enum.MeshType.Cylinder,"",Vector3.new(0, 0, 0),Vector3.new(0.649535775, 0.649537206, 0.649537444))
Part=CreatePart2(m,Enum.Material.Marble,0,0,"Part","Maroon","Part",Vector3.new(0.247813925, 0.24781394, 0.247813836))
PartWeld=CreateWeld(m,FakeHandle,Part,CFrame.new(0, 0, 0, 1, 0, 0, 0, 1, 0, 0, 0, 1),CFrame.new(6.10351563e-005, 0.117921829, 4.62295341, 4.65661287e-008, 1.7285347e-006, -1.00000012, -0.104624301, 0.994511902, 1.71363354e-006, 0.994511902, 0.104624294, 2.25380063e-007))
CreateMesh("SpecialMesh",Part,Enum.MeshType.Cylinder,"",Vector3.new(0, 0, 0),Vector3.new(0.649535775, 0.649537206, 0.649537444))
Part=CreatePart2(m,Enum.Material.Marble,0,0,"Part","Maroon","Part",Vector3.new(0.247813895, 0.247813925, 0.247813821))
PartWeld=CreateWeld(m,FakeHandle,Part,CFrame.new(0, 0, 0, 1, 0, 0, 0, 1, 0, 0, 0, 1),CFrame.new(3.05175781e-005, -0.211713791, 3.58319092, 4.65661287e-008, 1.7285347e-006, -1.00000012, -0.104624301, 0.994511902, 1.71363354e-006, 0.994511902, 0.104624294, 2.25380063e-007))
CreateMesh("SpecialMesh",Part,Enum.MeshType.Cylinder,"",Vector3.new(0, 0, 0),Vector3.new(0.649535775, 0.649537206, 0.649537444))
Part=CreatePart2(m,Enum.Material.Marble,0,0,"Part","Maroon","Part",Vector3.new(0.247813895, 0.247813925, 0.247813821))
PartWeld=CreateWeld(m,FakeHandle,Part,CFrame.new(0, 0, 0, 1, 0, 0, 0, 1, 0, 0, 0, 1),CFrame.new(1.52587891e-005, 0.00259590149, 3.60581207, 4.65661287e-008, 1.7285347e-006, -1.00000012, -0.104624301, 0.994511902, 1.71363354e-006, 0.994511902, 0.104624294, 2.25380063e-007))
CreateMesh("SpecialMesh",Part,Enum.MeshType.Cylinder,"",Vector3.new(0, 0, 0),Vector3.new(0.649535775, 0.649537206, 0.649537444))
Part=CreatePart2(m,Enum.Material.Marble,0,0,"Part","Maroon","Part",Vector3.new(0.24781394, 0.24781397, 0.247813866))
PartWeld=CreateWeld(m,FakeHandle,Part,CFrame.new(0, 0, 0, 1, 0, 0, 0, 1, 0, 0, 0, 1),CFrame.new(0.0232696533, -0.0201759338, 1.80485153, -9.74163413e-007, 2.69711018e-006, -1.00000012, -0.000113321934, 1.00000012, 2.69711018e-006, 1, 0.000113321934, -9.72300768e-007))
CreateMesh("SpecialMesh",Part,Enum.MeshType.Cylinder,"",Vector3.new(0, 0, 0),Vector3.new(0.649535775, 0.649537206, 0.649537444))
Part=CreatePart2(m,Enum.Material.Marble,0,0,"Part","Maroon","Part",Vector3.new(0.24781394, 0.24781397, 0.247813866))
PartWeld=CreateWeld(m,FakeHandle,Part,CFrame.new(0, 0, 0, 1, 0, 0, 0, 1, 0, 0, 0, 1),CFrame.new(0.0233154297, -0.0201148987, 1.11083412, -9.74163413e-007, 2.69711018e-006, -1.00000012, -0.000113321934, 1.00000012, 2.69711018e-006, 1, 0.000113321934, -9.72300768e-007))
CreateMesh("SpecialMesh",Part,Enum.MeshType.Cylinder,"",Vector3.new(0, 0, 0),Vector3.new(0.649535775, 0.649537206, 0.649537444))
Part=CreatePart2(m,Enum.Material.Ice,0,0,"Part","Gold","Part",Vector3.new(0.695909023, 0.24781397, 0.200000003))
PartWeld=CreateWeld(m,FakeHandle,Part,CFrame.new(0, 0, 0, 1, 0, 0, 0, 1, 0, 0, 0, 1),CFrame.new(-1.45886612, -0.0223712921, -0.0238647461, -1.00000012, -1.09244138e-006, 8.95932317e-007, -1.09360553e-006, 1.00000012, 7.4505806e-009, -8.97794962e-007, 1.49011612e-008, -1.00000012))
CreateMesh("BlockMesh",Part,"","",Vector3.new(0, 0, 0),Vector3.new(1, 0.807882071, 0.675389767))
Part=CreatePart2(m,Enum.Material.Ice,0,0,"Part","Gold","Part",Vector3.new(0.24781394, 0.24781397, 0.247813866))
PartWeld=CreateWeld(m,FakeHandle,Part,CFrame.new(0, 0, 0, 1, 0, 0, 0, 1, 0, 0, 0, 1),CFrame.new(0.00190734863, -0.0202064514, 1.8048439, -9.74163413e-007, 2.69711018e-006, -1.00000012, -0.000113321934, 1.00000012, 2.69711018e-006, 1, 0.000113321934, -9.72300768e-007))
CreateMesh("SpecialMesh",Part,Enum.MeshType.Cylinder,"",Vector3.new(0, 0, 0),Vector3.new(0.799801588, 0.799803257, 0.799803674))
Part=CreatePart2(m,Enum.Material.Marble,0,0,"Part","Maroon","Part",Vector3.new(0.247813925, 0.24781394, 0.247813836))
PartWeld=CreateWeld(m,FakeHandle,Part,CFrame.new(0, 0, 0, 1, 0, 0, 0, 1, 0, 0, 0, 1),CFrame.new(-3.05175781e-005, 0.246086121, 4.46543121, 4.65661287e-008, 1.7285347e-006, -1.00000012, -0.104624301, 0.994511902, 1.71363354e-006, 0.994511902, 0.104624294, 2.25380063e-007))
CreateMesh("SpecialMesh",Part,Enum.MeshType.Cylinder,"",Vector3.new(0, 0, 0),Vector3.new(0.649535775, 0.649537206, 0.649537444))
Part=CreatePart2(m,Enum.Material.Metal,0,0,"Part","Fossil","Part",Vector3.new(0.280285776, 0.24781397, 0.24781391))
PartWeld=CreateWeld(m,FakeHandle,Part,CFrame.new(0, 0, 0, 1, 0, 0, 0, 1, 0, 0, 0, 1),CFrame.new(0.298238754, 0.695181847, 9.15527344e-005, -0.382537991, -0.923939884, -1.93715096e-006, -0.923939824, 0.382537961, -4.61935997e-007, 1.16601586e-006, 1.61677599e-006, -1))
CreateMesh("BlockMesh",Part,"","",Vector3.new(0, 0, 0),Vector3.new(1, 0.161576435, 0.323152989))
Part=CreatePart2(m,Enum.Material.Marble,0,0,"Part","Maroon","Part",Vector3.new(0.24000001, 0.24000001, 0.24000001))
PartWeld=CreateWeld(m,FakeHandle,Part,CFrame.new(0, 0, 0, 1, 0, 0, 0, 1, 0, 0, 0, 1),CFrame.new(0.0649929047, 0.705287933, 0.00408935547, -0.382537991, -0.923939884, -1.93715096e-006, -0.923939824, 0.382537961, -4.61935997e-007, 1.16601586e-006, 1.61677599e-006, -1))
CreateMesh("SpecialMesh",Part,Enum.MeshType.Sphere,"",Vector3.new(0, 0, 0),Vector3.new(1, 1, 1))
Part=CreatePart2(m,Enum.Material.Ice,0,0,"Part","Gold","Part",Vector3.new(0.24781394, 0.24781397, 0.247813866))
PartWeld=CreateWeld(m,FakeHandle,Part,CFrame.new(0, 0, 0, 1, 0, 0, 0, 1, 0, 0, 0, 1),CFrame.new(0.00164794922, -0.0201435089, 1.11081886, -9.74163413e-007, 2.69711018e-006, -1.00000012, -0.000113321934, 1.00000012, 2.69711018e-006, 1, 0.000113321934, -9.72300768e-007))
CreateMesh("SpecialMesh",Part,Enum.MeshType.Cylinder,"",Vector3.new(0, 0, 0),Vector3.new(0.801417291, 0.80141902, 0.801419377))
Part=CreatePart2(m,Enum.Material.Metal,0,0,"Part","Fossil","Part",Vector3.new(0.640652835, 0.24781397, 0.247813866))
PartWeld=CreateWeld(m,FakeHandle,Part,CFrame.new(0, 0, 0, 1, 0, 0, 0, 1, 0, 0, 0, 1),CFrame.new(-0.354620934, 0.458593369, 4.57763672e-005, 0.923866153, -0.382716089, -4.1872263e-006, -0.382716089, -0.923866153, -1.40815973e-006, -3.33599746e-006, 2.90572643e-006, -1))
CreateMesh("BlockMesh",Part,"","",Vector3.new(0, 0, 0),Vector3.new(1, 0.161576435, 0.323152989))
Part=CreatePart2(m,Enum.Material.Marble,0,0,"Part","Maroon","Part",Vector3.new(0.24781394, 0.24781397, 0.247813866))
PartWeld=CreateWeld(m,FakeHandle,Part,CFrame.new(0, 0, 0, 1, 0, 0, 0, 1, 0, 0, 0, 1),CFrame.new(-0.0195770264, -0.0202255249, 1.80488014, 4.65661287e-008, 1.7285347e-006, -1.00000012, -0.00011434406, 1.00000012, 1.72108412e-006, 1.00000012, 0.000114344526, 4.65661287e-008))
CreateMesh("SpecialMesh",Part,Enum.MeshType.Cylinder,"",Vector3.new(0, 0, 0),Vector3.new(0.649535775, 0.649537206, 0.649537444))
Part=CreatePart2(m,Enum.Material.Marble,0,0,"Part","Maroon","Part",Vector3.new(0.24781394, 0.24781397, 0.247813866))
PartWeld=CreateWeld(m,FakeHandle,Part,CFrame.new(0, 0, 0, 1, 0, 0, 0, 1, 0, 0, 0, 1),CFrame.new(-0.0195617676, -0.020116806, 1.1108532, 4.65661287e-008, 1.7285347e-006, -1.00000012, -0.00011434406, 1.00000012, 1.72108412e-006, 1.00000012, 0.000114344526, 4.65661287e-008))
CreateMesh("SpecialMesh",Part,Enum.MeshType.Cylinder,"",Vector3.new(0, 0, 0),Vector3.new(0.649535775, 0.649537206, 0.649537444))
