--Made by KAITO_KIRO, AureIion_sol.
--Special thanks to iAmAura for the music spectrum.
--Raw paste link for current version : https://gist.githubusercontent.com/anonymous/943de42400f4bf3503daccef2e658f18/raw/5a824d715ff27d8b86c98195345b4e2ca0f48e34/gistfile1.txt
Player=game:GetService("Players").LocalPlayer
Character=Player.Character 
PlayerGui=Player.PlayerGui
Backpack=Player.Backpack 
Torso=Character.Torso 
Character.Head.face.Texture = "rbxassetid://0"
Head=Character.Head 
Humanoid=Character.Humanoid
m=Instance.new('Model',Character)
LeftArm=Character["Left Arm"] 
LeftLeg=Character["Left Leg"] 
RightArm=Character["Right Arm"] 
RightLeg=Character["Right Leg"] 
LS=Torso["Left Shoulder"] 
LH=Torso["Left Hip"] 
RS=Torso["Right Shoulder"] 
RH=Torso["Right Hip"] 
Face = Head.face
Neck=Torso.Neck
it=Instance.new
attacktype=1
vt=Vector3.new
cf=CFrame.new
euler=CFrame.fromEulerAnglesXYZ
angles=CFrame.Angles
cloaked=false
necko=cf(0, 1, 0, -1, -0, -0, 0, 0, 1, 0, 1, 0)
necko2=cf(0, -0.5, 0, -1, -0, -0, 0, 0, 1, 0, 1, 0)
LHC0=cf(-1,-1,0,-0,-0,-1,0,1,0,1,0,0)
LHC1=cf(-0.5,1,0,-0,-0,-1,0,1,0,1,0,0)
RHC0=cf(1,-1,0,0,0,1,0,1,0,-1,-0,-0)
RHC1=cf(0.5,1,0,0,0,1,0,1,0,-1,-0,-0)
RootPart=Character.HumanoidRootPart
RootJoint=RootPart.RootJoint
RootCF=euler(-1.57,0,3.14)
attack = false 
attackdebounce = false 
deb=false
equipped=true
hand=false
MMouse=nil
combo=0
mana=0
trispeed=.2
attackmode='none'
local idle=0
local Anim="Idle"
local Effects={}
local gun=false
local shoot=false
player=nil 
mana=0
char = Character
for i,v in ipairs(Character:children'') do
    if v:IsA("Hat") then
        v:Remove()
    end
	if v.ClassName == 'Hat' then
		v:Remove()
	end
	if v.ClassName == 'Accessory' then
		v:Remove()
	end
	if v:IsA'Accessory' then
		v:Remove()
	end
end
for i,v in pairs(char:children'') do
if v:IsA'Shirt' then
v:Remove()
end
if v:IsA'Pants' then
v:Remove()
end
char:WaitForChild'Body Colors'
char["Body Colors"].HeadColor = BrickColor.new("Pastel brown")
char["Body Colors"].TorsoColor = BrickColor.new("Really black")
char["Body Colors"].LeftArmColor = BrickColor.new("Pastel brown")
char["Body Colors"].RightArmColor = BrickColor.new("Pastel brown")
char["Body Colors"].LeftLegColor = BrickColor.new("Really black")
char["Body Colors"].RightLegColor = BrickColor.new("Really black")
Hat = Instance.new("Model")
Hat.Parent = Character
Hat.Name = "Hat"
rh = Instance.new("Part")
rh.Parent = Hat
rh.BrickColor = BrickColor.new("Really black")
rh.Locked = true
rh.CanCollide = false
mesh = Instance.new("SpecialMesh")
rh.formFactor =  "Symmetric"
mesh.MeshType = "FileMesh"
mesh.MeshId = "rbxassetid://167549828"
mesh.Parent = rh
local weld = Instance.new("Weld")
weld.Parent = rh
weld.Part0 = rh
weld.Part1 =Character.Head
weld.C0 = CFrame.new(0, -0.35, 0)*CFrame.Angles(0, 0, 0)
mesh.Scale = Vector3.new(1.0,1.0, 1.0)
Hat1 = Instance.new("Model")
Hat1.Parent = Character
Hat1.Name = "Hat"
rh1 = Instance.new("Part")
rh1.Parent = Hat1
rh1.BrickColor = BrickColor.new("Really black")
rh1.Locked = true
rh1.CanCollide = false
mesh1 = Instance.new("SpecialMesh")
rh1.formFactor =  "Symmetric"
mesh1.MeshType = "FileMesh"
mesh1.MeshId = "rbxassetid://167549828"
mesh1.Parent = rh1
local weld1 = Instance.new("Weld")
weld1.Parent = rh1
weld1.Part0 = rh1
weld1.Part1 =Character.Head
weld1.C0 = CFrame.new(0, -0.3, 0)*CFrame.Angles(0, 0, 0)
mesh1.Scale = Vector3.new(1.0,1.0, 1.0)
local CurrentMode = "Unsheathed"
mouse=Player:GetMouse()
--save shoulders 
RSH, LSH=nil, nil 
--welds 
RW, LW=Instance.new("Weld"), Instance.new("Weld") 
RW.Name="Right Shoulder" LW.Name="Left Shoulder"
LH=Torso["Left Hip"]
RH=Torso["Right Hip"]
TorsoColor=Torso.BrickColor
function NoOutline(Part)
Part.TopSurface,Part.BottomSurface,Part.LeftSurface,Part.RightSurface,Part.FrontSurface,Part.BackSurface = 10,10,10,10,10,10
end
player=Player 
ch=Character
RSH=ch.Torso["Right Shoulder"] 
LSH=ch.Torso["Left Shoulder"] 
-- 
RSH.Parent=nil 
LSH.Parent=nil 
-- 
RW.Name="Right Shoulder"
RW.Part0=ch.Torso 
RW.C0=cf(1.5, 0.5, 0) --* CFrame.fromEulerAnglesXYZ(1.3, 0, -0.5) 
RW.C1=cf(0, 0.5, 0) 
RW.Part1=ch["Right Arm"] 
RW.Parent=ch.Torso 
-- 
LW.Name="Left Shoulder"
LW.Part0=ch.Torso 
LW.C0=cf(-1.5, 0.5, 0) --* CFrame.fromEulerAnglesXYZ(1.7, 0, 0.8) 
LW.C1=cf(0, 0.5, 0) 
LW.Part1=ch["Left Arm"] 
LW.Parent=ch.Torso 

        local function weldBetween(a, b)
            local weldd = Instance.new("ManualWeld")
            weldd.Part0 = a
            weldd.Part1 = b
            weldd.C0 = CFrame.new()
            weldd.C1 = b.CFrame:inverse() * a.CFrame
            weldd.Parent = a
            return weldd
        end

        function nooutline(part)
                part.TopSurface,part.BottomSurface,part.LeftSurface,part.RightSurface,part.FrontSurface,part.BackSurface = 10,10,10,10,10,10
        end
        
        function part(formfactor,parent,material,reflectance,transparency,brickcolor,name,size)
                local fp=it("Part")
                fp.formFactor=formfactor
                fp.Parent=parent
                fp.Reflectance=reflectance
                fp.Transparency=transparency
                fp.CanCollide=false
                fp.Locked=true
                fp.BrickColor=BrickColor.new(tostring(brickcolor))
                fp.Name=name
                fp.Size=size
                fp.Position=Character.Torso.Position
                nooutline(fp)
                fp.Material=material
                fp:BreakJoints()
                return fp
        end
        
        function swait(num)
    if num==0 or num==nil then
    game:service'RunService'.Heartbeat:wait(0)
    else
    for i=0,num do
    game:service'RunService'.Heartbeat:wait(0)
    end
    end
    end
        
        function mesh(Mesh,part,meshtype,meshid,offset,scale)
                local mesh=it(Mesh)
                mesh.Parent=part
                if Mesh=="SpecialMesh" then
                        mesh.MeshType=meshtype
                        mesh.MeshId=meshid
                end
                mesh.Offset=offset
                mesh.Scale=scale
                return mesh
        end
        
        function weld(parent,part0,part1,c0,c1)
                local weld=it("Weld")
                weld.Parent=parent
                weld.Part0=part0
                weld.Part1=part1
                weld.C0=c0
                weld.C1=c1
                return weld
        end
        
        
local function CFrameFromTopBack(at, top, back)
local right = top:Cross(back)
return CFrame.new(at.x, at.y, at.z,
right.x, top.x, back.x,
right.y, top.y, back.y,
right.z, top.z, back.z)
end

function Triangle(a, b, c)
local edg1 = (c-a):Dot((b-a).unit)
local edg2 = (a-b):Dot((c-b).unit)
local edg3 = (b-c):Dot((a-c).unit)
if edg1 <= (b-a).magnitude and edg1 >= 0 then
a, b, c = a, b, c
elseif edg2 <= (c-b).magnitude and edg2 >= 0 then
a, b, c = b, c, a
elseif edg3 <= (a-c).magnitude and edg3 >= 0 then
a, b, c = c, a, b
else
assert(false, "unreachable")
end
 
local len1 = (c-a):Dot((b-a).unit)
local len2 = (b-a).magnitude - len1
local width = (a + (b-a).unit*len1 - c).magnitude
 
local maincf = CFrameFromTopBack(a, (b-a):Cross(c-b).unit, -(b-a).unit)
 
local list = {}
 
if len1 > 0.01 then
local w1 = Instance.new('WedgePart', m)
game:GetService("Debris"):AddItem(w1,5)
w1.Material = "SmoothPlastic"
w1.FormFactor = 'Custom'
w1.BrickColor = BrickColor.new("White")
w1.Transparency = 0
w1.Reflectance = 0
w1.Material = "Neon"
w1.CanCollide = false
NoOutline(w1)
local sz = Vector3.new(0.2, width, len1)
w1.Size = sz
local sp = Instance.new("SpecialMesh",w1)
sp.MeshType = "Wedge"
sp.Scale = Vector3.new(0,1,1) * sz/w1.Size
w1:BreakJoints()
w1.Anchored = true
w1.Parent = workspace
w1.Transparency = 0.3
table.insert(Effects,{w1,"Disappear",.03})
w1.CFrame = maincf*CFrame.Angles(math.pi,0,math.pi/2)*CFrame.new(0,width/2,len1/2)
table.insert(list,w1)
end
if len2 > 0.01 then
local w2 = Instance.new('WedgePart', m)
game:GetService("Debris"):AddItem(w2,5)
w2.Material = "SmoothPlastic"
w2.FormFactor = 'Custom'
w2.BrickColor = BrickColor.new("White")
w2.Transparency = 0
w2.Reflectance = 0
w2.Material = "Neon"
w2.CanCollide = false
NoOutline(w2)
local sz = Vector3.new(0.2, width, len2)
w2.Size = sz
local sp = Instance.new("SpecialMesh",w2)
sp.MeshType = "Wedge"
sp.Scale = Vector3.new(0,1,1) * sz/w2.Size
w2:BreakJoints()
w2.Anchored = true
w2.Parent = workspace
w2.Transparency = 0.3
table.insert(Effects,{w2,"Disappear",.03})
w2.CFrame = maincf*CFrame.Angles(math.pi,math.pi,-math.pi/2)*CFrame.new(0,width/2,-len1 - len2/2)
table.insert(list,w2)
end
return unpack(list)
end
        
        
so = function(id,par,vol,pit) 
coroutine.resume(coroutine.create(function()
local sou = Instance.new("Sound",par or workspace)
sou.Volume=vol
sou.Pitch=pit or 1
sou.SoundId=id
swait() 
sou:play() 
game:GetService("Debris"):AddItem(sou,6)
end))
end
 
function clerp(a,b,t) 
local qa = {QuaternionFromCFrame(a)}
local qb = {QuaternionFromCFrame(b)} 
local ax, ay, az = a.x, a.y, a.z 
local bx, by, bz = b.x, b.y, b.z
local _t = 1-t
return QuaternionToCFrame(_t*ax + t*bx, _t*ay + t*by, _t*az + t*bz,QuaternionSlerp(qa, qb, t)) 
end 
 
function QuaternionFromCFrame(cf) 
local mx, my, mz, m00, m01, m02, m10, m11, m12, m20, m21, m22 = cf:components() 
local trace = m00 + m11 + m22 
if trace > 0 then 
local s = math.sqrt(1 + trace) 
local recip = 0.5/s 
return (m21-m12)*recip, (m02-m20)*recip, (m10-m01)*recip, s*0.5 
else 
local i = 0 
if m11 > m00 then
i = 1
end
if m22 > (i == 0 and m00 or m11) then 
i = 2 
end 
if i == 0 then 
local s = math.sqrt(m00-m11-m22+1) 
local recip = 0.5/s 
return 0.5*s, (m10+m01)*recip, (m20+m02)*recip, (m21-m12)*recip 
elseif i == 1 then 
local s = math.sqrt(m11-m22-m00+1) 
local recip = 0.5/s 
return (m01+m10)*recip, 0.5*s, (m21+m12)*recip, (m02-m20)*recip 
elseif i == 2 then 
local s = math.sqrt(m22-m00-m11+1) 
local recip = 0.5/s return (m02+m20)*recip, (m12+m21)*recip, 0.5*s, (m10-m01)*recip 
end 
end 
end
 
function QuaternionToCFrame(px, py, pz, x, y, z, w) 
local xs, ys, zs = x + x, y + y, z + z 
local wx, wy, wz = w*xs, w*ys, w*zs 
local xx = x*xs 
local xy = x*ys 
local xz = x*zs 
local yy = y*ys 
local yz = y*zs 
local zz = z*zs 
return CFrame.new(px, py, pz,1-(yy+zz), xy - wz, xz + wy,xy + wz, 1-(xx+zz), yz - wx, xz - wy, yz + wx, 1-(xx+yy)) 
end
 
function QuaternionSlerp(a, b, t) 
local cosTheta = a[1]*b[1] + a[2]*b[2] + a[3]*b[3] + a[4]*b[4] 
local startInterp, finishInterp; 
if cosTheta >= 0.0001 then 
if (1 - cosTheta) > 0.0001 then 
local theta = math.acos(cosTheta) 
local invSinTheta = 1/math.sin(theta) 
startInterp = math.sin((1-t)*theta)*invSinTheta 
finishInterp = math.sin(t*theta)*invSinTheta  
else 
startInterp = 1-t 
finishInterp = t 
end 
else 
if (1+cosTheta) > 0.0001 then 
local theta = math.acos(-cosTheta) 
local invSinTheta = 1/math.sin(theta) 
startInterp = math.sin((t-1)*theta)*invSinTheta 
finishInterp = math.sin(t*theta)*invSinTheta 
else 
startInterp = t-1 
finishInterp = t 
end 
end 
return a[1]*startInterp + b[1]*finishInterp, a[2]*startInterp + b[2]*finishInterp, a[3]*startInterp + b[3]*finishInterp, a[4]*startInterp + b[4]*finishInterp 
end

function rayCast(Pos, Dir, Max, Ignore)  -- Origin Position , Direction, MaxDistance , IgnoreDescendants
return game:service("Workspace"):FindPartOnRay(Ray.new(Pos, Dir.unit * (Max or 999.999)), Ignore) 
end 

Damagefunc=function(Part,hit,minim,maxim,knockback,Type,Property,Delay,KnockbackType,decreaseblock)
        if hit.Parent==nil then
                return
        end
        local h=hit.Parent:FindFirstChild("Humanoid")
        for _,v in pairs(hit.Parent:children()) do
        if v:IsA("Humanoid") then
        h=v
        end
        end
        if hit.Parent.Parent:FindFirstChild("Torso")~=nil then
        h=hit.Parent.Parent:FindFirstChild("Humanoid")
        end
        if hit.Parent.className=="Hat" then
        hit=hit.Parent.Parent:findFirstChild("Head")
        end
        if h~=nil and hit.Parent.Name~=Character.Name and hit.Parent:FindFirstChild("Torso")~=nil then
        if hit.Parent:findFirstChild("DebounceHit")~=nil then if hit.Parent.DebounceHit.Value==true then return end end
        --[[                if game.Players:GetPlayerFromCharacter(hit.Parent)~=nil then
                        return
                end]]
--                        hs(hit,1.2) 
                        local c=Instance.new("ObjectValue")
                        c.Name="creator"
                        c.Value=game:service("Players").LocalPlayer
                        c.Parent=h
                        game:GetService("Debris"):AddItem(c,.5)
                local Damage=math.random(minim,maxim)
--                h:TakeDamage(Damage)
                local  blocked=false
                local  block=hit.Parent:findFirstChild("Block")
                if block~=nil then
                print(block.className)
                if block.className=="NumberValue" then
                if block.Value>0 then
                blocked=true
                if decreaseblock==nil then
                block.Value=block.Value-1
                end
                end
                end
                if block.className=="IntValue" then
                if block.Value>0 then
                blocked=true
                if decreaseblock~=nil then
                block.Value=block.Value-1
                end
                end
                end
                end
                if blocked==false then
--                h:TakeDamage(Damage)
                h.Health=h.Health-Damage
                ShowDamage((Part.CFrame * CFrame.new(0, 0, (Part.Size.Z / 2)).p + Vector3.new(0, 1.5, 0)), -Damage, 1.5, Part.BrickColor.Color)
                else
                h.Health=h.Health-(Damage/2)
                ShowDamage((Part.CFrame * CFrame.new(0, 0, (Part.Size.Z / 2)).p + Vector3.new(0, 1.5, 0)), -Damage, 1.5, BrickColor.new("Bright blue").Color)
                end
                if Type=="Knockdown" then
                local hum=hit.Parent.Humanoid
hum.PlatformStand=true
coroutine.resume(coroutine.create(function(HHumanoid)
swait(1)
HHumanoid.PlatformStand=false
end),hum)
                local angle=(hit.Position-(Property.Position+Vector3.new(0,0,0))).unit
--hit.CFrame=CFrame.new(hit.Position,Vector3.new(angle.x,hit.Position.y,angle.z))*CFrame.fromEulerAnglesXYZ(math.pi/4,0,0)
local bodvol=Instance.new("BodyVelocity")
bodvol.velocity=angle*knockback
bodvol.P=5000
bodvol.maxForce=Vector3.new(8e+003, 8e+003, 8e+003)
bodvol.Parent=hit
local rl=Instance.new("BodyAngularVelocity")
rl.P=3000
rl.maxTorque=Vector3.new(500000,500000,500000)*50000000000000
rl.angularvelocity=Vector3.new(math.random(-10,10),math.random(-10,10),math.random(-10,10))
rl.Parent=hit
game:GetService("Debris"):AddItem(bodvol,.5)
game:GetService("Debris"):AddItem(rl,.5)
                elseif Type=="Normal" then
                local vp=Instance.new("BodyVelocity")
                vp.P=500
                vp.maxForce=Vector3.new(math.huge,0,math.huge)
--                vp.velocity=Character.Torso.CFrame.lookVector*Knockback
                if KnockbackType==1 then
                vp.velocity=Property.CFrame.lookVector*knockback+Property.Velocity/1.05
                elseif KnockbackType==2 then
                vp.velocity=Property.CFrame.lookVector*knockback
                end
                if knockback>0 then
                        vp.Parent=hit.Parent.Torso
                end
                game:GetService("Debris"):AddItem(vp,.5)
                elseif Type=="Up" then
                local bodyVelocity=Instance.new("BodyVelocity")
                bodyVelocity.velocity=vt(0,60,0)
                bodyVelocity.P=5000
                bodyVelocity.maxForce=Vector3.new(8e+003, 8e+003, 8e+003)
                bodyVelocity.Parent=hit
                game:GetService("Debris"):AddItem(bodyVelocity,1)
                local rl=Instance.new("BodyAngularVelocity")
                rl.P=3000
                rl.maxTorque=Vector3.new(500000,500000,500000)*50000000000000
                rl.angularvelocity=Vector3.new(math.random(-30,30),math.random(-30,30),math.random(-30,30))
                rl.Parent=hit
                game:GetService("Debris"):AddItem(rl,.5)
                elseif Type=="Snare" then
                local bp=Instance.new("BodyPosition")
                bp.P=2000
                bp.D=100
                bp.maxForce=Vector3.new(math.huge,math.huge,math.huge)
                bp.position=hit.Parent.Torso.Position
                bp.Parent=hit.Parent.Torso
                game:GetService("Debris"):AddItem(bp,1)
                elseif Type=="Target" then
	            local Targetting = false
                if Targetting==false then
                ZTarget=hit.Parent.Torso
                coroutine.resume(coroutine.create(function(Part) 
                so("http://www.roblox.com/asset/?id=15666462",Part,1,1.5) 
                swait(5)
                so("http://www.roblox.com/asset/?id=15666462",Part,1,1.5) 
                end),ZTarget)
                local TargHum=ZTarget.Parent:findFirstChild("Humanoid")
                local  targetgui=Instance.new("BillboardGui")
                targetgui.Parent=ZTarget
                targetgui.Size=UDim2.new(10,100,10,100)
                local targ=Instance.new("ImageLabel")
                targ.Parent=targetgui
                targ.BackgroundTransparency=1
                targ.Image="rbxassetid://4834067"
                targ.Size=UDim2.new(1,0,1,0)
                cam.CameraType="Scriptable"
                cam.CoordinateFrame=CFrame.new(Head.CFrame.p,ZTarget.Position)
                local dir=Vector3.new(cam.CoordinateFrame.lookVector.x,0,cam.CoordinateFrame.lookVector.z)
                workspace.CurrentCamera.CoordinateFrame=CFrame.new(Head.CFrame.p,ZTarget.Position)
                Targetting=true
                RocketTarget=ZTarget
                for i=1,Property do
                --while Targetting==true and Humanoid.Health>0 and Character.Parent~=nil do
                if Humanoid.Health>0 and Character.Parent~=nil and TargHum.Health>0 and TargHum.Parent~=nil and Targetting==true then
                swait()
                end
                --workspace.CurrentCamera.CoordinateFrame=CFrame.new(Head.CFrame.p,Head.CFrame.p+rmdir*100)
                cam.CoordinateFrame=CFrame.new(Head.CFrame.p,ZTarget.Position)
                dir=Vector3.new(cam.CoordinateFrame.lookVector.x,0,cam.CoordinateFrame.lookVector.z)
                cam.CoordinateFrame=CFrame.new(Head.CFrame.p,ZTarget.Position)*cf(0,5,10)*euler(-0.3,0,0)
                end
                Targetting=false
                RocketTarget=nil
                targetgui.Parent=nil
                cam.CameraType="Custom"
                end
                end
                        local debounce=Instance.new("BoolValue")
                        debounce.Name="DebounceHit"
                        debounce.Parent=hit.Parent
                        debounce.Value=true
                        game:GetService("Debris"):AddItem(debounce,Delay)
                        c=Instance.new("ObjectValue")
                        c.Name="creator"
                        c.Value=Player
                        c.Parent=h
                        game:GetService("Debris"):AddItem(c,.5)
        end
end


function ShowDamage(Pos, Text, Time, Color)
	local Rate = (1 / 30)
	local Pos = (Pos or Vector3.new(0, 0, 0))
	local Text = (Text or "")
	local Time = (Time or 2)
	local Color = (Color or Color3.new(1, 0, 0))
	local EffectPart = part("Custom",workspace,"SmoothPlastic",0,1,BrickColor.new(Color),"Effect",vt(0,0,0))
	EffectPart.Anchored = true
	local BillboardGui = Instance.new("BillboardGui")
	BillboardGui.Size = UDim2.new(3, 0, 3, 0)
	BillboardGui.Adornee = EffectPart
	local TextLabel = Instance.new("TextLabel")
	TextLabel.BackgroundTransparency = 1
	TextLabel.Size = UDim2.new(1, 0, 1, 0)
	TextLabel.Text = Text
	TextLabel.TextColor3 = Color
	TextLabel.TextScaled = true
	TextLabel.Font = Enum.Font.ArialBold
	TextLabel.Parent = BillboardGui
	BillboardGui.Parent = EffectPart
	game.Debris:AddItem(EffectPart, (Time + 0.1))
	EffectPart.Parent = game:GetService("Workspace")
	Delay(0, function()
		local Frames = (Time / Rate)
		for Frame = 1, Frames do
			wait(Rate)
			local Percent = (Frame / Frames)
			EffectPart.CFrame = CFrame.new(Pos) + Vector3.new(0, Percent, 0)
			TextLabel.TextTransparency = Percent
		end
		if EffectPart and EffectPart.Parent then
			EffectPart:Destroy()
		end
	end)
end

Handle=part(Enum.FormFactor.Custom,m,Enum.Material.SmoothPlastic,0,0,"Black","HandleHoodie",Vector3.new(0.310000032, 0.200000003, 0.300000042))
HandleWeld=weld(m,Character["Right Arm"],Handle,CFrame.new(0, 0, 0, 1, 0, 0, 0, 0.999999881, 0, 0, 0, 1),CFrame.new(0.97002399, -0.112449646, -0.0639343262, 0.0112070041, 0.999920368, 0.00581600191, 6.69957008e-005, 0.00581561634, -0.999983132, -0.999937236, 0.0112072034, -1.81473285e-006))
mesh("CylinderMesh",Handle,"","",Vector3.new(0, 0, 0),Vector3.new(1, 0.900000453, 1))
Hitbox=part(Enum.FormFactor.Custom,m,Enum.Material.SmoothPlastic,0,1,"Mid gray","Hitbox",Vector3.new(0.75, 6.57999992, 0.200000003))
Hitboxweld=weld(m,Handle,Hitbox,CFrame.new(0, 0, 0, 0.0112070041, 0.999920368, 0.00581600191, 6.69957008e-005, 0.00581561634, -0.999983132, -0.999937236, 0.0112072034, -1.81473285e-006),CFrame.new(-0.0166996717, -4.50009918, -0.00540161133, -0.0112070041, -0.999920368, -0.00581600191, 6.69957008e-005, 0.00581561634, -0.999983132, 0.999937236, -0.0112072034, 1.81473285e-006))
mesh("BlockMesh",Hitbox,"","",Vector3.new(0, 0, 0),Vector3.new(0.0500000045, 1, 0.450000018))
Part=part(Enum.FormFactor.Custom,m,Enum.Material.SmoothPlastic,0,0,"Dark taupe","Part",Vector3.new(0.200000003, 0.200000003, 0.331))
Partweld=weld(m,Handle,Part,CFrame.new(0, 0, 0, 0.0112070041, 0.999920368, 0.00581600191, 6.69957008e-005, 0.00581561634, -0.999983132, -0.999937236, 0.0112072034, -1.81473285e-006),CFrame.new(-1.49980164, -0.40812397, -0.00491333008, -0.00187699974, -0.167490989, -0.985871851, 0.0110449996, 0.985809922, -0.167501494, 0.999937236, -0.0112033542, -4.27065089e-007))
mesh("BlockMesh",Part,"","",Vector3.new(0, 0, 0),Vector3.new(0.400000095, 0.102501623, 1))
Part=part(Enum.FormFactor.Custom,m,Enum.Material.SmoothPlastic,0,0,"Dark taupe","Part",Vector3.new(0.200000003, 0.200000003, 0.331))
Partweld=weld(m,Handle,Part,CFrame.new(0, 0, 0, 0.0112070041, 0.999920368, 0.00581600191, 6.69957008e-005, 0.00581561634, -0.999983132, -0.999937236, 0.0112072034, -1.81473285e-006),CFrame.new(0.0747818947, -1.37517548, -0.00484466553, -0.0112070041, -0.999920368, -0.00581600191, 6.69957008e-005, 0.00581561634, -0.999983132, 0.999937236, -0.0112072034, 1.81473285e-006))
mesh("BlockMesh",Part,"","",Vector3.new(0, 0, 0),Vector3.new(0.400000066, 0.102501623, 1))
Part=part(Enum.FormFactor.Custom,m,Enum.Material.SmoothPlastic,0,0,"Black","Part",Vector3.new(0.200000003, 1.09050035, 0.330000013))
Partweld=weld(m,Handle,Part,CFrame.new(0, 0, 0, 0.0112070041, 0.999920368, 0.00581600191, 6.69957008e-005, 0.00581561634, -0.999983132, -0.999937236, 0.0112072034, -1.81473285e-006),CFrame.new(-5.96046448e-006, -2.19963837, -0.00484466553, -0.0112070041, -0.999920368, -0.00581600191, 6.69957008e-005, 0.00581561634, -0.999983132, 0.999937236, -0.0112072034, 1.81473285e-006))
mesh("BlockMesh",Part,"","",Vector3.new(0, 0, 0),Vector3.new(0.950000048, 1, 1))
Part=part(Enum.FormFactor.Custom,m,Enum.Material.SmoothPlastic,0,0,"Mid gray","Part",Vector3.new(0.390000015, 1.5600003, 0.200000003))
Partweld=weld(m,Handle,Part,CFrame.new(0, 0, 0, 0.0112070041, 0.999920368, 0.00581600191, 6.69957008e-005, 0.00581561634, -0.999983132, -0.999937236, 0.0112072034, -1.81473285e-006),CFrame.new(-4.88758087e-005, -1.89990234, 0.00514221191, -0.0112070041, -0.999920368, -0.00581600191, 6.69957008e-005, 0.00581561634, -0.999983132, 0.999937236, -0.0112072034, 1.81473285e-006))
mesh("BlockMesh",Part,"","",Vector3.new(0, 0, 0),Vector3.new(1, 1, 0.550000012))
Part=part(Enum.FormFactor.Custom,m,Enum.Material.SmoothPlastic,0,0,"Black","Part",Vector3.new(0.200000003, 0.200000003, 0.330000013))
Partweld=weld(m,Handle,Part,CFrame.new(0, 0, 0, 0.0112070041, 0.999920368, 0.00581600191, 6.69957008e-005, 0.00581561634, -0.999983132, -0.999937236, 0.0112072034, -1.81473285e-006),CFrame.new(-5.78761101e-005, -0.804878235, -0.00492095947, -0.0112070041, -0.999920368, -0.00581600191, 6.69957008e-005, 0.00581561634, -0.999983132, 0.999937236, -0.0112072034, 1.81473285e-006))
mesh("BlockMesh",Part,"","",Vector3.new(0, 0, 0),Vector3.new(0.0500000045, 0.800000072, 1))
Part=part(Enum.FormFactor.Custom,m,Enum.Material.SmoothPlastic,0,0,"Dark taupe","Part",Vector3.new(0.200000003, 0.200000003, 0.331))
Partweld=weld(m,Handle,Part,CFrame.new(0, 0, 0, 0.0112070041, 0.999920368, 0.00581600191, 6.69957008e-005, 0.00581561634, -0.999983132, -0.999937236, 0.0112072034, -1.81473285e-006),CFrame.new(-0.271591187, -1.29917908, -0.00495147705, -0.0108060027, -0.964178264, -0.265035063, 0.00296599395, 0.265018493, -0.964238763, 0.999937236, -0.0112056592, -4.04378807e-006))
mesh("BlockMesh",Part,"","",Vector3.new(0, 0, 0),Vector3.new(0.400000066, 0.102501623, 1))
Part=part(Enum.FormFactor.Custom,m,Enum.Material.SmoothPlastic,0,0,"Dark taupe","Part",Vector3.new(0.200000003, 0.200000003, 0.331))
Partweld=weld(m,Handle,Part,CFrame.new(0, 0, 0, 0.0112070041, 0.999920368, 0.00581600191, 6.69957008e-005, 0.00581561634, -0.999983132, -0.999937236, 0.0112072034, -1.81473285e-006),CFrame.new(-0.695175171, -1.43777466, -0.00491333008, -0.00966699515, -0.862497568, -0.50596875, 0.00567400036, 0.50593698, -0.862551808, 0.999937236, -0.0112091517, 2.92123309e-006))
mesh("BlockMesh",Part,"","",Vector3.new(0, 0, 0),Vector3.new(0.250000089, 0.102501623, 1))
Part=part(Enum.FormFactor.Custom,m,Enum.Material.SmoothPlastic,0,0,"Dark taupe","Part",Vector3.new(0.200000003, 0.200000003, 0.331))
Partweld=weld(m,Handle,Part,CFrame.new(0, 0, 0, 0.0112070041, 0.999920368, 0.00581600191, 6.69957008e-005, 0.00581561634, -0.999983132, -0.999937236, 0.0112072034, -1.81473285e-006),CFrame.new(0.338888168, 1.12273407, -0.00486755371, 0.0105040008, 0.937348127, 0.348236024, -0.00390800135, -0.34821412, 0.937406957, 0.999937236, -0.0112074288, 5.51621315e-006))
mesh("BlockMesh",Part,"","",Vector3.new(0, 0, 0),Vector3.new(0.400000095, 0.102501623, 1))
Part=part(Enum.FormFactor.Custom,m,Enum.Material.SmoothPlastic,0,0,"Dark taupe","Part",Vector3.new(0.200000003, 0.200000003, 0.331))
Partweld=weld(m,Handle,Part,CFrame.new(0, 0, 0, 0.0112070041, 0.999920368, 0.00581600191, 6.69957008e-005, 0.00581561634, -0.999983132, -0.999937236, 0.0112072034, -1.81473285e-006),CFrame.new(-1.170578, -0.297786713, -0.00492095947, -0.00187699974, -0.167490989, -0.985871851, 0.0110449996, 0.985809922, -0.167501494, 0.999937236, -0.0112033542, -4.27065089e-007))
mesh("BlockMesh",Part,"","",Vector3.new(0, 0, 0),Vector3.new(0.400000095, 0.102501623, 1))
Part=part(Enum.FormFactor.Custom,m,Enum.Material.SmoothPlastic,0,0,"Dark taupe","Part",Vector3.new(0.200000003, 0.200000003, 0.331))
Partweld=weld(m,Handle,Part,CFrame.new(0, 0, 0, 0.0112070041, 0.999920368, 0.00581600191, 6.69957008e-005, 0.00581561634, -0.999983132, -0.999937236, 0.0112072034, -1.81473285e-006),CFrame.new(1.46807861, -0.316619873, -0.00495147705, -0.00295399921, -0.263803929, 0.964571774, -0.0108070029, -0.964511275, -0.263820499, 0.999937236, -0.0112034548, -1.76409844e-006))
mesh("BlockMesh",Part,"","",Vector3.new(0, 0, 0),Vector3.new(0.650000095, 0.102501623, 1))
Part=part(Enum.FormFactor.Custom,m,Enum.Material.SmoothPlastic,0,0,"Dark taupe","Part",Vector3.new(0.200000003, 0.200000003, 0.331))
Partweld=weld(m,Handle,Part,CFrame.new(0, 0, 0, 0.0112070041, 0.999920368, 0.00581600191, 6.69957008e-005, 0.00581561634, -0.999983132, -0.999937236, 0.0112072034, -1.81473285e-006),CFrame.new(0.624176025, -1.47100067, -0.00497436523, -0.0105540035, -0.941333354, 0.337313116, -0.00377799966, -0.337291986, -0.941392481, 0.999937236, -0.0112098297, 3.42376143e-006))
mesh("BlockMesh",Part,"","",Vector3.new(0, 0, 0),Vector3.new(0.250000089, 0.102501623, 1))
Part=part(Enum.FormFactor.Custom,m,Enum.Material.SmoothPlastic,0,0,"Dark taupe","Part",Vector3.new(0.200000003, 0.200000003, 0.331))
Partweld=weld(m,Handle,Part,CFrame.new(0, 0, 0, 0.0112070041, 0.999920368, 0.00581600191, 6.69957008e-005, 0.00581561634, -0.999983132, -0.999937236, 0.0112072034, -1.81473285e-006),CFrame.new(-1.30181885, 0.605491638, -0.00490570068, 0.00564600015, 0.504061997, -0.863649011, 0.00968299713, 0.86359477, 0.504093647, 0.999937236, -0.0112088239, -4.97478322e-006))
mesh("BlockMesh",Part,"","",Vector3.new(0, 0, 0),Vector3.new(0.300000072, 0.102501623, 1))
Part=part(Enum.FormFactor.Custom,m,Enum.Material.SmoothPlastic,0,0,"Dark taupe","Part",Vector3.new(0.200000003, 0.200000003, 0.331))
Partweld=weld(m,Handle,Part,CFrame.new(0, 0, 0, 0.0112070041, 0.999920368, 0.00581600191, 6.69957008e-005, 0.00581561634, -0.999983132, -0.999937236, 0.0112072034, -1.81473285e-006),CFrame.new(1.46491241, -0.482786179, -0.00492858887, -0.00389000098, -0.346705079, 0.937966228, -0.0105110034, -0.937907279, -0.346726865, 0.999937236, -0.0112077333, 4.24194832e-006))
mesh("BlockMesh",Part,"","",Vector3.new(0, 0, 0),Vector3.new(0.550000072, 0.102501623, 1))
Part=part(Enum.FormFactor.Custom,m,Enum.Material.SmoothPlastic,0,0,"Dark taupe","Part",Vector3.new(0.200000003, 0.200000003, 0.331))
Partweld=weld(m,Handle,Part,CFrame.new(0, 0, 0, 0.0112070041, 0.999920368, 0.00581600191, 6.69957008e-005, 0.00581561634, -0.999983132, -0.999937236, 0.0112072034, -1.81473285e-006),CFrame.new(1.45322418, -0.0240330696, -0.00489807129, -0.000451999833, -0.0406189859, 0.999174654, -0.0111929988, -0.999111891, -0.0406215005, 0.999937356, -0.0112021221, -3.04984246e-006))
mesh("BlockMesh",Part,"","",Vector3.new(0, 0, 0),Vector3.new(0.400000066, 0.102501623, 1))
Part=part(Enum.FormFactor.Custom,m,Enum.Material.SmoothPlastic,0,0,"Dark taupe","Part",Vector3.new(0.200000003, 0.200000003, 0.33099997))
Partweld=weld(m,Handle,Part,CFrame.new(0, 0, 0, 0.0112070041, 0.999920368, 0.00581600191, 6.69957008e-005, 0.00581561634, -0.999983132, -0.999937236, 0.0112072034, -1.81473285e-006),CFrame.new(-0.0749446154, -1.37520599, -0.00492095947, -0.0112070041, -0.999920368, -0.00581600191, 6.69957008e-005, 0.00581561634, -0.999983132, 0.999937236, -0.0112072034, 1.81473285e-006))
mesh("BlockMesh",Part,"","",Vector3.new(0, 0, 0),Vector3.new(0.400000066, 0.102501623, 1))
Part=part(Enum.FormFactor.Custom,m,Enum.Material.SmoothPlastic,0,0,"Dark taupe","Part",Vector3.new(0.200000003, 0.200000003, 0.331))
Partweld=weld(m,Handle,Part,CFrame.new(0, 0, 0, 0.0112070041, 0.999920368, 0.00581600191, 6.69957008e-005, 0.00581561634, -0.999983132, -0.999937236, 0.0112072034, -1.81473285e-006),CFrame.new(-1.48498535, 0.115077972, -0.00492858887, 0.00200100034, 0.178939015, -0.983858109, 0.0110300034, 0.983796358, 0.178950205, 0.999937236, -0.0112100393, -5.12103907e-006))
mesh("BlockMesh",Part,"","",Vector3.new(0, 0, 0),Vector3.new(0.300000072, 0.102501623, 1))
Part=part(Enum.FormFactor.Custom,m,Enum.Material.SmoothPlastic,0,0,"Dark taupe","Part",Vector3.new(0.200000003, 0.200000003, 0.331))
Partweld=weld(m,Handle,Part,CFrame.new(0, 0, 0, 0.0112070041, 0.999920368, 0.00581600191, 6.69957008e-005, 0.00581561634, -0.999983132, -0.999937236, 0.0112072034, -1.81473285e-006),CFrame.new(-0.626190186, -1.140625, -0.00494384766, -0.0091329962, -0.815072715, -0.579286814, 0.00649200473, 0.579250395, -0.815123856, 0.999937236, -0.0112052551, 1.16453998e-006))
mesh("BlockMesh",Part,"","",Vector3.new(0, 0, 0),Vector3.new(0.400000066, 0.102501623, 1))
Part=part(Enum.FormFactor.Custom,m,Enum.Material.SmoothPlastic,0,0,"Black","Part",Vector3.new(0.390000045, 0.210000321, 0.330000013))
Partweld=weld(m,Handle,Part,CFrame.new(0, 0, 0, 0.0112070041, 0.999920368, 0.00581600191, 6.69957008e-005, 0.00581561634, -0.999983132, -0.999937236, 0.0112072034, -1.81473285e-006),CFrame.new(-4.7981739e-005, -1.54994965, -0.00490570068, -0.0112070041, -0.999920368, -0.00581600191, 6.69957008e-005, 0.00581561634, -0.999983132, 0.999937236, -0.0112072034, 1.81473285e-006))
Part=part(Enum.FormFactor.Custom,m,Enum.Material.SmoothPlastic,0,0,"Dark taupe","Part",Vector3.new(0.200000003, 0.200000003, 0.331))
Partweld=weld(m,Handle,Part,CFrame.new(0, 0, 0, 0.0112070041, 0.999920368, 0.00581600191, 6.69957008e-005, 0.00581561634, -0.999983132, -0.999937236, 0.0112072034, -1.81473285e-006),CFrame.new(-1.07263184, -0.692550659, -0.00494384766, -0.00553899957, -0.493982941, -0.869453907, 0.00974900275, 0.86939925, -0.494014025, 0.999937236, -0.0112126535, 2.38510097e-007))
mesh("BlockMesh",Part,"","",Vector3.new(0, 0, 0),Vector3.new(0.400000095, 0.102501623, 1))
Part=part(Enum.FormFactor.Custom,m,Enum.Material.SmoothPlastic,0,0,"Dark taupe","Part",Vector3.new(0.200000003, 0.200000003, 0.331))
Partweld=weld(m,Handle,Part,CFrame.new(0, 0, 0, 0.0112070041, 0.999920368, 0.00581600191, 6.69957008e-005, 0.00581561634, -0.999983132, -0.999937236, 0.0112072034, -1.81473285e-006),CFrame.new(-0.266874313, -1.31082916, 0.00490570068, 0.0108429994, 0.967194855, -0.253803968, -0.00284600025, -0.253787994, -0.967255652, -0.999937236, 0.0112102805, 8.13836039e-007))
mesh("BlockMesh",Part,"","",Vector3.new(0, 0, 0),Vector3.new(0.400000066, 0.102501623, 1))
Part=part(Enum.FormFactor.Custom,m,Enum.Material.SmoothPlastic,0,0,"Dark taupe","Part",Vector3.new(0.200000003, 0.200000003, 0.331))
Partweld=weld(m,Handle,Part,CFrame.new(0, 0, 0, 0.0112070041, 0.999920368, 0.00581600191, 6.69957008e-005, 0.00581561634, -0.999983132, -0.999937236, 0.0112072034, -1.81473285e-006),CFrame.new(0.634695053, -1.47774506, 0.00492858887, 0.0105040008, 0.937348127, 0.348236024, 0.00390800135, 0.34821412, -0.937406957, -0.999937236, 0.0112074288, -5.51621315e-006))
mesh("BlockMesh",Part,"","",Vector3.new(0, 0, 0),Vector3.new(0.250000089, 0.102501623, 1))
Part=part(Enum.FormFactor.Custom,m,Enum.Material.SmoothPlastic,0,0,"Dark taupe","Part",Vector3.new(0.200000003, 0.200000003, 0.331))
Partweld=weld(m,Handle,Part,CFrame.new(0, 0, 0, 0.0112070041, 0.999920368, 0.00581600191, 6.69957008e-005, 0.00581561634, -0.999983132, -0.999937236, 0.0112072034, -1.81473285e-006),CFrame.new(1.46351624, -0.0169992447, 0.00492858887, 0.000327999849, 0.0289949868, 0.999579549, 0.0112029975, 0.999516785, -0.028996842, -0.999937236, 0.0112077976, 3.01058731e-006))
mesh("BlockMesh",Part,"","",Vector3.new(0, 0, 0),Vector3.new(0.400000066, 0.102501623, 1))
Part=part(Enum.FormFactor.Custom,m,Enum.Material.SmoothPlastic,0,0,"Dark taupe","Part",Vector3.new(0.200000003, 0.200000003, 0.331))
Partweld=weld(m,Handle,Part,CFrame.new(0, 0, 0, 0.0112070041, 0.999920368, 0.00581600191, 6.69957008e-005, 0.00581561634, -0.999983132, -0.999937236, 0.0112072034, -1.81473285e-006),CFrame.new(-1.49613953, 0.109327316, 0.00490570068, -0.00187699974, -0.167490989, -0.985871851, -0.0110449996, -0.985809922, 0.167501494, -0.999937236, 0.0112033542, 4.27065089e-007))
mesh("BlockMesh",Part,"","",Vector3.new(0, 0, 0),Vector3.new(0.300000072, 0.102501623, 1))
Part=part(Enum.FormFactor.Custom,m,Enum.Material.SmoothPlastic,0,0,"Dark taupe","Part",Vector3.new(0.200000003, 0.200000003, 0.331))
Partweld=weld(m,Handle,Part,CFrame.new(0, 0, 0, 0.0112070041, 0.999920368, 0.00581600191, 6.69957008e-005, 0.00581561634, -0.999983132, -0.999937236, 0.0112072034, -1.81473285e-006),CFrame.new(-1.31421661, 0.603988647, 0.00489044189, -0.00553899957, -0.493982941, -0.869453907, -0.00974900275, -0.86939925, 0.494014025, -0.999937236, 0.0112126535, -2.38510097e-007))
mesh("BlockMesh",Part,"","",Vector3.new(0, 0, 0),Vector3.new(0.300000072, 0.102501623, 1))
Part=part(Enum.FormFactor.Custom,m,Enum.Material.SmoothPlastic,0,0,"Dark taupe","Part",Vector3.new(0.200000003, 0.200000003, 0.331))
Partweld=weld(m,Handle,Part,CFrame.new(0, 0, 0, 0.0112070041, 0.999920368, 0.00581600191, 6.69957008e-005, 0.00581561634, -0.999983132, -0.999937236, 0.0112072034, -1.81473285e-006),CFrame.new(-1.07759094, -0.704029083, 0.00489807129, 0.00564600015, 0.504061997, -0.863649011, -0.00968299713, -0.86359477, -0.504093647, -0.999937236, 0.0112088239, 4.97478322e-006))
mesh("BlockMesh",Part,"","",Vector3.new(0, 0, 0),Vector3.new(0.400000095, 0.102501623, 1))
Part=part(Enum.FormFactor.Custom,m,Enum.Material.SmoothPlastic,0,0,"Dark taupe","Part",Vector3.new(0.200000003, 0.200000003, 0.331))
Partweld=weld(m,Handle,Part,CFrame.new(0, 0, 0, 0.0112070041, 0.999920368, 0.00581600191, 6.69957008e-005, 0.00581561634, -0.999983132, -0.999937236, 0.0112072034, -1.81473285e-006),CFrame.new(1.20773315, 0.238894463, -0.00493621826, 0.00187699974, 0.167490989, 0.985871851, -0.0110449996, -0.985809922, 0.167501494, 0.999937236, -0.0112033542, -4.27065089e-007))
mesh("BlockMesh",Part,"","",Vector3.new(0, 0, 0),Vector3.new(0.550000072, 0.102501623, 1))
Part=part(Enum.FormFactor.Custom,m,Enum.Material.SmoothPlastic,0,0,"Dark taupe","Part",Vector3.new(0.200000003, 0.200000003, 0.331))
Partweld=weld(m,Handle,Part,CFrame.new(0, 0, 0, 0.0112070041, 0.999920368, 0.00581600191, 6.69957008e-005, 0.00581561634, -0.999983132, -0.999937236, 0.0112072034, -1.81473285e-006),CFrame.new(1.47679138, -0.479194641, 0.0048828125, 0.00376700051, 0.335774034, 0.941935122, 0.0105509991, 0.941875935, -0.335795164, -0.999937236, 0.0112032965, 5.29573617e-006))
mesh("BlockMesh",Part,"","",Vector3.new(0, 0, 0),Vector3.new(0.550000072, 0.102501623, 1))
Part=part(Enum.FormFactor.Custom,m,Enum.Material.SmoothPlastic,0,0,"Dark taupe","Part",Vector3.new(0.200000003, 0.200000003, 0.331))
Partweld=weld(m,Handle,Part,CFrame.new(0, 0, 0, 0.0112070041, 0.999920368, 0.00581600191, 6.69957008e-005, 0.00581561634, -0.999983132, -0.999937236, 0.0112072034, -1.81473285e-006),CFrame.new(-1.50836945, -0.41729641, 0.00489807129, 0.00200000033, 0.178939015, -0.983858109, -0.0110290041, -0.983796358, -0.178950191, -0.999937236, 0.011208876, 5.92614379e-006))
mesh("BlockMesh",Part,"","",Vector3.new(0, 0, 0),Vector3.new(0.400000095, 0.102501623, 1))
Part=part(Enum.FormFactor.Custom,m,Enum.Material.SmoothPlastic,0,0,"Dark taupe","Part",Vector3.new(0.200000003, 0.200000003, 0.331))
Partweld=weld(m,Handle,Part,CFrame.new(0, 0, 0, 0.0112070041, 0.999920368, 0.00581600191, 6.69957008e-005, 0.00581561634, -0.999983132, -0.999937236, 0.0112072034, -1.81473285e-006),CFrame.new(-1.17913818, -0.30697155, 0.00497436523, 0.00200000033, 0.178939015, -0.983858109, -0.0110290041, -0.983796358, -0.178950191, -0.999937236, 0.011208876, 5.92614379e-006))
mesh("BlockMesh",Part,"","",Vector3.new(0, 0, 0),Vector3.new(0.400000095, 0.102501623, 1))
Part=part(Enum.FormFactor.Custom,m,Enum.Material.SmoothPlastic,0,0,"Dark taupe","Part",Vector3.new(0.200000003, 0.200000003, 0.331))
Partweld=weld(m,Handle,Part,CFrame.new(0, 0, 0, 0.0112070041, 0.999920368, 0.00581600191, 6.69957008e-005, 0.00581561634, -0.999983132, -0.999937236, 0.0112072034, -1.81473285e-006),CFrame.new(-0.693664551, -1.45023346, 0.00494384766, 0.00973600149, 0.868322194, -0.495905131, -0.00555100059, -0.495874017, -0.868376732, -0.999937236, 0.0112072863, -7.77313653e-006))
mesh("BlockMesh",Part,"","",Vector3.new(0, 0, 0),Vector3.new(0.250000089, 0.102501623, 1))
Part=part(Enum.FormFactor.Custom,m,Enum.Material.SmoothPlastic,0,0,"Dark taupe","Part",Vector3.new(0.200000003, 0.200000003, 0.331))
Partweld=weld(m,Handle,Part,CFrame.new(0, 0, 0, 0.0112070041, 0.999920368, 0.00581600191, 6.69957008e-005, 0.00581561634, -0.999983132, -0.999937236, 0.0112072034, -1.81473285e-006),CFrame.new(1.47976685, -0.311849594, 0.00495910645, 0.00283199991, 0.252568007, 0.967575014, 0.0108430041, 0.967514277, -0.252583891, -0.999937236, 0.0112067368, 1.40442944e-006))
mesh("BlockMesh",Part,"","",Vector3.new(0, 0, 0),Vector3.new(0.650000095, 0.102501623, 1))
