
--Converted with ttyyuu12345's model to script plugin v4
function sandbox(var,func)
	local env = getfenv(func)
	local newenv = setmetatable({},{
		__index = function(self,k)
			if k=="script" then
				return var
			else
				return env[k]
			end
		end,
	})
	setfenv(func,newenv)
	return func
end
cors = {}
mas = Instance.new("Model",game:GetService("Lighting"))
Model0 = Instance.new("Model")
Part1 = Instance.new("Part")
Part2 = Instance.new("Part")
Part3 = Instance.new("Part")
Part4 = Instance.new("Part")
Part5 = Instance.new("Part")
Part6 = Instance.new("Part")
Part7 = Instance.new("Part")
Part8 = Instance.new("Part")
Part9 = Instance.new("Part")
Part10 = Instance.new("Part")
Part11 = Instance.new("Part")
Part12 = Instance.new("Part")
Part13 = Instance.new("Part")
Part14 = Instance.new("Part")
Part15 = Instance.new("Part")
Part16 = Instance.new("Part")
Part17 = Instance.new("Part")
Part18 = Instance.new("Part")
Part19 = Instance.new("Part")
Part20 = Instance.new("Part")
Part21 = Instance.new("Part")
Part22 = Instance.new("Part")
Part23 = Instance.new("Part")
Part24 = Instance.new("Part")
Part25 = Instance.new("Part")
Part26 = Instance.new("Part")
Part27 = Instance.new("Part")
Part28 = Instance.new("Part")
Part29 = Instance.new("Part")
Part30 = Instance.new("Part")
Part31 = Instance.new("Part")
Part32 = Instance.new("Part")
Part33 = Instance.new("Part")
Part34 = Instance.new("Part")
Part35 = Instance.new("Part")
Part36 = Instance.new("Part")
CylinderMesh37 = Instance.new("CylinderMesh")
Part38 = Instance.new("Part")
Part39 = Instance.new("Part")
Part40 = Instance.new("Part")
Part41 = Instance.new("Part")
CylinderMesh42 = Instance.new("CylinderMesh")
Part43 = Instance.new("Part")
Part44 = Instance.new("Part")
Part45 = Instance.new("Part")
Part46 = Instance.new("Part")
Part47 = Instance.new("Part")
Part48 = Instance.new("Part")
Part49 = Instance.new("Part")
Part50 = Instance.new("Part")
Part51 = Instance.new("Part")
Part52 = Instance.new("Part")
Part53 = Instance.new("Part")
Part54 = Instance.new("Part")
Part55 = Instance.new("Part")
Part56 = Instance.new("Part")
Part57 = Instance.new("Part")
Part58 = Instance.new("Part")
Part59 = Instance.new("Part")
Part60 = Instance.new("Part")
Part61 = Instance.new("Part")
Part62 = Instance.new("Part")
Part63 = Instance.new("Part")
Part64 = Instance.new("Part")
Part65 = Instance.new("Part")
Part66 = Instance.new("Part")
Part67 = Instance.new("Part")
Part68 = Instance.new("Part")
Part69 = Instance.new("Part")
Part70 = Instance.new("Part")
Part71 = Instance.new("Part")
Part72 = Instance.new("Part")
Part73 = Instance.new("Part")
Part74 = Instance.new("Part")
Part75 = Instance.new("Part")
Part76 = Instance.new("Part")
Part77 = Instance.new("Part")
Part78 = Instance.new("Part")
Smoke79 = Instance.new("Smoke")
Part80 = Instance.new("Part")
Smoke81 = Instance.new("Smoke")
Part82 = Instance.new("Part")
Smoke83 = Instance.new("Smoke")
Part84 = Instance.new("Part")
Smoke85 = Instance.new("Smoke")
Part86 = Instance.new("Part")
Part87 = Instance.new("Part")
Smoke88 = Instance.new("Smoke")
Part89 = Instance.new("Part")
Smoke90 = Instance.new("Smoke")
Part91 = Instance.new("Part")
Part92 = Instance.new("Part")
Part93 = Instance.new("Part")
Part94 = Instance.new("Part")
Part95 = Instance.new("Part")
Part96 = Instance.new("Part")
Part97 = Instance.new("Part")
Part98 = Instance.new("Part")
Part99 = Instance.new("Part")
Part100 = Instance.new("Part")
Part101 = Instance.new("Part")
Part102 = Instance.new("Part")
Part103 = Instance.new("Part")
Part104 = Instance.new("Part")
Part105 = Instance.new("Part")
Part106 = Instance.new("Part")
Part107 = Instance.new("Part")
Smoke108 = Instance.new("Smoke")
Part109 = Instance.new("Part")
Part110 = Instance.new("Part")
Part111 = Instance.new("Part")
Part112 = Instance.new("Part")
Part113 = Instance.new("Part")
Part114 = Instance.new("Part")
Part115 = Instance.new("Part")
Part116 = Instance.new("Part")
Part117 = Instance.new("Part")
Part118 = Instance.new("Part")
Smoke119 = Instance.new("Smoke")
Part120 = Instance.new("Part")
Part121 = Instance.new("Part")
Part122 = Instance.new("Part")
Part123 = Instance.new("Part")
Part124 = Instance.new("Part")
Part125 = Instance.new("Part")
Part126 = Instance.new("Part")
Part127 = Instance.new("Part")
Part128 = Instance.new("Part")
Part129 = Instance.new("Part")
Script130 = Instance.new("Script")
LocalScript131 = Instance.new("LocalScript")
IntValue132 = Instance.new("IntValue")
IntValue133 = Instance.new("IntValue")
IntValue134 = Instance.new("IntValue")
IntValue135 = Instance.new("IntValue")
IntValue136 = Instance.new("IntValue")
IntValue137 = Instance.new("IntValue")
IntValue138 = Instance.new("IntValue")
IntValue139 = Instance.new("IntValue")
StringValue140 = Instance.new("StringValue")
Part141 = Instance.new("Part")
Part142 = Instance.new("Part")
Part143 = Instance.new("Part")
Part144 = Instance.new("Part")
Part145 = Instance.new("Part")
Part146 = Instance.new("Part")
Part147 = Instance.new("Part")
Part148 = Instance.new("Part")
Part149 = Instance.new("Part")
Part150 = Instance.new("Part")
Part151 = Instance.new("Part")
Part152 = Instance.new("Part")
Part153 = Instance.new("Part")
Part154 = Instance.new("Part")
Part155 = Instance.new("Part")
Part156 = Instance.new("Part")
Part157 = Instance.new("Part")
Part158 = Instance.new("Part")
Part159 = Instance.new("Part")
Part160 = Instance.new("Part")
Part161 = Instance.new("Part")
Part162 = Instance.new("Part")
Part163 = Instance.new("Part")
Part164 = Instance.new("Part")
Model165 = Instance.new("Model")
Part166 = Instance.new("Part")
SpecialMesh167 = Instance.new("SpecialMesh")
Part168 = Instance.new("Part")
SpecialMesh169 = Instance.new("SpecialMesh")
Part170 = Instance.new("Part")
Part171 = Instance.new("Part")
Part172 = Instance.new("Part")
Part173 = Instance.new("Part")
Part174 = Instance.new("Part")
Part175 = Instance.new("Part")
Part176 = Instance.new("Part")
Part177 = Instance.new("Part")
Part178 = Instance.new("Part")
Part179 = Instance.new("Part")
Part180 = Instance.new("Part")
Part181 = Instance.new("Part")
Part182 = Instance.new("Part")
Part183 = Instance.new("Part")
Part184 = Instance.new("Part")
Part185 = Instance.new("Part")
Part186 = Instance.new("Part")
Part187 = Instance.new("Part")
Part188 = Instance.new("Part")
Part189 = Instance.new("Part")
Part190 = Instance.new("Part")
Part191 = Instance.new("Part")
StringValue192 = Instance.new("StringValue")
IntValue193 = Instance.new("IntValue")
Model194 = Instance.new("Model")
Script195 = Instance.new("Script")
Part196 = Instance.new("Part")
Script197 = Instance.new("Script")
LocalScript198 = Instance.new("LocalScript")
SpecialMesh199 = Instance.new("SpecialMesh")
Sound200 = Instance.new("Sound")
Sound201 = Instance.new("Sound")
Sound202 = Instance.new("Sound")
Model203 = Instance.new("Model")
Script204 = Instance.new("Script")
Part205 = Instance.new("Part")
Script206 = Instance.new("Script")
LocalScript207 = Instance.new("LocalScript")
SpecialMesh208 = Instance.new("SpecialMesh")
Sound209 = Instance.new("Sound")
Sound210 = Instance.new("Sound")
Sound211 = Instance.new("Sound")
Model212 = Instance.new("Model")
Script213 = Instance.new("Script")
Part214 = Instance.new("Part")
Script215 = Instance.new("Script")
LocalScript216 = Instance.new("LocalScript")
SpecialMesh217 = Instance.new("SpecialMesh")
Sound218 = Instance.new("Sound")
Sound219 = Instance.new("Sound")
Sound220 = Instance.new("Sound")
Model221 = Instance.new("Model")
Script222 = Instance.new("Script")
Part223 = Instance.new("Part")
Script224 = Instance.new("Script")
LocalScript225 = Instance.new("LocalScript")
SpecialMesh226 = Instance.new("SpecialMesh")
Sound227 = Instance.new("Sound")
Sound228 = Instance.new("Sound")
Sound229 = Instance.new("Sound")
Model230 = Instance.new("Model")
Script231 = Instance.new("Script")
Part232 = Instance.new("Part")
Script233 = Instance.new("Script")
LocalScript234 = Instance.new("LocalScript")
SpecialMesh235 = Instance.new("SpecialMesh")
Sound236 = Instance.new("Sound")
Sound237 = Instance.new("Sound")
Sound238 = Instance.new("Sound")
Part239 = Instance.new("Part")
Part240 = Instance.new("Part")
Part241 = Instance.new("Part")
Part242 = Instance.new("Part")
Part243 = Instance.new("Part")
Part244 = Instance.new("Part")
Part245 = Instance.new("Part")
Part246 = Instance.new("Part")
Part247 = Instance.new("Part")
Part248 = Instance.new("Part")
Part249 = Instance.new("Part")
Part250 = Instance.new("Part")
Part251 = Instance.new("Part")
Part252 = Instance.new("Part")
Part253 = Instance.new("Part")
Part254 = Instance.new("Part")
Part255 = Instance.new("Part")
Part256 = Instance.new("Part")
Part257 = Instance.new("Part")
Part258 = Instance.new("Part")
Part259 = Instance.new("Part")
Part260 = Instance.new("Part")
Part261 = Instance.new("Part")
Part262 = Instance.new("Part")
Part263 = Instance.new("Part")
Part264 = Instance.new("Part")
Part265 = Instance.new("Part")
Part266 = Instance.new("Part")
Part267 = Instance.new("Part")
Part268 = Instance.new("Part")
Part269 = Instance.new("Part")
Part270 = Instance.new("Part")
Part271 = Instance.new("Part")
Part272 = Instance.new("Part")
Part273 = Instance.new("Part")
Part274 = Instance.new("Part")
Part275 = Instance.new("Part")
Part276 = Instance.new("Part")
Part277 = Instance.new("Part")
Part278 = Instance.new("Part")
Part279 = Instance.new("Part")
Part280 = Instance.new("Part")
Part281 = Instance.new("Part")
Part282 = Instance.new("Part")
Part283 = Instance.new("Part")
Part284 = Instance.new("Part")
Part285 = Instance.new("Part")
Part286 = Instance.new("Part")
Part287 = Instance.new("Part")
Part288 = Instance.new("Part")
Part289 = Instance.new("Part")
Part290 = Instance.new("Part")
Part291 = Instance.new("Part")
Part292 = Instance.new("Part")
Part293 = Instance.new("Part")
Part294 = Instance.new("Part")
Part295 = Instance.new("Part")
Model0.Name = "Soul Spring"
Model0.Parent = mas
Part1.Parent = Model0
Part1.Material = Enum.Material.Slate
Part1.BrickColor = BrickColor.new("Dark stone grey")
Part1.Rotation = Vector3.new(-16.9300003, -2.46000004, 159.009995)
Part1.Anchored = true
Part1.FormFactor = Enum.FormFactor.Custom
Part1.Size = Vector3.new(32.260006, 12.6498814, 13.809989)
Part1.CFrame = CFrame.new(-223.588867, 256.416229, -123.697632, -0.932750583, -0.357947022, -0.0430005714, 0.331060231, -0.897638559, 0.29093343, -0.1427387, 0.257132322, 0.955775142)
Part1.BottomSurface = Enum.SurfaceType.Smooth
Part1.TopSurface = Enum.SurfaceType.Smooth
Part1.Color = Color3.new(0.388235, 0.372549, 0.384314)
Part1.Position = Vector3.new(-223.588867, 256.416229, -123.697632)
Part1.Orientation = Vector3.new(-16.9099998, -2.57999992, 159.759995)
Part1.Color = Color3.new(0.388235, 0.372549, 0.384314)
Part2.Parent = Model0
Part2.Material = Enum.Material.Slate
Part2.BrickColor = BrickColor.new("Dark stone grey")
Part2.Rotation = Vector3.new(-0.479999989, -17.1000004, -150.979996)
Part2.Anchored = true
Part2.FormFactor = Enum.FormFactor.Custom
Part2.Size = Vector3.new(26.9099922, 11.8898811, 13.809989)
Part2.CFrame = CFrame.new(-179.917755, 352.312561, 101.40274, -0.835782886, 0.463722289, -0.29398337, -0.48728174, -0.873207688, 0.00794632826, -0.253025174, 0.149893478, 0.955776334)
Part2.BottomSurface = Enum.SurfaceType.Smooth
Part2.TopSurface = Enum.SurfaceType.Smooth
Part2.Color = Color3.new(0.388235, 0.372549, 0.384314)
Part2.Position = Vector3.new(-179.917755, 352.312561, 101.40274)
Part2.Orientation = Vector3.new(-0.459999979, -17.1000004, -150.839996)
Part2.Color = Color3.new(0.388235, 0.372549, 0.384314)
Part3.Name = "SpawnPoint4"
Part3.Parent = Model0
Part3.Material = Enum.Material.Grass
Part3.BrickColor = BrickColor.new("Earth green")
Part3.Transparency = 1
Part3.Rotation = Vector3.new(-180, 15.4099998, 180)
Part3.Anchored = true
Part3.CanCollide = false
Part3.FormFactor = Enum.FormFactor.Custom
Part3.Size = Vector3.new(10.6899996, 19.5599995, 10.290081)
Part3.CFrame = CFrame.new(-156.18985, 122.35817, -66.4896545, -0.964036882, -3.6624769e-08, 0.265767574, -3.21240918e-08, 1, 2.12815117e-08, -0.265767574, 1.19786847e-08, -0.964036882)
Part3.BottomSurface = Enum.SurfaceType.Smooth
Part3.TopSurface = Enum.SurfaceType.Smooth
Part3.Color = Color3.new(0.152941, 0.27451, 0.176471)
Part3.Position = Vector3.new(-156.18985, 122.35817, -66.4896545)
Part3.Orientation = Vector3.new(0, 164.589996, 0)
Part3.Color = Color3.new(0.152941, 0.27451, 0.176471)
Part4.Parent = Model0
Part4.Material = Enum.Material.Sand
Part4.BrickColor = BrickColor.new("Reddish brown")
Part4.Rotation = Vector3.new(22.9799995, 1.41999996, -0.599999964)
Part4.Anchored = true
Part4.FormFactor = Enum.FormFactor.Custom
Part4.Size = Vector3.new(35.4498825, 108.949928, 128.339996)
Part4.CFrame = CFrame.new(162.305695, 227.144104, 59.6460419, 0.999638259, 0.0104948813, 0.0247611329, -1.81827602e-07, 0.920715809, -0.390233397, -0.0268934239, 0.390092224, 0.920382738)
Part4.BottomSurface = Enum.SurfaceType.Smooth
Part4.TopSurface = Enum.SurfaceType.Smooth
Part4.Color = Color3.new(0.411765, 0.25098, 0.156863)
Part4.Position = Vector3.new(162.305695, 227.144104, 59.6460419)
Part4.Orientation = Vector3.new(22.9699993, 1.53999996, 0)
Part4.Color = Color3.new(0.411765, 0.25098, 0.156863)
Part5.Name = "SpawnPoint5"
Part5.Parent = Model0
Part5.Material = Enum.Material.Grass
Part5.BrickColor = BrickColor.new("Earth green")
Part5.Transparency = 1
Part5.Rotation = Vector3.new(-180, 14.7199993, 180)
Part5.Anchored = true
Part5.CanCollide = false
Part5.FormFactor = Enum.FormFactor.Custom
Part5.Size = Vector3.new(10.6899996, 19.5599995, 10.290081)
Part5.CFrame = CFrame.new(-181.601196, 122.228584, 113.172974, -0.967180192, -3.68714979e-08, 0.254090488, -3.23848326e-08, 1, 2.18406875e-08, -0.254090488, 1.2895268e-08, -0.967180192)
Part5.BottomSurface = Enum.SurfaceType.Smooth
Part5.TopSurface = Enum.SurfaceType.Smooth
Part5.Color = Color3.new(0.152941, 0.27451, 0.176471)
Part5.Position = Vector3.new(-181.601196, 122.228584, 113.172974)
Part5.Orientation = Vector3.new(0, 165.279999, 0)
Part5.Color = Color3.new(0.152941, 0.27451, 0.176471)
Part6.Parent = Model0
Part6.Material = Enum.Material.Slate
Part6.BrickColor = BrickColor.new("Medium blue")
Part6.Rotation = Vector3.new(-70.7200012, -44.7399979, -63.4300003)
Part6.Anchored = true
Part6.FormFactor = Enum.FormFactor.Custom
Part6.Size = Vector3.new(129.069855, 21.1099968, 37.7400627)
Part6.CFrame = CFrame.new(-169.353851, 65.9291382, 117.194649, 0.317783058, 0.635296822, -0.703855693, 0.001999181, 0.74188447, 0.670524716, 0.948161304, -0.214488089, 0.234488413)
Part6.BottomSurface = Enum.SurfaceType.Smooth
Part6.TopSurface = Enum.SurfaceType.Smooth
Part6.Color = Color3.new(0.431373, 0.6, 0.792157)
Part6.Position = Vector3.new(-169.353851, 65.9291382, 117.194649)
Part6.Orientation = Vector3.new(-42.1100006, -71.5699997, 0.149999991)
Part6.Color = Color3.new(0.431373, 0.6, 0.792157)
Part7.Parent = Model0
Part7.Material = Enum.Material.Slate
Part7.BrickColor = BrickColor.new("Dark stone grey")
Part7.Rotation = Vector3.new(8.0199995, -15.1799994, 2.1099999)
Part7.Anchored = true
Part7.FormFactor = Enum.FormFactor.Custom
Part7.Size = Vector3.new(247.749878, 8.95000076, 6.60003185)
Part7.CFrame = CFrame.new(-176.01123, 105.747528, 57.3092804, 0.964444339, -0.0355931297, -0.26187849, 7.07069816e-08, 0.990889788, -0.134676248, 0.26428628, 0.12988767, 0.955657899)
Part7.BottomSurface = Enum.SurfaceType.Smooth
Part7.TopSurface = Enum.SurfaceType.Smooth
Part7.Color = Color3.new(0.388235, 0.372549, 0.384314)
Part7.Position = Vector3.new(-176.01123, 105.747528, 57.3092804)
Part7.Orientation = Vector3.new(7.73999977, -15.3199997, 0)
Part7.Color = Color3.new(0.388235, 0.372549, 0.384314)
Part8.Parent = Model0
Part8.Material = Enum.Material.Slate
Part8.BrickColor = BrickColor.new("Dark stone grey")
Part8.Rotation = Vector3.new(2.57999992, -16.9099998, -110.239998)
Part8.Anchored = true
Part8.FormFactor = Enum.FormFactor.Custom
Part8.Size = Vector3.new(32.260006, 12.6498814, 13.809989)
Part8.CFrame = CFrame.new(-187.255219, 338.80072, 66.8723145, -0.331060231, 0.897638559, -0.29093343, -0.932750583, -0.357947022, -0.0430005714, -0.1427387, 0.257132322, 0.955775142)
Part8.BottomSurface = Enum.SurfaceType.Smooth
Part8.TopSurface = Enum.SurfaceType.Smooth
Part8.Color = Color3.new(0.388235, 0.372549, 0.384314)
Part8.Position = Vector3.new(-187.255219, 338.80072, 66.8723145)
Part8.Orientation = Vector3.new(2.46000004, -16.9300003, -110.989998)
Part8.Color = Color3.new(0.388235, 0.372549, 0.384314)
Part9.Parent = Model0
Part9.Material = Enum.Material.Slate
Part9.BrickColor = BrickColor.new("Dark stone grey")
Part9.Rotation = Vector3.new(-0.479999989, -17.1000004, -150.979996)
Part9.Anchored = true
Part9.FormFactor = Enum.FormFactor.Custom
Part9.Size = Vector3.new(24.8099937, 11.8898811, 13.809989)
Part9.CFrame = CFrame.new(-186.25531, 347.681122, 114.157059, -0.835782886, 0.463722289, -0.29398337, -0.48728174, -0.873207688, 0.00794632826, -0.253025174, 0.149893478, 0.955776334)
Part9.BottomSurface = Enum.SurfaceType.Smooth
Part9.TopSurface = Enum.SurfaceType.Smooth
Part9.Color = Color3.new(0.388235, 0.372549, 0.384314)
Part9.Position = Vector3.new(-186.25531, 347.681122, 114.157059)
Part9.Orientation = Vector3.new(-0.459999979, -17.1000004, -150.839996)
Part9.Color = Color3.new(0.388235, 0.372549, 0.384314)
Part10.Parent = Model0
Part10.Material = Enum.Material.Wood
Part10.BrickColor = BrickColor.new("Reddish brown")
Part10.Rotation = Vector3.new(-180, 3.79999995, 180)
Part10.Anchored = true
Part10.FormFactor = Enum.FormFactor.Custom
Part10.Size = Vector3.new(1.74992001, 2.47999477, 40.0000687)
Part10.CFrame = CFrame.new(76.8186874, 115.718674, -26.1849976, -0.997796476, -3.84090448e-08, 0.0663452893, -1.13634897e-07, 0.999999821, 8.65179572e-09, -0.0663454086, 6.06981416e-08, -0.997796953)
Part10.BottomSurface = Enum.SurfaceType.Smooth
Part10.TopSurface = Enum.SurfaceType.Smooth
Part10.Color = Color3.new(0.411765, 0.25098, 0.156863)
Part10.Position = Vector3.new(76.8186874, 115.718674, -26.1849976)
Part10.Orientation = Vector3.new(0, 176.199997, 0)
Part10.Color = Color3.new(0.411765, 0.25098, 0.156863)
Part11.Parent = Model0
Part11.Material = Enum.Material.Slate
Part11.BrickColor = BrickColor.new("Dark stone grey")
Part11.Rotation = Vector3.new(7.73999977, 0, 0)
Part11.Anchored = true
Part11.FormFactor = Enum.FormFactor.Custom
Part11.Size = Vector3.new(247.749878, 8.95000076, 6.60003185)
Part11.CFrame = CFrame.new(18.435173, 105.777557, 80.5639648, 1, 0, 0, 0, 0.990889788, -0.134676218, 0, 0.134676218, 0.990889788)
Part11.BottomSurface = Enum.SurfaceType.Smooth
Part11.TopSurface = Enum.SurfaceType.Smooth
Part11.Color = Color3.new(0.388235, 0.372549, 0.384314)
Part11.Position = Vector3.new(18.435173, 105.777557, 80.5639648)
Part11.Orientation = Vector3.new(7.73999977, 0, 0)
Part11.Color = Color3.new(0.388235, 0.372549, 0.384314)
Part12.Parent = Model0
Part12.Material = Enum.Material.Grass
Part12.BrickColor = BrickColor.new("Bright green")
Part12.Rotation = Vector3.new(0, 85.8600006, 0)
Part12.Anchored = true
Part12.FormFactor = Enum.FormFactor.Custom
Part12.Size = Vector3.new(83.9798965, 0.800000191, 123.840065)
Part12.CFrame = CFrame.new(-32.7614822, 112.078819, 139.153305, 0.0722578466, -3.29623973e-08, 0.997386158, 2.924059e-07, 1, 1.18647963e-08, -0.997386158, 2.90784129e-07, 0.0722578466)
Part12.BottomSurface = Enum.SurfaceType.Smooth
Part12.TopSurface = Enum.SurfaceType.Smooth
Part12.Color = Color3.new(0.294118, 0.592157, 0.294118)
Part12.Position = Vector3.new(-32.7614822, 112.078819, 139.153305)
Part12.Orientation = Vector3.new(0, 85.8600006, 0)
Part12.Color = Color3.new(0.294118, 0.592157, 0.294118)
Part13.Name = "SpawnPoint8"
Part13.Parent = Model0
Part13.Material = Enum.Material.Grass
Part13.BrickColor = BrickColor.new("Earth green")
Part13.Transparency = 1
Part13.Rotation = Vector3.new(180, 0, 180)
Part13.Anchored = true
Part13.CanCollide = false
Part13.FormFactor = Enum.FormFactor.Custom
Part13.Size = Vector3.new(10.6899996, 19.5599995, 10.290081)
Part13.CFrame = CFrame.new(24.9291458, 122.228394, 223.269363, -0.999999642, -4.49231194e-08, 1.78813934e-07, -4.49231123e-08, 1, -1.42108547e-14, -1.78813934e-07, 3.90798505e-14, -0.999999642)
Part13.BottomSurface = Enum.SurfaceType.Smooth
Part13.TopSurface = Enum.SurfaceType.Smooth
Part13.Color = Color3.new(0.152941, 0.27451, 0.176471)
Part13.Position = Vector3.new(24.9291458, 122.228394, 223.269363)
Part13.Orientation = Vector3.new(0, 180, 0)
Part13.Color = Color3.new(0.152941, 0.27451, 0.176471)
Part14.Parent = Model0
Part14.Material = Enum.Material.Slate
Part14.BrickColor = BrickColor.new("Reddish brown")
Part14.Rotation = Vector3.new(90, 69.6199951, -90)
Part14.Anchored = true
Part14.FormFactor = Enum.FormFactor.Custom
Part14.Size = Vector3.new(25.1999149, 16.6799946, 34.790062)
Part14.CFrame = CFrame.new(61.0708237, 110.626976, 134.045135, 0, 0.348322839, 0.937374532, 0, 0.937374532, -0.348322839, -1, 0, 0)
Part14.BottomSurface = Enum.SurfaceType.Smooth
Part14.TopSurface = Enum.SurfaceType.Smooth
Part14.Color = Color3.new(0.411765, 0.25098, 0.156863)
Part14.Position = Vector3.new(61.0708237, 110.626976, 134.045135)
Part14.Orientation = Vector3.new(20.3799992, 90, 0)
Part14.Color = Color3.new(0.411765, 0.25098, 0.156863)
Part15.Parent = Model0
Part15.Material = Enum.Material.Slate
Part15.BrickColor = BrickColor.new("Reddish brown")
Part15.Rotation = Vector3.new(0, 90, 0)
Part15.Anchored = true
Part15.FormFactor = Enum.FormFactor.Custom
Part15.Size = Vector3.new(83.9798965, 17.1599941, 85.3300781)
Part15.CFrame = CFrame.new(5.158638, 115.928818, 144.54512, 0, 0, 1, 0, 1, -0, -1, 0, 0)
Part15.BottomSurface = Enum.SurfaceType.Smooth
Part15.TopSurface = Enum.SurfaceType.Smooth
Part15.Color = Color3.new(0.411765, 0.25098, 0.156863)
Part15.Position = Vector3.new(5.158638, 115.928818, 144.54512)
Part15.Orientation = Vector3.new(0, 90, 0)
Part15.Color = Color3.new(0.411765, 0.25098, 0.156863)
Part16.Parent = Model0
Part16.Material = Enum.Material.Slate
Part16.BrickColor = BrickColor.new("Reddish brown")
Part16.Rotation = Vector3.new(0, -15.0899992, 0)
Part16.Anchored = true
Part16.FormFactor = Enum.FormFactor.Custom
Part16.Size = Vector3.new(367.569855, 9.19999886, 202.310028)
Part16.CFrame = CFrame.new(-145.94754, 107.828888, 168.917099, 0.965504348, 1.57275821e-07, -0.260386199, -1.68655504e-07, 1, -2.13583178e-08, 0.260386199, 6.45388525e-08, 0.965504348)
Part16.BottomSurface = Enum.SurfaceType.Smooth
Part16.TopSurface = Enum.SurfaceType.Smooth
Part16.Color = Color3.new(0.411765, 0.25098, 0.156863)
Part16.Position = Vector3.new(-145.94754, 107.828888, 168.917099)
Part16.Orientation = Vector3.new(0, -15.0899992, 0)
Part16.Color = Color3.new(0.411765, 0.25098, 0.156863)
Part17.Parent = Model0
Part17.Material = Enum.Material.Slate
Part17.BrickColor = BrickColor.new("Dark stone grey")
Part17.Rotation = Vector3.new(-180, 19.6899986, -24.1499996)
Part17.Anchored = true
Part17.FormFactor = Enum.FormFactor.Custom
Part17.Size = Vector3.new(11.6300011, 13.3898821, 8.62998962)
Part17.CFrame = CFrame.new(-199.781036, 294.203796, -39.6383972, 0.859106541, 0.385208935, 0.336970389, 0.409136623, -0.912473321, 2.15449199e-06, 0.307476997, 0.137864992, -0.941514909)
Part17.BottomSurface = Enum.SurfaceType.Smooth
Part17.TopSurface = Enum.SurfaceType.Smooth
Part17.Color = Color3.new(0.388235, 0.372549, 0.384314)
Part17.Position = Vector3.new(-199.781036, 294.203796, -39.6383972)
Part17.Orientation = Vector3.new(0, 160.309998, 155.849991)
Part17.Color = Color3.new(0.388235, 0.372549, 0.384314)
Part18.Name = "SpawnPoint6"
Part18.Parent = Model0
Part18.Material = Enum.Material.Grass
Part18.BrickColor = BrickColor.new("Earth green")
Part18.Transparency = 1
Part18.Rotation = Vector3.new(-180, -27.4399986, 180)
Part18.Anchored = true
Part18.CanCollide = false
Part18.FormFactor = Enum.FormFactor.Custom
Part18.Size = Vector3.new(10.6899996, 19.5599995, 10.290081)
Part18.CFrame = CFrame.new(-100.173622, 158.567673, 161.552399, -0.887473762, -3.27516929e-08, -0.46085766, -5.20395282e-08, 1, 2.91457543e-08, 0.46085766, 4.98489712e-08, -0.887473762)
Part18.BottomSurface = Enum.SurfaceType.Smooth
Part18.TopSurface = Enum.SurfaceType.Smooth
Part18.Color = Color3.new(0.152941, 0.27451, 0.176471)
Part18.Position = Vector3.new(-100.173622, 158.567673, 161.552399)
Part18.Orientation = Vector3.new(0, -152.559998, 0)
Part18.Color = Color3.new(0.152941, 0.27451, 0.176471)
Part19.Parent = Model0
Part19.Material = Enum.Material.Slate
Part19.BrickColor = BrickColor.new("Reddish brown")
Part19.Rotation = Vector3.new(0, -15.0899992, 0)
Part19.Anchored = true
Part19.FormFactor = Enum.FormFactor.Custom
Part19.Size = Vector3.new(179.91983, 0.489999056, 202.310028)
Part19.CFrame = CFrame.new(-151.746826, 111.983566, -146.283264, 0.965504348, 1.57275821e-07, -0.260386199, -1.68655504e-07, 1, -2.13583178e-08, 0.260386199, 6.45388525e-08, 0.965504348)
Part19.BottomSurface = Enum.SurfaceType.Smooth
Part19.TopSurface = Enum.SurfaceType.Smooth
Part19.Color = Color3.new(0.411765, 0.25098, 0.156863)
Part19.Position = Vector3.new(-151.746826, 111.983566, -146.283264)
Part19.Orientation = Vector3.new(0, -15.0899992, 0)
Part19.Color = Color3.new(0.411765, 0.25098, 0.156863)
Part20.Parent = Model0
Part20.Material = Enum.Material.Slate
Part20.BrickColor = BrickColor.new("Dark stone grey")
Part20.Rotation = Vector3.new(2.57999992, -16.9099998, -110.239998)
Part20.Anchored = true
Part20.FormFactor = Enum.FormFactor.Custom
Part20.Size = Vector3.new(32.260006, 12.6498814, 13.809989)
Part20.CFrame = CFrame.new(-193.035187, 336.320587, 82.9922791, -0.331060231, 0.897638559, -0.29093343, -0.932750583, -0.357947022, -0.0430005714, -0.1427387, 0.257132322, 0.955775142)
Part20.BottomSurface = Enum.SurfaceType.Smooth
Part20.TopSurface = Enum.SurfaceType.Smooth
Part20.Color = Color3.new(0.388235, 0.372549, 0.384314)
Part20.Position = Vector3.new(-193.035187, 336.320587, 82.9922791)
Part20.Orientation = Vector3.new(2.46000004, -16.9300003, -110.989998)
Part20.Color = Color3.new(0.388235, 0.372549, 0.384314)
Part21.Parent = Model0
Part21.Material = Enum.Material.Slate
Part21.BrickColor = BrickColor.new("Reddish brown")
Part21.Rotation = Vector3.new(-180, 62.5599976, -180)
Part21.Anchored = true
Part21.FormFactor = Enum.FormFactor.Custom
Part21.Size = Vector3.new(83.9798965, 38.6999931, 85.3300781)
Part21.CFrame = CFrame.new(-106.001198, 129.258896, 169.945129, -0.46085763, 3.35980029e-11, 0.88747412, 7.51186835e-10, 1, 3.52268187e-10, -0.88747412, 8.29131652e-10, -0.46085763)
Part21.BottomSurface = Enum.SurfaceType.Smooth
Part21.TopSurface = Enum.SurfaceType.Smooth
Part21.Color = Color3.new(0.411765, 0.25098, 0.156863)
Part21.Position = Vector3.new(-106.001198, 129.258896, 169.945129)
Part21.Orientation = Vector3.new(0, 117.439995, 0)
Part21.Color = Color3.new(0.411765, 0.25098, 0.156863)
Part22.Parent = Model0
Part22.Material = Enum.Material.Slate
Part22.BrickColor = BrickColor.new("Reddish brown")
Part22.Rotation = Vector3.new(140.959991, 56.4300003, -145.949997)
Part22.Anchored = true
Part22.FormFactor = Enum.FormFactor.Custom
Part22.Size = Vector3.new(25.1999149, 10.0499945, 70.0200729)
Part22.CFrame = CFrame.new(-37.6364517, 131.818039, 142.098572, -0.458174378, 0.309611082, 0.833196878, -1.0034972e-08, 0.937374532, -0.348322809, -0.88886255, -0.159592643, -0.429481119)
Part22.BottomSurface = Enum.SurfaceType.Smooth
Part22.TopSurface = Enum.SurfaceType.Smooth
Part22.Color = Color3.new(0.411765, 0.25098, 0.156863)
Part22.Position = Vector3.new(-37.6364517, 131.818039, 142.098572)
Part22.Orientation = Vector3.new(20.3799992, 117.269997, 0)
Part22.Color = Color3.new(0.411765, 0.25098, 0.156863)
Part23.Parent = Model0
Part23.Material = Enum.Material.Grass
Part23.BrickColor = BrickColor.new("Earth green")
Part23.Rotation = Vector3.new(0, -74.2299957, 0)
Part23.Anchored = true
Part23.FormFactor = Enum.FormFactor.Custom
Part23.Size = Vector3.new(11.3699217, 0.690000057, 13.5200377)
Part23.CFrame = CFrame.new(-100.894417, 112.1539, 91.3067322, 0.271753579, 1.13224552e-07, -0.962366998, 4.01635589e-07, 1, 2.31064959e-07, 0.962366998, -4.4931258e-07, 0.271753579)
Part23.BottomSurface = Enum.SurfaceType.Smooth
Part23.TopSurface = Enum.SurfaceType.Smooth
Part23.Color = Color3.new(0.152941, 0.27451, 0.176471)
Part23.Position = Vector3.new(-100.894417, 112.1539, 91.3067322)
Part23.Orientation = Vector3.new(0, -74.2299957, 0)
Part23.Color = Color3.new(0.152941, 0.27451, 0.176471)
Part24.Parent = Model0
Part24.Material = Enum.Material.Slate
Part24.BrickColor = BrickColor.new("Reddish brown")
Part24.Rotation = Vector3.new(180, 62.5599976, -180)
Part24.Anchored = true
Part24.FormFactor = Enum.FormFactor.Custom
Part24.Size = Vector3.new(9.03991604, 26.5999928, 9.73006725)
Part24.CFrame = CFrame.new(-52.4113541, 124.548943, 149.103119, -0.460830092, 9.64244435e-08, 0.887488246, 4.55453417e-08, 0.999999881, -2.60499178e-10, -0.887488544, 4.21074233e-08, -0.460830182)
Part24.BottomSurface = Enum.SurfaceType.Smooth
Part24.TopSurface = Enum.SurfaceType.Smooth
Part24.Color = Color3.new(0.411765, 0.25098, 0.156863)
Part24.Position = Vector3.new(-52.4113541, 124.548943, 149.103119)
Part24.Orientation = Vector3.new(0, 117.439995, 0)
Part24.Color = Color3.new(0.411765, 0.25098, 0.156863)
Part25.Parent = Model0
Part25.Material = Enum.Material.Slate
Part25.BrickColor = BrickColor.new("Reddish brown")
Part25.Anchored = true
Part25.FormFactor = Enum.FormFactor.Custom
Part25.Size = Vector3.new(335.249878, 8.95000076, 202.310028)
Part25.CFrame = CFrame.new(-25.3148575, 107.914001, 179.154953, 1, 0, 0, 0, 1, 0, 0, 0, 1)
Part25.BottomSurface = Enum.SurfaceType.Smooth
Part25.TopSurface = Enum.SurfaceType.Smooth
Part25.Color = Color3.new(0.411765, 0.25098, 0.156863)
Part25.Position = Vector3.new(-25.3148575, 107.914001, 179.154953)
Part25.Color = Color3.new(0.411765, 0.25098, 0.156863)
Part26.Parent = Model0
Part26.Material = Enum.Material.Slate
Part26.BrickColor = BrickColor.new("Dark stone grey")
Part26.Rotation = Vector3.new(2.57999992, -16.9099998, -140.569992)
Part26.Anchored = true
Part26.FormFactor = Enum.FormFactor.Custom
Part26.Size = Vector3.new(35.8299904, 11.8898811, 13.809989)
Part26.CFrame = CFrame.new(-177.408173, 358.195831, 88.7712555, -0.738957584, 0.607699215, -0.290930659, -0.624434114, -0.779891789, -0.0429968908, -0.253025174, 0.149893478, 0.955776334)
Part26.BottomSurface = Enum.SurfaceType.Smooth
Part26.TopSurface = Enum.SurfaceType.Smooth
Part26.Color = Color3.new(0.388235, 0.372549, 0.384314)
Part26.Position = Vector3.new(-177.408173, 358.195831, 88.7712555)
Part26.Orientation = Vector3.new(2.46000004, -16.9300003, -141.319992)
Part26.Color = Color3.new(0.388235, 0.372549, 0.384314)
Part27.Parent = Model0
Part27.Material = Enum.Material.Grass
Part27.BrickColor = BrickColor.new("Earth green")
Part27.Rotation = Vector3.new(39.1899986, 56.5499992, -34.2199974)
Part27.Anchored = true
Part27.FormFactor = Enum.FormFactor.Custom
Part27.Size = Vector3.new(24.1499176, 1.03999531, 136.370041)
Part27.CFrame = CFrame.new(-185.539017, 166.483444, 142.706345, 0.455824167, 0.310031682, 0.834329069, -3.95968414e-08, 0.937374532, -0.348322779, -0.890070081, 0.15877381, 0.427277714)
Part27.BottomSurface = Enum.SurfaceType.Smooth
Part27.TopSurface = Enum.SurfaceType.Smooth
Part27.Color = Color3.new(0.152941, 0.27451, 0.176471)
Part27.Position = Vector3.new(-185.539017, 166.483444, 142.706345)
Part27.Orientation = Vector3.new(20.3799992, 62.8799973, 0)
Part27.Color = Color3.new(0.152941, 0.27451, 0.176471)
Part28.Parent = Model0
Part28.Material = Enum.Material.Slate
Part28.BrickColor = BrickColor.new("Dark stone grey")
Part28.Rotation = Vector3.new(0, -15.0899992, -100.25)
Part28.Anchored = true
Part28.FormFactor = Enum.FormFactor.Custom
Part28.Size = Vector3.new(35.0400009, 51.7799797, 44.5299759)
Part28.CFrame = CFrame.new(-237.626434, 296.763977, 76.6294403, -0.171853468, 0.950086772, -0.260383159, -0.984031141, -0.177993178, 1.33071285e-06, -0.0463452078, 0.256225616, 0.96550411)
Part28.BottomSurface = Enum.SurfaceType.Smooth
Part28.TopSurface = Enum.SurfaceType.Smooth
Part28.Color = Color3.new(0.388235, 0.372549, 0.384314)
Part28.Position = Vector3.new(-237.626434, 296.763977, 76.6294403)
Part28.Orientation = Vector3.new(0, -15.0899992, -100.25)
Part28.Color = Color3.new(0.388235, 0.372549, 0.384314)
Part29.Parent = Model0
Part29.Material = Enum.Material.Slate
Part29.BrickColor = BrickColor.new("Dark stone grey")
Part29.Rotation = Vector3.new(-0.479999989, -17.1000004, -120.649994)
Part29.Anchored = true
Part29.FormFactor = Enum.FormFactor.Custom
Part29.Size = Vector3.new(32.260006, 12.6498814, 13.809989)
Part29.CFrame = CFrame.new(-195.363647, 335.641449, 96.7523193, -0.487328559, 0.822241426, -0.293986827, -0.861472785, -0.507740319, 0.00794318318, -0.1427387, 0.257132322, 0.955775142)
Part29.BottomSurface = Enum.SurfaceType.Smooth
Part29.TopSurface = Enum.SurfaceType.Smooth
Part29.Color = Color3.new(0.388235, 0.372549, 0.384314)
Part29.Position = Vector3.new(-195.363647, 335.641449, 96.7523193)
Part29.Orientation = Vector3.new(-0.459999979, -17.1000004, -120.509995)
Part29.Color = Color3.new(0.388235, 0.372549, 0.384314)
Part30.Name = "SpawnPoint2"
Part30.Parent = Model0
Part30.Material = Enum.Material.Grass
Part30.BrickColor = BrickColor.new("Earth green")
Part30.Transparency = 1
Part30.Rotation = Vector3.new(-180, 0, 180)
Part30.Anchored = true
Part30.CanCollide = false
Part30.FormFactor = Enum.FormFactor.Custom
Part30.Size = Vector3.new(10.6899996, 19.5599995, 10.290081)
Part30.CFrame = CFrame.new(-78.978096, 152.958221, -114.420105, -0.999999762, -3.14450652e-08, -1.1920929e-07, -3.14450652e-08, 1, 2.33243256e-08, 1.1920929e-07, 2.33243895e-08, -0.999999762)
Part30.BottomSurface = Enum.SurfaceType.Smooth
Part30.TopSurface = Enum.SurfaceType.Smooth
Part30.Color = Color3.new(0.152941, 0.27451, 0.176471)
Part30.Position = Vector3.new(-78.978096, 152.958221, -114.420105)
Part30.Orientation = Vector3.new(0, -180, 0)
Part30.Color = Color3.new(0.152941, 0.27451, 0.176471)
Part31.Name = "SpawnPoint3"
Part31.Parent = Model0
Part31.Material = Enum.Material.Grass
Part31.BrickColor = BrickColor.new("Earth green")
Part31.Transparency = 1
Part31.Rotation = Vector3.new(180, 42.8199997, 180)
Part31.Anchored = true
Part31.CanCollide = false
Part31.FormFactor = Enum.FormFactor.Custom
Part31.Size = Vector3.new(10.6899996, 19.5599995, 10.290081)
Part31.CFrame = CFrame.new(-38.0106277, 148.346893, -66.7703552, -0.733469129, -4.09641343e-09, 0.679722428, -3.45585818e-08, 1, -3.12646122e-08, -0.679722428, -4.64218068e-08, -0.733469129)
Part31.BottomSurface = Enum.SurfaceType.Smooth
Part31.TopSurface = Enum.SurfaceType.Smooth
Part31.Color = Color3.new(0.152941, 0.27451, 0.176471)
Part31.Position = Vector3.new(-38.0106277, 148.346893, -66.7703552)
Part31.Orientation = Vector3.new(0, 137.179993, 0)
Part31.Color = Color3.new(0.152941, 0.27451, 0.176471)
Part32.Parent = Model0
Part32.Material = Enum.Material.Slate
Part32.BrickColor = BrickColor.new("Dark stone grey")
Part32.Rotation = Vector3.new(7.87999964, -11.3000002, 2.07999992)
Part32.Anchored = true
Part32.FormFactor = Enum.FormFactor.Custom
Part32.Size = Vector3.new(75.939888, 18.8800011, 9.46002865)
Part32.CFrame = CFrame.new(-93.1413651, 96.1655426, 75.8152008, 0.979960978, -0.0355929993, -0.19598411, 0.00911765918, 0.990889788, -0.134367004, 0.198981196, 0.129887491, 0.971357644)
Part32.BottomSurface = Enum.SurfaceType.Smooth
Part32.TopSurface = Enum.SurfaceType.Smooth
Part32.Color = Color3.new(0.388235, 0.372549, 0.384314)
Part32.Position = Vector3.new(-93.1413651, 96.1655426, 75.8152008)
Part32.Orientation = Vector3.new(7.71999979, -11.4099998, 0.529999971)
Part32.Color = Color3.new(0.388235, 0.372549, 0.384314)
Part33.Parent = Model0
Part33.Material = Enum.Material.Slate
Part33.BrickColor = BrickColor.new("Medium blue")
Part33.Rotation = Vector3.new(-31, -17.0900002, -10.8800001)
Part33.Anchored = true
Part33.FormFactor = Enum.FormFactor.Custom
Part33.Size = Vector3.new(60.1798515, 19.2800007, 41.3800545)
Part33.CFrame = CFrame.new(-139.730377, 67.7574921, 168.269165, 0.938661635, 0.180439532, -0.293862343, -0.0131611358, 0.87029928, 0.492348522, 0.344586939, -0.458281308, 0.819291532)
Part33.BottomSurface = Enum.SurfaceType.Smooth
Part33.TopSurface = Enum.SurfaceType.Smooth
Part33.Color = Color3.new(0.431373, 0.6, 0.792157)
Part33.Position = Vector3.new(-139.730377, 67.7574921, 168.269165)
Part33.Orientation = Vector3.new(-29.5, -19.7299995, -0.870000005)
Part33.Color = Color3.new(0.431373, 0.6, 0.792157)
Part34.Parent = Model0
Part34.Material = Enum.Material.Slate
Part34.BrickColor = BrickColor.new("Reddish brown")
Part34.Rotation = Vector3.new(89.0099945, 69.6100006, -88.9499969)
Part34.Anchored = true
Part34.FormFactor = Enum.FormFactor.Custom
Part34.Size = Vector3.new(25.1999149, 10.0499945, 70.0200729)
Part34.CFrame = CFrame.new(70.1867752, 118.187614, -156.315765, 0.00641427841, 0.348315865, 0.937355161, 4.49612223e-08, 0.937374532, -0.348322898, -0.999979198, 0.00223421957, 0.00601234287)
Part34.BottomSurface = Enum.SurfaceType.Smooth
Part34.TopSurface = Enum.SurfaceType.Smooth
Part34.Color = Color3.new(0.411765, 0.25098, 0.156863)
Part34.Position = Vector3.new(70.1867752, 118.187614, -156.315765)
Part34.Orientation = Vector3.new(20.3799992, 89.6299973, 0)
Part34.Color = Color3.new(0.411765, 0.25098, 0.156863)
Part35.Parent = Model0
Part35.Material = Enum.Material.Slate
Part35.BrickColor = BrickColor.new("Dark stone grey")
Part35.Rotation = Vector3.new(0, -15.0899992, -114.43)
Part35.Anchored = true
Part35.FormFactor = Enum.FormFactor.Custom
Part35.Size = Vector3.new(32.260006, 15.3998804, 30.3099899)
Part35.CFrame = CFrame.new(-208.105713, 289.603668, 60.1758575, -0.399322331, 0.879055202, -0.260388166, -0.910463095, -0.413589627, 4.82347275e-07, -0.107693531, 0.237074152, 0.965502918)
Part35.BottomSurface = Enum.SurfaceType.Smooth
Part35.TopSurface = Enum.SurfaceType.Smooth
Part35.Color = Color3.new(0.388235, 0.372549, 0.384314)
Part35.Position = Vector3.new(-208.105713, 289.603668, 60.1758575)
Part35.Orientation = Vector3.new(0, -15.0899992, -114.43)
Part35.Color = Color3.new(0.388235, 0.372549, 0.384314)
Part36.Parent = Model0
Part36.Material = Enum.Material.Grass
Part36.BrickColor = BrickColor.new("Dark green")
Part36.Rotation = Vector3.new(0, -15.0899992, 0)
Part36.Anchored = true
Part36.FormFactor = Enum.FormFactor.Custom
Part36.Size = Vector3.new(115.329834, 0.200000003, 115.499985)
Part36.CFrame = CFrame.new(-11.7975836, 112.387115, -126.649231, 0.965504289, 1.56975986e-07, -0.260386288, -1.68658076e-07, 1, -2.25197567e-08, 0.260386288, 6.56610126e-08, 0.965504289)
Part36.BottomSurface = Enum.SurfaceType.Smooth
Part36.TopSurface = Enum.SurfaceType.Smooth
Part36.Color = Color3.new(0.156863, 0.498039, 0.278431)
Part36.Position = Vector3.new(-11.7975836, 112.387115, -126.649231)
Part36.Orientation = Vector3.new(0, -15.0899992, 0)
Part36.Color = Color3.new(0.156863, 0.498039, 0.278431)
CylinderMesh37.Parent = Part36
Part38.Parent = Model0
Part38.Material = Enum.Material.Slate
Part38.BrickColor = BrickColor.new("Dark stone grey")
Part38.Rotation = Vector3.new(-37.6199989, -32.3499985, -141.279999)
Part38.Anchored = true
Part38.FormFactor = Enum.FormFactor.Custom
Part38.Size = Vector3.new(32.260006, 15.3998804, 13.809989)
Part38.CFrame = CFrame.new(-202.593292, 296.023712, 45.6251526, -0.659089327, 0.528479517, -0.535078347, -0.750316381, -0.413592458, 0.515719235, 0.0512423813, 0.741383374, 0.669121385)
Part38.BottomSurface = Enum.SurfaceType.Smooth
Part38.TopSurface = Enum.SurfaceType.Smooth
Part38.Color = Color3.new(0.388235, 0.372549, 0.384314)
Part38.Position = Vector3.new(-202.593292, 296.023712, 45.6251526)
Part38.Orientation = Vector3.new(-31.0499992, -38.6499977, -118.860001)
Part38.Color = Color3.new(0.388235, 0.372549, 0.384314)
Part39.Parent = Model0
Part39.Material = Enum.Material.Wood
