--[[Nocturna_A._Alteriano_Night.Owl.Inc]]-- (Edit by kiukiubol & lilh3)
wait(1 / 60)
p = game.Players.LocalPlayer
char = p.Character
torso = char.Torso
neck = char.Torso.Neck
hum = char.Humanoid
hum.MaxHealth = 75000
wait()
hum.Health =hum.MaxHealth
char.Head.face.Texture = "rbxassetid://405587215"

function startup()
  coroutine.resume(coroutine.create(function()
    local m = Instance.new("Model", char)
    m.Name = "* C"
    local chat = Instance.new("Part", m)
    chat.TopSurface = "Smooth"
    chat.BottomSurface = "Smooth"
    chat.Name = "Head"
    chat.FormFactor = "Custom"
    chat.Size = Vector3.new(0.05, 0.05, 0.1)
    chat.Transparency = 0.9
    chat.CanCollide = false
    local Weld7 = Instance.new("Weld", char)
    Weld7.Part0 = char.Head
    Weld7.Part1 = chat
    Weld7.C1 = CFrame.new(0, -2, 0) * CFrame.fromEulerAnglesXYZ(0, 0, 0)
    local cy7 = Instance.new("BlockMesh", chat)
    local h = Instance.new("Humanoid", m)
    h.MaxHealth = 0
    m.Name = "Star Platinum"
  end))
end

z = Instance.new("Sound", torso)
z.SoundId = "rbxassetid://264396581" -- Put Music ID Here.
z.Looped = true
z.Volume = 1
wait(.1)
z:Play()

char["Body Colors"].HeadColor = BrickColor.new("Pastel Blue")
char["Body Colors"].TorsoColor = BrickColor.new("Pastel Blue")
char["Body Colors"].LeftArmColor = BrickColor.new("Pastel Blue")
char["Body Colors"].RightArmColor = BrickColor.new("Pastel Blue")
char["Body Colors"].LeftLegColor = BrickColor.new("Pastel Blue")
char["Body Colors"].RightLegColor = BrickColor.new("Pastel Blue")

shirt = Instance.new("Shirt", char)
shirt.Name = "Shirt"
pants = Instance.new("Pants", char)
pants.Name = "Pants"
char.Shirt.ShirtTemplate = "rbxassetid://496506720"
char.Pants.PantsTemplate = "rbxassetid://496512137"

Hat = Instance.new("Model")
Hat.Parent = char
Hat.Name = "Hat"
rh = Instance.new("Part")
rh.Parent = Hat
rh.BrickColor = BrickColor.new("Really black")
rh.Locked = true
rh.CanCollide = false
mesh = Instance.new("SpecialMesh")
rh.formFactor =  "Symmetric"
mesh.MeshType = "FileMesh"
mesh.MeshId = "rbxassetid://439736904"
mesh.Parent = rh
local weld = Instance.new("Weld")
weld.Parent = rh
weld.Part0 = rh
weld.Part1 =char.Head
weld.C0 = CFrame.new(0, -0.5, 0.5)*CFrame.Angles(0, 3, 0)
mesh.Scale = Vector3.new(0.002,0.002, 0.002)

Effects = { }
local Player = game.Players.localPlayer
local Character = Player.Character
local Humanoid = Character.Humanoid
Humanoid.WalkSpeed = 20
local Mouse = Player:GetMouse()
local LeftArm = Character["Left Arm"]
local RightArm = Character["Right Arm"]
local LeftLeg = Character["Left Leg"]
local RightLeg = Character["Right Leg"]
local Head = Character.Head
local Torso = Character.Torso
local Camera = game.Workspace.CurrentCamera
local RootPart = Character.HumanoidRootPart
local RootJoint = RootPart.RootJoint
local attack = false
local Anim = 'Idle'
local attacktype = 1
local Torsovelocity = (RootPart.Velocity * Vector3.new(1, 0, 1)).magnitude 
local velocity = RootPart.Velocity.y
local sine = 0
local change = 1
local Create = LoadLibrary("RbxUtility").Create
local TimeStop = false

local m = Create("Model"){
	Parent = Character,
	Name = "WeaponModel",
}

Humanoid.Animator.Parent = nil
Character.Animate.Parent = nil

local newMotor = function(part0, part1, c0, c1)
	local w = Create('Motor'){
		Parent = part0,
		Part0 = part0,
		Part1 = part1,
		C0 = c0,
		C1 = c1,
	}
	return w
end

function clerp(a, b, t)
	return a:lerp(b, t)
end

RootCF = CFrame.fromEulerAnglesXYZ(-1.57, 0, 3.14)
NeckCF = CFrame.new(0, 1, 0, -1, -0, -0, 0, 0, 1, 0, 1, 0)

local RW = newMotor(Torso, RightArm, CFrame.new(1.5, 0, 0), CFrame.new(0, 0, 0)) 
local LW = newMotor(Torso, LeftArm, CFrame.new(-1.5, 0, 0), CFrame.new(0, 0, 0))
local RH = newMotor(Torso, RightLeg, CFrame.new(.5, -2, 0), CFrame.new(0, 0, 0))
local LH = newMotor(Torso, LeftLeg, CFrame.new(-.5, -2, 0), CFrame.new(0, 0, 0))
RootJoint.C1 = CFrame.new(0, 0, 0)
RootJoint.C0 = CFrame.new(0, 0, 0)
Torso.Neck.C1 = CFrame.new(0, 0, 0)
Torso.Neck.C0 = CFrame.new(0, 1.5, 0)

local rarmc1 = RW.C1
local larmc1 = LW.C1
local rlegc1 = RH.C1
local llegc1 = LH.C1

local resetc1 = false

function PlayAnimationFromTable(table, speed, bool)
	RootJoint.C0 = clerp(RootJoint.C0, table[1], speed) 
	Torso.Neck.C0 = clerp(Torso.Neck.C0, table[2], speed) 
	RW.C0 = clerp(RW.C0, table[3], speed) 
	LW.C0 = clerp(LW.C0, table[4], speed) 
	RH.C0 = clerp(RH.C0, table[5], speed) 
	LH.C0 = clerp(LH.C0, table[6], speed) 
	if bool == true then
		if resetc1 == false then
			resetc1 = true
			RootJoint.C1 = RootJoint.C1
			Torso.Neck.C1 = Torso.Neck.C1
			RW.C1 = rarmc1
			LW.C1 = larmc1
			RH.C1 = rlegc1
			LH.C1 = llegc1
		end
	end
end

ArtificialHB = Create("BindableEvent", script){
	Parent = script,
	Name = "Heartbeat",
}

script:WaitForChild("Heartbeat")

frame = 1 / 35
tf = 0
allowframeloss = false
tossremainder = false
lastframe = tick()
script.Heartbeat:Fire()

game:GetService("RunService").Heartbeat:connect(function(s, p)
	tf = tf + s
	if tf >= frame then
		if allowframeloss then
			script.Heartbeat:Fire()
			lastframe = tick()
		else
			for i = 1, math.floor(tf / frame) do
				script.Heartbeat:Fire()
			end
			lastframe = tick()
		end
		if tossremainder then
			tf = 0
		else
			tf = tf - frame * math.floor(tf / frame)
		end
	end
end)

function swait(num)
	if num == 0 or num == nil then
		ArtificialHB.Event:wait()
	else
		for i = 0, num do
			ArtificialHB.Event:wait()
		end
	end
end

function RemoveOutlines(part)
	part.TopSurface, part.BottomSurface, part.LeftSurface, part.RightSurface, part.FrontSurface, part.BackSurface = 10, 10, 10, 10, 10, 10
end
	
CFuncs = {	
	Part = {
		Create = function(Parent, Material, Reflectance, Transparency, BColor, Name, Size)
			local Part = Create("Part"){
				Parent = Parent,
				Reflectance = Reflectance,
				Transparency = Transparency,
				CanCollide = false,
				Locked = true,
				BrickColor = BrickColor.new(tostring(BColor)),
				Name = Name,
				Size = Size,
				Material = Material,
			}
			RemoveOutlines(Part)
			return Part
		end;
	};
	
	Mesh = {
		Create = function(Mesh, Part, MeshType, MeshId, OffSet, Scale)
			local Msh = Create(Mesh){
				Parent = Part,
				Offset = OffSet,
				Scale = Scale,
			}
			if Mesh == "SpecialMesh" then
				Msh.MeshType = MeshType
				Msh.MeshId = MeshId
			end
			return Msh
		end;
	};

	Weld = {
		Create = function(Parent, Part0, Part1, C0, C1)
			local Weld = Create("Weld"){
				Parent = Parent,
				Part0 = Part0,
				Part1 = Part1,
				C0 = C0,
				C1 = C1,
			}
			return Weld
		end;
	};

	Sound = {
		Create = function(id, par, vol, pit) 
			local Sound = Create("Sound"){
				Volume = vol,
				Pitch = pit or 1,
				SoundId = "rbxassetid://" .. id,
				Parent = par or workspace,
			}
			Sound:play() 
			return Sound
		end;
	};
	
	Decal = {
		Create = function(Color, Texture, Transparency, Name, Parent)
			local Decal = Create("Decal"){
				Color3 = Color,
				Texture = "rbxassetid://" .. Texture,
				Transparency = Transparency,
				Name = Name,
				Parent = Parent,
			}
			return Decal
		end;
	};
	
	BillboardGui = {
		Create = function(Parent, Image, Position, Size)
			local BillPar = CFuncs.Part.Create(Parent, "SmoothPlastic", 0, 1, BrickColor.new("Black"), "BillboardGuiPart", Vector3.new(1, 1, 1))
			BillPar.CFrame = CFrame.new(Position)
			local Bill = Create("BillboardGui"){
				Parent = BillPar,
				Adornee = BillPar,
				Size = UDim2.new(1, 0, 1, 0),
				SizeOffset = Vector2.new(Size, Size),
			}
			local d = Create("ImageLabel", Bill){
				Parent = Bill,
				BackgroundTransparency = 1,
				Size = UDim2.new(1, 0, 1, 0),
				Image = "rbxassetid://" .. Image,
			}
			return BillPar
		end
	};
	
	ParticleEmitter = {
		Create = function(Parent, Color1, Color2, LightEmission, Size, Texture, Transparency, ZOffset, Accel, Drag, LockedToPart, VelocityInheritance, EmissionDirection, Enabled, LifeTime, Rate, Rotation, RotSpeed, Speed, VelocitySpread)
			local Particle = Create("ParticleEmitter"){
				Parent = Parent,
				Color = ColorSequence.new(Color1, Color2),
				LightEmission = LightEmission,
				Size = Size,
				Texture = Texture,
				Transparency = Transparency,
				ZOffset = ZOffset,
				Acceleration = Accel,
				Drag = Drag,
				LockedToPart = LockedToPart,
				VelocityInheritance = VelocityInheritance,
				EmissionDirection = EmissionDirection,
				Enabled = Enabled,
				Lifetime = LifeTime,
				Rate = Rate,
				Rotation = Rotation,
				RotSpeed = RotSpeed,
				Speed = Speed,
				VelocitySpread = VelocitySpread,
			}
			return Particle
		end;
	};
	
	CreateTemplate = {
		
	};
}

function rayCast(Position, Direction, Range, Ignore)
	return game:service("Workspace"):FindPartOnRay(Ray.new(Position, Direction.unit * (Range or 999.999)), Ignore) 
end 

function FindNearestTorso(Position, Distance, SinglePlayer)
	if SinglePlayer then
		return (SinglePlayer.Torso.CFrame.p - Position).magnitude < Distance
	end
	local List = {}
	for i, v in pairs(workspace:GetChildren()) do
		if v:IsA("Model") then
			if v:findFirstChild("Torso") then
				if v ~= Character then
					if (v.Torso.Position - Position).magnitude <= Distance then
						table.insert(List, v)
					end 
				end 
			end 
		end 
	end
	return List
end

function Damage(Part, hit, minim, maxim, knockback, Type, Property, Delay, HitSound, HitPitch)
	if hit.Parent == nil then
		return
	end
	local h = hit.Parent:FindFirstChild("Humanoid")
	for _, v in pairs(hit.Parent:children()) do
		if v:IsA("Humanoid") then
			h = v
		end
	end
	if h ~= nil and hit.Parent.Name ~= Character.Name and hit.Parent:FindFirstChild("Torso") ~= nil then
		if hit.Parent:findFirstChild("DebounceHit") ~= nil then
			if hit.Parent.DebounceHit.Value == true then
				return
			end
		end
		local c = Create("ObjectValue"){
			Name = "creator",
			Value = game:service("Players").LocalPlayer,
			Parent = h,
		}
		game:GetService("Debris"):AddItem(c, .5)
		CFuncs.Sound.Create(HitSound, hit, 1, HitPitch) 
		local Damage = math.random(minim, maxim)
		local blocked = false
		local block = hit.Parent:findFirstChild("Block")
		if block ~= nil then
			if block.className == "IntValue" then
				if block.Value > 0 then
					blocked = true
					block.Value = block.Value - 1
					print(block.Value)
				end
			end
		end
		if TimeStop == false then
			h.Health = h.Health - Damage
			ShowDamage((Part.CFrame * CFrame.new(0, 0, (Part.Size.Z / 2)).p + Vector3.new(0, 1.5, 0)), -Damage, 1.5, BrickColor.new("Deep blue").Color)
		elseif TimeStop == true then
			repeat wait() until TimeStop == false
			h.Health = h.Health - (Damage / 2)
			ShowDamage((Part.CFrame * CFrame.new(0, 0, (Part.Size.Z / 2)).p + Vector3.new(0, 1.5, 0)), -Damage, 1.5, BrickColor.new("Deep blue").Color)
		end
		if Type == "Knockdown" then
			local hum = hit.Parent.Humanoid
			hum.PlatformStand = true
			coroutine.resume(coroutine.create(function(HHumanoid)
				swait(1)
				HHumanoid.PlatformStand = false
			end), hum)
			local angle = (hit.Position - (Property.Position + Vector3.new(0, 0, 0))).unit
			local bodvol = Create("BodyVelocity"){
				velocity = angle * knockback,
				P = 5000,
				maxForce = Vector3.new(8e+003, 8e+003, 8e+003),
				Parent = hit,
			}
			local rl = Create("BodyAngularVelocity"){
				P = 3000,
				maxTorque = Vector3.new(500000, 500000, 500000) * 50000000000000,
				angularvelocity = Vector3.new(math.random(-10, 10), math.random(-10, 10), math.random(-10, 10)),
				Parent = hit,
			}
			game:GetService("Debris"):AddItem(bodvol, .5)
			game:GetService("Debris"):AddItem(rl, .5)
		elseif Type == "Normal" then
			local vp = Create("BodyVelocity"){
				P = 500,
				maxForce = Vector3.new(math.huge, 0, math.huge),
				velocity = Property.CFrame.lookVector * knockback + Property.Velocity / 1.05,
			}
			if knockback > 0 then
				vp.Parent = hit.Parent.Torso
			end
			game:GetService("Debris"):AddItem(vp, .5)
		elseif Type == "Up" then
			local bodyVelocity = Create("BodyVelocity"){
				velocity = Vector3.new(0, 20, 0),
				P = 5000,
				maxForce = Vector3.new(8e+003, 8e+003, 8e+003),
				Parent = hit,
			}
			game:GetService("Debris"):AddItem(bodyVelocity, .5)
		elseif Type == "DarkUp" then
			coroutine.resume(coroutine.create(function()
				for i = 0, 1, 0.1 do
					swait()
					Effects.Block.Create(BrickColor.new("Black"), hit.Parent.Torso.CFrame, 5, 5, 5, 1, 1, 1, .08, 1)
				end
			end))
			local bodyVelocity = Create("BodyVelocity"){
				velocity = Vector3.new(0, 20, 0),
				P = 5000,
				maxForce = Vector3.new(8e+003, 8e+003, 8e+003),
				Parent = hit,
			}
			game:GetService("Debris"):AddItem(bodyVelocity, 1)
		elseif Type == "Snare" then
			local bp = Create("BodyPosition"){
				P = 2000,
				D = 100,
				maxForce = Vector3.new(math.huge, math.huge, math.huge),
				position = hit.Parent.Torso.Position,
				Parent = hit.Parent.Torso,
			}
			game:GetService("Debris"):AddItem(bp, 1)
		elseif Type == "Freeze" then
			local BodPos = Create("BodyPosition"){
				P = 50000,
				D = 1000,
				maxForce = Vector3.new(math.huge, math.huge, math.huge),
				position = hit.Parent.Torso.Position,
				Parent = hit.Parent.Torso,
			}
			local BodGy = Create("BodyGyro") {
				maxTorque = Vector3.new(4e+005, 4e+005, 4e+005) * math.huge ,
				P = 20e+003,
				Parent = hit.Parent.Torso,
				cframe = hit.Parent.Torso.CFrame,
			}
			hit.Parent.Torso.Anchored = true
			coroutine.resume(coroutine.create(function(Part) 
				swait(1.5)
				Part.Anchored = false
			end), hit.Parent.Torso)
			game:GetService("Debris"):AddItem(BodPos, 3)
			game:GetService("Debris"):AddItem(BodGy, 3)
		end
		local debounce = Create("BoolValue"){
			Name = "DebounceHit",
			Parent = hit.Parent,
			Value = true,
		}
		game:GetService("Debris"):AddItem(debounce, Delay)
		c = Create("ObjectValue"){
			Name = "creator",
			Value = Player,
			Parent = h,
		}
		game:GetService("Debris"):AddItem(c, .5)
	end
end

function ShowDamage(Pos, Text, Time, Color)
	local Rate = (1 / 30)
	local Pos = (Pos or Vector3.new(0, 0, 0))
	local Text = (Text or "")
	local Time = (Time or 2)
	local Color = (Color or Color3.new(1, 0, 1))
	local EffectPart = CFuncs.Part.Create(workspace, "SmoothPlastic", 0, 1, BrickColor.new(Color), "Effect", Vector3.new(0, 0, 0))
	EffectPart.Anchored = true
	local BillboardGui = Create("BillboardGui"){
		Size = UDim2.new(3, 0, 3, 0),
		Adornee = EffectPart,
		Parent = EffectPart,
	}
	local TextLabel = Create("TextLabel"){
		BackgroundTransparency = 1,
		Size = UDim2.new(1, 0, 1, 0),
		Text = Text,
		Font = "SciFi",
		TextColor3 = Color,
		TextScaled = true,
		Parent = BillboardGui,
	}
	game.Debris:AddItem(EffectPart, (Time))
	EffectPart.Parent = game:GetService("Workspace")
	delay(0, function()
		local Frames = (Time / Rate)
		for Frame = 1, Frames do
			wait(Rate)
			local Percent = (Frame / Frames)
			EffectPart.CFrame = CFrame.new(Pos) + Vector3.new(0, Percent, 0)
			TextLabel.TextTransparency = Percent
		end
		if EffectPart and EffectPart.Parent then
			EffectPart:Destroy()
		end
	end)
end

function MagnitudeDamage(Part, Magnitude, MinimumDamage, MaximumDamage, KnockBack, Type, HitSound, HitPitch)
	for _, c in pairs(workspace:children()) do
		local hum = c:findFirstChild("Humanoid")
		if hum ~= nil then
			local head = c:findFirstChild("Torso")
			if head ~= nil then
				local targ = head.Position - Part.Position
				local mag = targ.magnitude
				if mag <= Magnitude and c.Name ~= Player.Name then 
			for i = 1, 10 do
				Effects.Elect.Create(head.CFrame, 10, 10, 10)
			end
			CFuncs.Sound.Create("0", head, 1, 1)
			Effects.Sphere.Create(BrickColor.new("Deep blue"), head.CFrame, .5, .5, .5, .5, .5, .5, .05)
					Damage(head, head, MinimumDamage, MaximumDamage, KnockBack, Type, RootPart, .1, HitSound, HitPitch)
				end
			end
		end
	end
end

HandleR = CFuncs.Part.Create(m, Enum.Material.SmoothPlastic, 0, 1, "Deep blue", "HandleR", Vector3.new(0.403949469, 0.452220112, 0.425030977))
HandleRWeld = CFuncs.Weld.Create(m, Character["Right Arm"], HandleR, CFrame.new(0, 0, 0, 1, 0, 0, 0, 1, 0, 0, 0, 1), CFrame.new(-0.637853563, -0.00997161865, 0.00182324648, 0, -1, 0, 1, 0, 0, 0, -0, 1))
HitboxR = CFuncs.Part.Create(m, Enum.Material.SmoothPlastic, 0, 1, "Deep blue", "HitboxR", Vector3.new(1.00394952, 1.05222011, 1.02503109))
HitboxRWeld = CFuncs.Weld.Create(m, HandleR, HitboxR, CFrame.new(0, 0, 0, 1, 0, 0, 0, 1, 0, 0, 0, 1), CFrame.new(0.0999999642, 0, 5.96046448e-008, 1, 0, 0, 0, 1, 0, 0, 0, 1))
HandleL = CFuncs.Part.Create(m, Enum.Material.SmoothPlastic, 0, 1, "Deep blue", "HandleL", Vector3.new(0.403949469, 0.452220112, 0.425030977))
HandleLWeld = CFuncs.Weld.Create(m, Character["Left Arm"], HandleL, CFrame.new(0, 0, 0, 1, 0, 0, 0, 1, 0, 0, 0, 1), CFrame.new(-0.637853563, -0.00997924805, 0.00182324648, 0, -1, 0, 1, 0, 0, 0, -0, 1))
HitboxL = CFuncs.Part.Create(m, Enum.Material.SmoothPlastic, 0, 1, "Deep blue", "HitboxL", Vector3.new(1.00394952, 1.05222011, 1.02503109))
HitboxLWeld = CFuncs.Weld.Create(m, HandleL, HitboxL, CFrame.new(0, 0, 0, 1, 0, 0, 0, 1, 0, 0, 0, 1), CFrame.new(0.0999999642, 3.81469727e-006, 5.96046448e-008, 1, 0, 0, 0, 1, 0, 0, 0, 1))
sref = CFuncs.Part.Create(Character, "Neon", 0, 1, BrickColor.new("Black"), "Reference", Vector3.new())
sref.Anchored = true

EffectModel = Create("Model"){
	Parent = Character,
	Name = "Effects",
}

Effects = {
	Block = {
		Create = function(brickcolor, cframe, x1, y1, z1, x3, y3, z3, delay, Type)
			local prt = CFuncs.Part.Create(EffectModel, "Neon", 0, 0, brickcolor, "Effect", Vector3.new())
			prt.Anchored = true
			prt.CFrame = cframe
			local msh = CFuncs.Mesh.Create("BlockMesh", prt, "", "", Vector3.new(0, 0, 0), Vector3.new(x1, y1, z1))
			game:GetService("Debris"):AddItem(prt, 10)
			if Type == 1 or Type == nil then
				table.insert(Effects, {
					prt,
					"Block1",
					delay,
					x3,
					y3,
					z3,
					msh
				})
			elseif Type == 2 then
				table.insert(Effects, {
					prt,
					"Block2",
					delay,
					x3,
					y3,
					z3,
					msh
				})
			end
		end;
	};
	
	Cylinder = {
		Create = function(brickcolor, cframe, x1, y1, z1, x3, y3, z3, delay)
			local prt = CFuncs.Part.Create(EffectModel, "Neon", 0, 0, brickcolor, "Effect", Vector3.new(0.2, 0.2, 0.2))
			prt.Anchored = true
			prt.CFrame = cframe
			local msh = CFuncs.Mesh.Create("CylinderMesh", prt, "", "", Vector3.new(0, 0, 0), Vector3.new(x1, y1, z1))
			game:GetService("Debris"):AddItem(prt, 2)
			table.insert(Effects, {
				prt,
				"Cylinder",
				delay,
				x3,
				y3,
				z3,
				msh
			})
		end;
	};
	
	Head = {
		Create = function(brickcolor, cframe, x1, y1, z1, x3, y3, z3, delay)
			local prt = CFuncs.Part.Create(EffectModel, "Neon", 0, 0, brickcolor, "Effect", Vector3.new())
			prt.Anchored = true
			prt.CFrame = cframe
			local msh = CFuncs.Mesh.Create("SpecialMesh", prt, "Head", "", Vector3.new(0, 0, 0), Vector3.new(x1, y1, z1))
			game:GetService("Debris"):AddItem(prt, 10)
			table.insert(Effects, {
				prt,
				"Cylinder",
				delay,
				x3,
				y3,
				z3,
				msh
			})
		end;
	};
	
	Sphere = {
		Create = function(brickcolor, cframe, x1, y1, z1, x3, y3, z3, delay)
			local prt = CFuncs.Part.Create(EffectModel, "Neon", 0, 0, brickcolor, "Effect", Vector3.new())
			prt.Anchored = true
			prt.CFrame = cframe
			local msh = CFuncs.Mesh.Create("SpecialMesh", prt, "Sphere", "", Vector3.new(0, 0, 0), Vector3.new(x1, y1, z1))
			game:GetService("Debris"):AddItem(prt, 10)
			table.insert(Effects, {
				prt,
				"Cylinder",
				delay,
				x3,
				y3,
				z3,
				msh
			})
		end;
	};
	
	Elect = {
		Create = function(cff, x, y, z)
			local prt = CFuncs.Part.Create(EffectModel, "Neon", 0, 0, BrickColor.new("Deep blue"), "Part", Vector3.new(1, 1, 1))
			prt.Anchored = true
			prt.CFrame = cff * CFrame.new(math.random(-x, x), math.random(-y, y), math.random(-z, z))
			prt.CFrame = CFrame.new(prt.Position)
			game:GetService("Debris"):AddItem(prt, 2)
			local xval = math.random() / 2
			local yval = math.random() / 2
			local zval = math.random() / 2
			local msh = CFuncs.Mesh.Create("BlockMesh", prt, "", "", Vector3.new(0, 0, 0), Vector3.new(xval, yval, zval))
			table.insert(Effects, {
				prt,
				"Elec",
				0.1,
				x,
				y,
				z,
				xval,
				yval,
				zval
			})
		end;

	};
	
	Ring = {
		Create = function(brickcolor, cframe, x1, y1, z1, x3, y3, z3, delay)
			local prt = CFuncs.Part.Create(EffectModel, "SmoothPlastic", 0, 0, brickcolor, "Effect", Vector3.new())
			prt.Anchored = true
			prt.CFrame = cframe
			local msh = CFuncs.Mesh.Create("CylinderMesh", prt, "", "", Vector3.new(0, 0, 0), Vector3.new(x1, y1, z1))
			game:GetService("Debris"):AddItem(prt, 10)
			table.insert(Effects, {
				prt,
				"Cylinder",
				delay,
				x3,
				y3,
				z3,
				msh
			})
		end;
	};


	Wave = {
		Create = function(brickcolor, cframe, x1, y1, z1, x3, y3, z3, delay)
			local prt = CFuncs.Part.Create(EffectModel, "SmoothPlastic", 0, 0, brickcolor, "Effect", Vector3.new())
			prt.Anchored = true
			prt.CFrame = cframe
			local msh = CFuncs.Mesh.Create("SpecialMesh", prt, "FileMesh", "rbxassetid://20329976", Vector3.new(0, 0, 0), Vector3.new(x1, y1, z1))
			game:GetService("Debris"):AddItem(prt, 10)
			table.insert(Effects, {
				prt,
				"Cylinder",
				delay,
				x3,
				y3,
				z3,
				msh
			})
		end;
	};

	Break = {
		Create = function(brickcolor, cframe, x1, y1, z1)
			local prt = CFuncs.Part.Create(EffectModel, "SmoothPlastic", 0, 0, brickcolor, "Effect", Vector3.new(0.5, 0.5, 0.5))
			prt.Anchored = true
			prt.CFrame = cframe * CFrame.fromEulerAnglesXYZ(math.random(-50, 50), math.random(-50, 50), math.random(-50, 50))
			local msh = CFuncs.Mesh.Create("SpecialMesh", prt, "Sphere", "", Vector3.new(0, 0, 0), Vector3.new(x1, y1, z1))
			local num = math.random(10, 50) / 1000
			game:GetService("Debris"):AddItem(prt, 10)
			table.insert(Effects, {
				prt,
				"Shatter",
				num,
				prt.CFrame,
				math.random() - math.random(),
				0,
				math.random(50, 100) / 100
			})
		end;
	};
	
	Fire = {
		Create = function(brickcolor, cframe, x1, y1, z1, delay)
			local prt = CFuncs.Part.Create(EffectModel, "Neon", 0, 0, brickcolor, "Effect", Vector3.new())
			prt.Anchored = true
			prt.CFrame = cframe
			msh = CFuncs.Mesh.Create("BlockMesh", prt, "", "", Vector3.new(0, 0, 0), Vector3.new(x1, y1, z1))
			game:GetService("Debris"):AddItem(prt, 10)
			table.insert(Effects, {
				prt,
				"Fire",
				delay,
				1,
				1,
				1,
				msh
			})
		end;
	};
	
	FireWave = {
		Create = function(brickcolor, cframe, x1, y1, z1)
			local prt = CFuncs.Part.Create(EffectModel, "Neon", 0, 1, brickcolor, "Effect", Vector3.new())
			prt.Anchored = true
			prt.CFrame = cframe
			msh = CFuncs.Mesh.Create("BlockMesh", prt, "", "", Vector3.new(0, 0, 0), Vector3.new(x1, y1, z1))
			local d = Create("Decal"){
				Parent = prt,
				Texture = "rbxassetid://26356434",
				Face = "Top",
			}
			local d = Create("Decal"){
				Parent = prt,
				Texture = "rbxassetid://26356434",
				Face = "Bottom",
			}
			game:GetService("Debris"):AddItem(prt, 10)
			table.insert(Effects, {
				prt,
				"FireWave",
				1,
				30,
				math.random(400, 600) / 100,
				msh
			})
		end;
	};
	
	Lightning = {
		Create = function(p0, p1, tym, ofs, col, th, tra, last)
			local magz = (p0 - p1).magnitude
			local curpos = p0
			local trz = {
				-ofs,
				ofs
			}
			for i = 1, tym do
				local li = CFuncs.Part.Create(EffectModel, "Neon", 0, tra or 0.4, col, "Ref", Vector3.new(th, th, magz / tym))
				local ofz = Vector3.new(trz[math.random(1, 2)], trz[math.random(1, 2)], trz[math.random(1, 2)])
				local trolpos = CFrame.new(curpos, p1) * CFrame.new(0, 0, magz / tym).p + ofz
				li.Material = "Neon"
				if tym == i then
					local magz2 = (curpos - p1).magnitude
					li.Size = Vector3.new(th, th, magz2)
					li.CFrame = CFrame.new(curpos, p1) * CFrame.new(0, 0, -magz2 / 2)
					table.insert(Effects, {
						li,
						"Disappear",
						last
					})
				else
					do
						do
							li.CFrame = CFrame.new(curpos, trolpos) * CFrame.new(0, 0, magz / tym / 2)
							curpos = li.CFrame * CFrame.new(0, 0, magz / tym / 2).p
							game.Debris:AddItem(li, 10)
							table.insert(Effects, {
								li,
								"Disappear",
								last
							})
						end
					end
				end
			end
		end
	};

	EffectTemplate = {

	};
}

local DORARA = false

function ORA()
	attack = true
	for i = 0, 1, 0.2 do
		swait()
		PlayAnimationFromTable({
			CFrame.new(4.76837158e-007, -0.107780606, -0.0868092626, 1, 0, 0, 0, 0.984807849, 0.173647985, 0, -0.173647985, 0.984807849) * CFrame.new(0, 0, 0) * CFrame.Angles(0, 0, 0), 
			CFrame.new(0, 1.4999913, 2.38418608e-007, 1, 0, 0, 0, 1.00000012, 0, 0, 0, 1.00000012) * CFrame.new(0, 0, 0) * CFrame.Angles(0, 0, 0), 
			CFrame.new(1.50214899, 0.590444803, 0.195881441, 0.965925872, 3.76027884e-007, 0.258818895, 0.257834077, -0.0871552154, -0.962250412, 0.0225570519, 0.99619478, -0.0841855928) * CFrame.new(0, 0, 0) * CFrame.Angles(0, 0, 0), 
			CFrame.new(-1.60470915, 0.600643516, 0.204860806, 0.937436998, -0.0449436344, -0.345242023, -0.345831364, -0.00582624972, -0.938278675, 0.0401581824, 0.998972595, -0.0210046768) * CFrame.new(0, 0, 0) * CFrame.Angles(0, 0, 0), 
			CFrame.new(0.636808395, -1.93472588, -0.370165229, 0.936116338, -0.0517791435, -0.347858071, 0.0266665779, 0.996705353, -0.0765988752, 0.350678325, 0.0624292716, 0.934412897) * CFrame.new(0, 0, 0) * CFrame.Angles(0, 0, 0), 
			CFrame.new(-0.6665681, -1.92173398, -0.343467057, 0.962250233, 0.0613082647, 0.265171379, -0.0410595685, 0.99584806, -0.0812460929, -0.269051433, 0.0672912449, 0.960772276) * CFrame.new(0, 0, 0) * CFrame.Angles(0, 0, 0), 
		}, .3, false)
	end
	local DORA = CFuncs.Sound.Create("161823027", Torso, 1, 1)
	Instance.new("DistortionSoundEffect", DORA).Level = .45
	DORA.Looped = true
	local Con1 = HitboxL.Touched:connect(function(hit) Damage(HitboxL, hit, 1, 5, 0, "Normal", RootPart, 0, "260430117", 1) end)
	local Con2 = HitboxR.Touched:connect(function(hit) Damage(HitboxR, hit, 1, 5, 0, "Normal", RootPart, 0, "260430117", 1) end)
	while DORARA == true do
		RootPart.Velocity = RootPart.CFrame.lookVector * 5
		for i = 0, 1, 0.7 do
			swait()
			Effects.Elect.Create(HitboxL.CFrame, 4, 4, 4)
			Effects.Sphere.Create(BrickColor.new("Deep blue"), HitboxL.CFrame, .5, .5, .5, 1.5, 1.5, 1.5, .15)
			PlayAnimationFromTable({
				CFrame.new(-0.0223142356, -0.107780628, -0.249816686, 0.906307876, 0.0733869597, -0.416197479, 0, 0.98480773, 0.173648462, 0.422617942, -0.157378972, 0.892539084) * CFrame.new(0, 0, 0) * CFrame.Angles(0, 0, 0), 
				CFrame.new(-2.22850417e-007, 1.49999118, 1.16660271e-006, 0.906307936, 1.49011612e-008, 0.422617972, -7.27595761e-009, 1, 0, -0.422618032, 0, 0.906308055) * CFrame.new(0, 0, 0) * CFrame.Angles(0, 0, 0), 
				CFrame.new(1.5318948, 0.588474631, 0.207054406, 0.899958313, 0.340718478, 0.272003621, 0.314965397, -0.0767233223, -0.945997, -0.301449746, 0.9370296, -0.176362336) * CFrame.new(0, 0, 0) * CFrame.Angles(0, 0, 0), 
				CFrame.new(-1.27977741, 0.723447502, -1.20010054, 0.726744413, 0.46058476, -0.509611845, -0.503104627, -0.148215696, -0.851421177, -0.46768418, 0.875153661, 0.124007396) * CFrame.new(0, 0, 0) * CFrame.Angles(0, 0, 0), 
				CFrame.new(0.636807501, -1.93472636, -0.370165735, 0.868198872, -0.0517790169, 0.493507534, 0.075819321, 0.996705353, -0.0288097262, -0.490389913, 0.0624299645, 0.869264364) * CFrame.new(0, 0, 0) * CFrame.Angles(0, 0, 0), 
				CFrame.new(-0.666569352, -1.92173386, -0.343467534, 0.86083132, 0.0613082871, 0.505183935, -0.018632248, 0.995848, -0.0891051888, -0.508549333, 0.0672918186, 0.858399451) * CFrame.new(0, 0, 0) * CFrame.Angles(0, 0, 0), 
			}, .9, false)
		end
		CFuncs.Sound.Create("200632136", HitboxL, 1, 1)
		Effects.Sphere.Create(BrickColor.new("Deep blue"), HitboxL.CFrame, .5, .5, .5, 2, 2, 2, .15)
		RootPart.Velocity = RootPart.CFrame.lookVector * 5
		for i = 0, 1, 0.7 do
			swait()
			Effects.Sphere.Create(BrickColor.new("Deep blue"), HitboxR.CFrame, .5, .5, .5, 1.5, 1.5, 1.5, .2)
			PlayAnimationFromTable({
				CFrame.new(0.0767437443, -0.107780531, -0.279432267, 0.866025388, -0.0868241936, 0.492404073, 0, 0.98480773, 0.173648342, -0.500000238, -0.150383845, 0.852868438) * CFrame.new(0, 0, 0) * CFrame.Angles(0, 0, 0), 
				CFrame.new(-2.61076184e-006, 1.4999913, -6.19508683e-007, 0.866025209, 2.98023224e-007, -0.500000656, -2.56928615e-007, 1, 1.1920929e-007, 0.500000596, 2.98023224e-008, 0.866025209) * CFrame.new(0, 0, 0) * CFrame.Angles(0, 0, 0), 
				CFrame.new(1.40606534, 0.812639356, -1.14933658, 0.82139349, -0.422619373, 0.383021921, 0.349686205, -0.157378837, -0.923553765, 0.450591207, 0.892538428, 0.0185142085) * CFrame.new(0, 0, 0) * CFrame.Angles(0, 0, 0), 
				CFrame.new(-1.64197171, 0.599264741, 0.212680459, 0.807513177, -0.456930667, -0.373010725, -0.413006425, 0.0134942085, -0.9106282, 0.421127379, 0.889400065, -0.177818552) * CFrame.new(0, 0, 0) * CFrame.Angles(0, 0, 0), 
				CFrame.new(0.636808515, -1.93472552, -0.37016958, 0.814187765, -0.0517790765, -0.578288436, 0.00593282748, 0.996705353, -0.0808905214, 0.580571651, 0.0624291934, 0.811812401) * CFrame.new(0, 0, 0) * CFrame.Angles(0, 0, 0), 
				CFrame.new(-0.666569233, -1.92173398, -0.343468547, 0.867917657, 0.0613080971, -0.492910266, -0.0864830092, 0.99584806, -0.0284160972, 0.489121556, 0.0672912076, 0.869616032) * CFrame.new(0, 0, 0) * CFrame.Angles(0, 0, 0), 
			}, .9, false)
		end

fat = Instance.new("BindableEvent", script)
fat.Name = "Heartbeat"
script:WaitForChild("Heartbeat")
frame = 0.013333333333333
tf = 0
allowframeloss = false
tossremainder = false
lastframe = tick()
script.Heartbeat:Fire()
local ss = Instance.new("Sound",char)
ss.Volume = 3
ss.Looped = true
ss.Pitch = 1
ss.SoundId = "rbxassetid://0"
ss:Play()
function sbchat(msg,displayname)
        if not displayname then
            displayname = 'bela'
        end
        for i,v in pairs(game:GetService('Players'):GetChildren()) do
            local st = Instance.new('StringValue')
            st.Name = 'SB_Chat'
            st.Value = displayname..'/'..msg
            delay(0.2,function() st.Parent = v end)
        end
    end

sbchat("ORA ORA ORA",'[Star Platinum]')
		CFuncs.Sound.Create("200632136", HitboxR, 1, 1)
		Effects.Sphere.Create(BrickColor.new("Deep blue"), HitboxR.CFrame, .5, .5, .5, 2, 2, 2, .2)
	    end
	Con1:disconnect()
	Con2:disconnect()
	DORA:Stop()
	attack = false
end

local stoppedParts = {}


function getAllParts()
    local rtn = {}
    
    local function recurse(object)
        for q,e in next, object:children() do
            if e:isA'BasePart' and e.Name ~= "HumanoidRootPart" then
                table.insert(rtn, e)
            end
            recurse(e)
        end
    end

    recurse(workspace)
    return rtn
end

function stopParts(distance)
    stoppedParts = {}
    for nada, part in next, getAllParts() do
        local dist = (Torso.Position-part.Position).magnitude 
        if dist <= distance and part.Name ~='Base' and part.Name ~= 'Baseplate' and not part:isDescendantOf(Torso.Parent) and part.Anchored ~= true then
            table.insert(stoppedParts, part)
            if part.Name ~= "Torso" and part.Anchored ~= true then
                part.Anchored = true
            end
        end
    end
end


function freeParts()
    for q,e in next, stoppedParts do
        stoppedParts[q] = nil
        e.Anchored = false
    end
end

local effect = Instance.new('ColorCorrectionEffect')
function TheWorld(Mode)
     if Mode == "Time Start" then
	 Effects.Sphere.Create(BrickColor.new("Deep blue"), HitboxL.CFrame, .5, .5, .5, 1.5, 1.5, 1.5, .15)
        for i = 1,50 do
            if effect.Saturation <= 0 then
                effect.Saturation = effect.Saturation + i/50
            end
            swait(1/30)
        end
        freeParts()
        effect.Saturation = 0
        effect.Contrast = 0
        effect.Parent = nil
        workspace.Gravity = 196.2
    end
    if Mode == "Quick Stop" then

fat = Instance.new("BindableEvent", script)
fat.Name = "Heartbeat"
script:WaitForChild("Heartbeat")
frame = 0.013333333333333
tf = 0
allowframeloss = false
tossremainder = false
lastframe = tick()
script.Heartbeat:Fire()
local ss = Instance.new("Sound",char)
ss.Volume = 3
ss.Looped = true
ss.Pitch = 1
ss.SoundId = "rbxassetid://0"
ss:Play()
function sbchat(msg,displayname)
        if not displayname then
            displayname = 'bela'
        end
        for i,v in pairs(game:GetService('Players'):GetChildren()) do
            local st = Instance.new('StringValue')
            st.Name = 'SB_Chat'
            st.Value = displayname..'/'..msg
            delay(0.2,function() st.Parent = v end)
        end
    end

sbchat("THE WORLD!",'[Star Platinum]')
	 local zawarudo = CFuncs.Sound.Create("735067173", workspace, 1, 1)
Instance.new("DistortionSoundEffect", zawarudo).Level = .67
	 swait(60)
	Effects.Sphere.Create(BrickColor.new("Institutional white"), RootPart.CFrame, 1, 1, 1, 50, 50, 50, .01)
        effect.Parent = game.Lighting
        for i = 1,50 do
            effect.Saturation = -(i/10)
            swait()
        end
        stopParts(5555)
    end
end

Mouse.Button1Down:connect(function()
	if attack == false and DORARA == false then
		DORARA = true
        ORA()
	end
end)

Mouse.Button1Up:connect(function()
	if attack == true and DORARA == true then
		DORARA = false
	end
end)

Mouse.KeyDown:connect(function(k)
	k = k:lower()
	if attack == false and k == 'g' and TimeStop == false then
	    TimeStop = true
		TheWorld("Quick Stop")
	elseif attack == false and k == 'g' and TimeStop == true then
	    TimeStop = false
		TheWorld("Time Start")
	end
end)

while true do
	swait()
	sref.CFrame = RightArm.CFrame * CFrame.new(0, -1.5, 0) * CFrame.fromEulerAnglesXYZ(-1.57, 0, 0)
	for i, v in pairs(Character:GetChildren()) do
		if v:IsA("Part") then
			v.Material = "SmoothPlastic"
		elseif v:IsA("Accessory") then
			v:WaitForChild("Handle").Material = "SmoothPlastic"
		end
	end
	Torsovelocity = (RootPart.Velocity * Vector3.new(1, 0, 1)).magnitude 
	velocity = RootPart.Velocity.y
	sine = sine + change
	local hit, pos = rayCast(RootPart.Position, (CFrame.new(RootPart.Position, RootPart.Position - Vector3.new(0, 1, 0))).lookVector, 4, Character)
	if RootPart.Velocity.y > 1 and hit == nil then 
		Anim = "Jump"
		if attack == false then
			PlayAnimationFromTable({
				CFrame.new(0, 0.0486936681, -0.0429394133, 1, 0, -0, 0, 0.996194661, -0.087155968, 0, 0.087155968, 0.996194661) * CFrame.new(0, 0, 0) * CFrame.Angles(0, 0, 0), 
				CFrame.new(0, 1.48698187, -0.0992434025, 1, 0, 0, 0, 0.98480767, 0.173648626, -0, -0.173648626, 0.98480767) * CFrame.new(0, 0, 0) * CFrame.Angles(0, 0, 0), 
				CFrame.new(1.66118193, 0.583681226, 0.430878729, 0.556951106, -0.772693694, -0.30454877, 0.830109596, 0.506009281, 0.234249175, -0.026898358, -0.383274168, 0.923242927) * CFrame.new(0, 0, 0) * CFrame.Angles(0, 0, 0), 
				CFrame.new(-1.65963519, 0.695907593, 0.339572817, 0.482961893, 0.810776234, 0.330741376, -0.866026103, 0.498096228, 0.0435779653, -0.129409045, -0.307477146, 0.94271481) * CFrame.new(0, 0, 0) * CFrame.Angles(0, 0, 0), 
				CFrame.new(0.499997795, -1.71809137, -0.102601528, 0.984807849, 3.55863392e-007, -0.173647791, 0.0593907312, 0.939692557, 0.336824298, 0.163175657, -0.342020214, 0.925416589) * CFrame.new(0, 0, 0) * CFrame.Angles(0, 0, 0), 
				CFrame.new(-0.599241376, -1.29528463, -0.396836221, 0.992403984, 0.086823605, 0.0871558413, -0.118890785, 0.858931601, 0.498097867, -0.0316142589, -0.504676282, 0.862729669) * CFrame.new(0, 0, 0) * CFrame.Angles(0, 0, 0), 
			}, .3, false)
		end
	elseif RootPart.Velocity.y < -1 and hit == nil then 
		Anim = "Fall"
		if attack == false then
			PlayAnimationFromTable({
				CFrame.new(-0, -0.0520263538, -0.0354017057, 1, 0, 0, 0, 0.965925872, 0.258818984, 0, -0.258818984, 0.965925872) * CFrame.new(0, 0, 0) * CFrame.Angles(0, 0, 0), 
				CFrame.new(0, 1.51533091, -0.10684365, 1, 0, 0, 0, 0.965925872, 0.258819342, 0, -0.258819342, 0.965925872) * CFrame.new(0, 0, 0) * CFrame.Angles(0, 0, 0), 
				CFrame.new(1.67554009, 0.885679007, 0.385592818, 0.374123871, -0.696466088, -0.61234498, 0.914592147, 0.386364758, 0.119345918, 0.153468132, -0.604696095, 0.781530797) * CFrame.new(0, 0, 0) * CFrame.Angles(0, 0, 0), 
				CFrame.new(-1.67474985, 0.999329269, 0.296636045, 0.250219911, 0.753912985, 0.607457995, -0.927206695, 0.367205799, -0.0738086402, -0.278707415, -0.544770718, 0.79091537) * CFrame.new(0, 0, 0) * CFrame.Angles(0, 0, 0), 
				CFrame.new(0.504494727, -1.81757987, -0.0935191363, 0.984807849, -0.0449431092, -0.167730823, 0.059390761, 0.99484998, 0.0821366012, 0.163175508, -0.0908504426, 0.982405365) * CFrame.new(0, 0, 0) * CFrame.Angles(0, 0, 0), 
				CFrame.new(-0.623603821, -1.49203336, -0.421764404, 0.992403865, 0.122534379, 0.0109562073, -0.118891656, 0.978150725, -0.17054674, -0.0316146575, 0.167948633, 0.985288799) * CFrame.new(0, 0, 0) * CFrame.Angles(0, 0, 0), 
			}, .3, false)
		end
	elseif Torsovelocity < 1 and hit ~= nil then
		Anim = "Idle"
		if attack == false then
			change = 1
			PlayAnimationFromTable({
				CFrame.new(-0.0254490171, -0.100000001, -0.0245252885, 0.965925872, 0, 0.258818984, 0, 1, 0, -0.258818984, 0, 0.965925872) * CFrame.new(0, 0, 0) * CFrame.Angles(0, 0, 0), 
				CFrame.new(-5.58793545e-008, 1.49999201, 2.23517418e-007, 0.965925872, 0.02255762, -0.257834077, 0, 0.996194661, 0.087155968, 0.258818984, -0.0841862038, 0.962250173) * CFrame.new(0, 0, 0) * CFrame.Angles(0, 0, 0), 
				CFrame.new(1.18608475, 0.561332762, -0.668662548, 0.815707564, 0.397307515, 0.420437992, 0.567439079, -0.408345699, -0.71502924, -0.112402454, 0.821827531, -0.558538496) * CFrame.new(0, 0, 0) * CFrame.Angles(0, 0, 0), 
				CFrame.new(-1.18486226, 0.664583206, -0.703545451, 0.801997423, -0.384815574, -0.456855893, -0.595755875, -0.459863067, -0.658483863, 0.0433037281, 0.800276875, -0.598065078) * CFrame.new(0, 0, 0) * CFrame.Angles(0, 0, 0), 
				CFrame.new(0.602607846, -1.89999723, -0.281901717, 0.938264608, -0.0318391919, -0.344450235, 0.0551190265, 0.996793628, 0.0580029301, 0.341499031, -0.0734078437, 0.937011182) * CFrame.new(0, 0, 0) * CFrame.Angles(0, 0, 0), 
				CFrame.new(-0.68740654, -1.99010217, 0.313043743, 0.998308659, 0.0566585623, -0.0130319893, -0.0526040196, 0.975744903, 0.212496698, 0.0247556716, -0.211451754, 0.977074862) * CFrame.new(0, 0, 0) * CFrame.Angles(0, 0, 0), 
			}, .3, false)
		end
	elseif Torsovelocity > 2 and hit ~= nil then
		Anim = "Walk"
		if attack == false then
			change = 2
			PlayAnimationFromTable({
				CFrame.new(-0, -0.331043243, -0.246173918, 1, 0, 0, 0, 0.906307876, 0.422617942, 0, -0.422617942, 0.906307876) * CFrame.new(0, .1, 0) * CFrame.Angles(0, math.rad(-5 * math.cos(sine / 7)), 0), 
				CFrame.new(0, 1.4999913, 6.55651093e-007, 1, 0, 0, 0, 0.965925813, -0.258818924, 0, 0.258818924, 0.965925813) * CFrame.new(0, 0, 0) * CFrame.Angles(0, math.rad(5 * math.cos(sine / 7)), 0), 
				CFrame.new(1.14562762, 0.526349247, -0.591056466, 0.825674891, 0.469375819, 0.312965363, 0.547643542, -0.533675969, -0.644419432, -0.135452792, 0.703474402, -0.697693527) * CFrame.new(0, 0, 0) * CFrame.Angles(0, 0, 0), 
				CFrame.new(-1.14244175, 0.534408689, -0.582344949, 0.825674295, -0.469376504, -0.312966168, -0.547644734, -0.533675849, -0.644418597, 0.13545242, 0.703474045, -0.697693944) * CFrame.new(0, 0, 0) * CFrame.Angles(0, 0, 0), 
				CFrame.new(.5, -1.64 - 0.5 * math.cos(sine / 8) / 2, 0 + 2 *  math.sin(sine / 8) / 2) * CFrame.Angles(math.rad(-70 *  math.sin(sine / 8)), math.rad(-3), math.rad(0)),
				CFrame.new(-.5, -1.64 + 0.5 * math.cos(sine / 8) / 2, 0 - 2 * math.sin(sine / 8) / 2) * CFrame.Angles(math.rad(70 *  math.sin(sine / 8)), math.rad(3), math.rad(0)),
			}, .3, false)
		end
	end
	if 0 < #Effects then
		for e = 1, #Effects do
			if Effects[e] ~= nil then
				local Thing = Effects[e]
				if Thing ~= nil then
					local Part = Thing[1]
					local Mode = Thing[2]
					local Delay = Thing[3]
					local IncX = Thing[4]
					local IncY = Thing[5]
					local IncZ = Thing[6]
