--[[Stellar Phoenix by grgrgry21.
             A
          A     A
         A   C   A
          A     A
             A
--]]
wait(1 / 60)
Effects = { }
local Player = game.Players.localPlayer
local Character = Player.Character
local Humanoid = Character.Humanoid
local Mouse = Player:GetMouse()
local LeftArm = Character["Left Arm"]
local RightArm = Character["Right Arm"]
local LeftLeg = Character["Left Leg"]
local RightLeg = Character["Right Leg"]
local Head = Character.Head
local Torso = Character.Torso
local Camera = game.Workspace.CurrentCamera
local RootPart = Character.HumanoidRootPart
local RootJoint = RootPart.RootJoint
local attack = false
local Anim = 'Idle'
local attacktype = 1
local Torsovelocity = (RootPart.Velocity * Vector3.new(1, 0, 1)).magnitude 
local velocity = RootPart.Velocity.y
local sine = 0
local equipped = false
local change = 1
local Create = LoadLibrary("RbxUtility").Create

local m = Create("Model"){
	Parent = Character,
	Name = "WeaponModel",
}

Humanoid.Animator.Parent = nil
Character.Animate.Parent = nil

local newMotor = function(part0, part1, c0, c1)
	local w = Create('Motor'){
		Parent = part0,
		Part0 = part0,
		Part1 = part1,
		C0 = c0,
		C1 = c1,
	}
	return w
end

function clerp(a, b, t)
	return a:lerp(b, t)
end

RootCF = CFrame.fromEulerAnglesXYZ(-1.57, 0, 3.14)
NeckCF = CFrame.new(0, 1, 0, -1, -0, -0, 0, 0, 1, 0, 1, 0)

local RW = newMotor(Torso, RightArm, CFrame.new(1.5, 0, 0), CFrame.new(0, 0, 0)) 
local LW = newMotor(Torso, LeftArm, CFrame.new(-1.5, 0, 0), CFrame.new(0, 0, 0))
local RH = newMotor(Torso, RightLeg, CFrame.new(.5, -2, 0), CFrame.new(0, 0, 0))
local LH = newMotor(Torso, LeftLeg, CFrame.new(-.5, -2, 0), CFrame.new(0, 0, 0))
RootJoint.C1 = CFrame.new(0, 0, 0)
RootJoint.C0 = CFrame.new(0, 0, 0)
Torso.Neck.C1 = CFrame.new(0, 0, 0)
Torso.Neck.C0 = CFrame.new(0, 1.5, 0)

local rarmc1 = RW.C1
local larmc1 = LW.C1
local rlegc1 = RH.C1
local llegc1 = LH.C1

local resetc1 = false

function PlayAnimationFromTable(table, speed, bool)
	RootJoint.C0 = clerp(RootJoint.C0, table[1], speed) 
	Torso.Neck.C0 = clerp(Torso.Neck.C0, table[2], speed) 
	RW.C0 = clerp(RW.C0, table[3], speed) 
	LW.C0 = clerp(LW.C0, table[4], speed) 
	RH.C0 = clerp(RH.C0, table[5], speed) 
	LH.C0 = clerp(LH.C0, table[6], speed) 
	if bool == true then
		if resetc1 == false then
			resetc1 = true
			RootJoint.C1 = RootJoint.C1
			Torso.Neck.C1 = Torso.Neck.C1
			RW.C1 = rarmc1
			LW.C1 = larmc1
			RH.C1 = rlegc1
			LH.C1 = llegc1
		end
	end
end

ArtificialHB = Create("BindableEvent", script){
	Parent = script,
	Name = "Heartbeat",
}

script:WaitForChild("Heartbeat")

frame = 1 / 30
tf = 0
allowframeloss = false
tossremainder = false
lastframe = tick()
script.Heartbeat:Fire()

game:GetService("RunService").Heartbeat:connect(function(s, p)
	tf = tf + s
	if tf >= frame then
		if allowframeloss then
			script.Heartbeat:Fire()
			lastframe = tick()
		else
			for i = 1, math.floor(tf / frame) do
				script.Heartbeat:Fire()
			end
			lastframe = tick()
		end
		if tossremainder then
			tf = 0
		else
			tf = tf - frame * math.floor(tf / frame)
		end
	end
end)

function swait(num)
	if num == 0 or num == nil then
		ArtificialHB.Event:wait()
	else
		for i = 0, num do
			ArtificialHB.Event:wait()
		end
	end
end

function RemoveOutlines(part)
	part.TopSurface, part.BottomSurface, part.LeftSurface, part.RightSurface, part.FrontSurface, part.BackSurface = 10, 10, 10, 10, 10, 10
end
	
CFuncs = {	
	["Part"] = {
		Create = function(Parent, Material, Reflectance, Transparency, BColor, Name, Size)
			local Part = Create("Part"){
				Parent = Parent,
				Reflectance = Reflectance,
				Transparency = Transparency,
				CanCollide = false,
				Locked = true,
				BrickColor = BrickColor.new(tostring(BColor)),
				Name = Name,
				Size = Size,
				Material = Material,
			}
			RemoveOutlines(Part)
			return Part
		end;
	};
	
	["Mesh"] = {
		Create = function(Mesh, Part, MeshType, MeshId, OffSet, Scale)
			local Msh = Create(Mesh){
				Parent = Part,
				Offset = OffSet,
				Scale = Scale,
			}
			if Mesh == "SpecialMesh" then
				Msh.MeshType = MeshType
				Msh.MeshId = MeshId
			end
			return Msh
		end;
	};
	
	["Mesh"] = {
		Create = function(Mesh, Part, MeshType, MeshId, OffSet, Scale)
			local Msh = Create(Mesh){
				Parent = Part,
				Offset = OffSet,
				Scale = Scale,
			}
			if Mesh == "SpecialMesh" then
				Msh.MeshType = MeshType
				Msh.MeshId = MeshId
			end
			return Msh
		end;
	};
	
	["Weld"] = {
		Create = function(Parent, Part0, Part1, C0, C1)
			local Weld = Create("Weld"){
				Parent = Parent,
				Part0 = Part0,
				Part1 = Part1,
				C0 = C0,
				C1 = C1,
			}
			return Weld
		end;
	};

	["Sound"] = {
		Create = function(id, par, vol, pit) 
			coroutine.resume(coroutine.create(function()
				local S = Create("Sound"){
					Volume = vol,
					Pitch = pit or 1,
					SoundId = id,
					Parent = par or workspace,
				}
				wait() 
				S:play() 
				game:GetService("Debris"):AddItem(S, 6)
			end))
		end;
	};
	
	["ParticleEmitter"] = {
		Create = function(Parent, Color1, Color2, LightEmission, Size, Texture, Transparency, ZOffset, Accel, Drag, LockedToPart, VelocityInheritance, EmissionDirection, Enabled, LifeTime, Rate, Rotation, RotSpeed, Speed, VelocitySpread)
			local fp = Create("ParticleEmitter"){
				Parent = Parent,
				Color = ColorSequence.new(Color1, Color2),
				LightEmission = LightEmission,
				Size = Size,
				Texture = Texture,
				Transparency = Transparency,
				ZOffset = ZOffset,
				Acceleration = Accel,
				Drag = Drag,
				LockedToPart = LockedToPart,
				VelocityInheritance = VelocityInheritance,
				EmissionDirection = EmissionDirection,
				Enabled = Enabled,
				Lifetime = LifeTime,
				Rate = Rate,
				Rotation = Rotation,
				RotSpeed = RotSpeed,
				Speed = Speed,
				VelocitySpread = VelocitySpread,
			}
			return fp
		end;
	};

	CreateTemplate = {
  BreakEffect = function(brickcolor, cframe, x1, y1, z1)
  local prt = CFuncs["Part"].Create(Effects, "SmoothPlastic", 0, 0, brickcolor, "Effect", Vector3.new(0.5, 0.5, 0.5))
  prt.Anchored = true
  prt.CFrame = cframe * CFrame.fromEulerAnglesXYZ(math.random(-50, 50), math.random(-50, 50), math.random(-50, 50))
  local msh = CFuncs["Mesh"].Create("SpecialMesh", prt, "Sphere", "", Vector3.new(0, 0, 0), Vector3.new(x1, y1, z1))
  local num = math.random(10, 50) / 1000
  game:GetService("Debris"):AddItem(prt, 10)
  table.insert(Effects, {prt, "Shatter", num, prt.CFrame, math.random() - math.random(), 0, math.random(50, 100) / 100})
end
	};
}


New = function(Object, Parent, Name, Data)
	local Object = Instance.new(Object)
	for Index, Value in pairs(Data or {}) do
		Object[Index] = Value
	end
	Object.Parent = Parent
	Object.Name = Name
	return Object
end
	
StellarPhoenix = New("Model",Character,"StellarPhoenix",{})
RWing1 = New("Model",Character,"RWing1",{})
LWing1 = New("Model",Character,"LWing1",{})
Handle = New("Part",StellarPhoenix,"Handle",{BrickColor = BrickColor.new("Baby blue"),Material = Enum.Material.SmoothPlastic,FormFactor = Enum.FormFactor.Custom,Size = Vector3.new(1.20000005, 0.400000006, 10.4000006),CFrame = CFrame.new(-44.5999985, 92.8996201, 141.900009, 0, 0, -1, 0, 1, 0, 1, 0, 0),CanCollide = false,BackSurface = Enum.SurfaceType.SmoothNoOutlines,BottomSurface = Enum.SurfaceType.SmoothNoOutlines,FrontSurface = Enum.SurfaceType.SmoothNoOutlines,LeftSurface = Enum.SurfaceType.SmoothNoOutlines,RightSurface = Enum.SurfaceType.SmoothNoOutlines,TopSurface = Enum.SurfaceType.SmoothNoOutlines,Color = Color3.new(0.596078, 0.760784, 0.858824),})
Mesh = New("BlockMesh",Handle,"Mesh",{})
PointLight = New("PointLight",Handle,"PointLight",{Color = Color3.new(0.654902, 1, 0.980392),Brightness = 1.5,Range = 6,})
moto = New("Weld",Handle,"mot",{Part0 = Torso,Part1 = Handle,})

W3d1 = New("Part",RWing1,"W3d1",{BrickColor = BrickColor.new("Baby blue"),Material = Enum.Material.SmoothPlastic,Transparency = 1,Transparency = 1,FormFactor = Enum.FormFactor.Custom,Size = Vector3.new(1.20000005, 0.600000024, 1.10000062),CFrame = CFrame.new(-42.4499931, 92.8996201, 141.900009, 0, 0, -1.00000012, 0, 1, 0, 1.00000012, 0, 0),CanCollide = false,BackSurface = Enum.SurfaceType.SmoothNoOutlines,BottomSurface = Enum.SurfaceType.SmoothNoOutlines,FrontSurface = Enum.SurfaceType.SmoothNoOutlines,LeftSurface = Enum.SurfaceType.SmoothNoOutlines,RightSurface = Enum.SurfaceType.SmoothNoOutlines,TopSurface = Enum.SurfaceType.SmoothNoOutlines,Color = Color3.new(0.596078, 0.760784, 0.858824),})
Mesh = New("BlockMesh",W3d1,"Mesh",{})
--moto1 = New("Weld",W3d1,"mot",{Part0 = W3d1,Part1 = Handle,C0 = CFrame.new(0, 0, 0, 0, 0, 1.00000012, 0, 1, 0, -1.00000012, 0, 0),C1 = CFrame.new(0, 0, -2.15000534, 0, 0, 1, 0, 1, 0, -1, 0, 0),})
moto1 = New("Weld",W3d1,"mot",{Part0 = Handle,Part1 = W3d1,})

W3d2 = New("Part",LWing1,"W3d2",{BrickColor = BrickColor.new("Baby blue"),Material = Enum.Material.SmoothPlastic,Transparency = 1,Transparency = 1,FormFactor = Enum.FormFactor.Custom,Size = Vector3.new(1.20000005, 0.600000024, 1.10000062),CFrame = CFrame.new(-42.4499931, 92.8996201, 141.900009, 0, 0, -1.00000012, 0, 1, 0, 1.00000012, 0, 0),CanCollide = false,BackSurface = Enum.SurfaceType.SmoothNoOutlines,BottomSurface = Enum.SurfaceType.SmoothNoOutlines,FrontSurface = Enum.SurfaceType.SmoothNoOutlines,LeftSurface = Enum.SurfaceType.SmoothNoOutlines,RightSurface = Enum.SurfaceType.SmoothNoOutlines,TopSurface = Enum.SurfaceType.SmoothNoOutlines,Color = Color3.new(0.596078, 0.760784, 0.858824),})
Mesh = New("BlockMesh",W3d2,"Mesh",{})
--moto2 = New("Weld",W3d2,"mot",{Part0 = W3d2,Part1 = Handle,C0 = CFrame.new(0, 0, 0, 0, 0, 1.00000012, 0, 1, 0, -1.00000012, 0, 0),C1 = CFrame.new(0, 0, -2.15000534, 0, 0, 1, 0, 1, 0, -1, 0, 0),})
moto2 = New("Weld",W3d2,"mot",{Part0 = Handle,Part1 = W3d2,})

Ear = New("Part",StellarPhoenix,"Ear",{BrickColor = BrickColor.new("Pastel light blue"),Material = Enum.Material.Neon,FormFactor = Enum.FormFactor.Custom,Size = Vector3.new(0.200000003, 0.5, 1.50000024),CFrame = CFrame.new(-41.3843422, 93.583519, 142.644119, 0.254886955, -0.173649028, 0.951251209, -0.0449439958, -0.984807611, -0.167732015, 0.965925872, -3.31048483e-007, -0.258819073),CanCollide = false,BackSurface = Enum.SurfaceType.SmoothNoOutlines,BottomSurface = Enum.SurfaceType.SmoothNoOutlines,FrontSurface = Enum.SurfaceType.SmoothNoOutlines,LeftSurface = Enum.SurfaceType.SmoothNoOutlines,RightSurface = Enum.SurfaceType.SmoothNoOutlines,TopSurface = Enum.SurfaceType.SmoothNoOutlines,Color = Color3.new(0.686275, 0.866667, 1),})
Mesh = New("SpecialMesh",Ear,"Mesh",{Scale = Vector3.new(0.5, 1, 1),MeshType = Enum.MeshType.Wedge,})
mot = New("Weld",Ear,"mot",{Part0 = Ear,Part1 = Handle,C0 = CFrame.new(0, 0, 0, 0.254886955, -0.0449439958, 0.965925872, -0.173649028, -0.984807611, -3.31048483e-007, 0.951251209, -0.167732015, -0.258819073),C1 = CFrame.new(0.744110107, 0.683898926, -3.21565628, 0, 0, 1, 0, 1, 0, -1, 0, 0),})
Part1 = New("Part",StellarPhoenix,"Part1",{BrickColor = BrickColor.new("Medium blue"),Material = Enum.Material.SmoothPlastic,FormFactor = Enum.FormFactor.Custom,Size = Vector3.new(0.200000003, 0.399999976, 1.10000002),CFrame = CFrame.new(-50.5816536, 92.8996201, 143.923599, 0, 0.342023849, -0.939691246, -1, 0, 0, 0, 0.939691246, 0.342023849),CanCollide = false,BackSurface = Enum.SurfaceType.SmoothNoOutlines,BottomSurface = Enum.SurfaceType.SmoothNoOutlines,FrontSurface = Enum.SurfaceType.SmoothNoOutlines,LeftSurface = Enum.SurfaceType.SmoothNoOutlines,RightSurface = Enum.SurfaceType.SmoothNoOutlines,TopSurface = Enum.SurfaceType.SmoothNoOutlines,Color = Color3.new(0.431373, 0.6, 0.792157),})
Mesh = New("SpecialMesh",Part1,"Mesh",{Scale = Vector3.new(0.600000024, 1, 1),MeshType = Enum.MeshType.Wedge,})
mot = New("Weld",Part1,"mot",{Part0 = Part1,Part1 = Handle,C0 = CFrame.new(0, 0, 0, 0, -1, 0, 0.342023849, 0, 0.939691246, -0.939691246, 0, 0.342023849),C1 = CFrame.new(2.02359009, 0, 5.98165512, 0, 0, 1, 0, 1, 0, -1, 0, 0),})
Shard = New("Part",StellarPhoenix,"Shard",{BrickColor = BrickColor.new("Baby blue"),Material = Enum.Material.SmoothPlastic,FormFactor = Enum.FormFactor.Custom,Size = Vector3.new(0.200000003, 0.5, 1.50000024),CFrame = CFrame.new(-40.0983734, 92.4458618, 140.839233, -0.0690940171, -0.372600168, 0.925416291, 0.951251209, 0.254887253, 0.173648119, -0.300578058, 0.892301381, 0.336825192),CanCollide = false,BackSurface = Enum.SurfaceType.SmoothNoOutlines,BottomSurface = Enum.SurfaceType.SmoothNoOutlines,FrontSurface = Enum.SurfaceType.SmoothNoOutlines,LeftSurface = Enum.SurfaceType.SmoothNoOutlines,RightSurface = Enum.SurfaceType.SmoothNoOutlines,TopSurface = Enum.SurfaceType.SmoothNoOutlines,Color = Color3.new(0.596078, 0.760784, 0.858824),})
Mesh = New("SpecialMesh",Shard,"Mesh",{Scale = Vector3.new(0.5, 1, 1),MeshType = Enum.MeshType.Wedge,})
mot = New("Weld",Shard,"mot",{Part0 = Shard,Part1 = Handle,C0 = CFrame.new(0, 0, 0, -0.0690940171, 0.951251209, -0.300578058, -0.372600168, 0.254887253, 0.892301381, 0.925416291, 0.173648119, 0.336825192),C1 = CFrame.new(-1.06077576, -0.45375824, -4.50162506, 0, 0, 1, 0, 1, 0, -1, 0, 0),})
Shard = New("Part",StellarPhoenix,"Shard",{BrickColor = BrickColor.new("Baby blue"),Material = Enum.Material.SmoothPlastic,FormFactor = Enum.FormFactor.Custom,Size = Vector3.new(0.200000003, 0.5, 1.50000024),CFrame = CFrame.new(-40.0945129, 92.8996201, 143.004715, 0, -0.342019916, 0.939692736, -1, 0, 0, 0, -0.939692736, -0.342019886),CanCollide = false,BackSurface = Enum.SurfaceType.SmoothNoOutlines,BottomSurface = Enum.SurfaceType.SmoothNoOutlines,FrontSurface = Enum.SurfaceType.SmoothNoOutlines,LeftSurface = Enum.SurfaceType.SmoothNoOutlines,RightSurface = Enum.SurfaceType.SmoothNoOutlines,TopSurface = Enum.SurfaceType.SmoothNoOutlines,Color = Color3.new(0.596078, 0.760784, 0.858824),})
Mesh = New("SpecialMesh",Shard,"Mesh",{Scale = Vector3.new(0.5, 1, 1),MeshType = Enum.MeshType.Wedge,})
mot = New("Weld",Shard,"mot",{Part0 = Shard,Part1 = Handle,C0 = CFrame.new(0, 0, 0, 0, -1, 0, -0.342019916, 0, -0.939692736, 0.939692736, 0, -0.342019886),C1 = CFrame.new(1.10470581, 0, -4.50548553, 0, 0, 1, 0, 1, 0, -1, 0, 0),})
Ear = New("Part",StellarPhoenix,"Ear",{BrickColor = BrickColor.new("Pastel light blue"),Material = Enum.Material.Neon,FormFactor = Enum.FormFactor.Custom,Size = Vector3.new(0.200000003, 0.5, 0.600000203),CFrame = CFrame.new(-40.3855209, 93.4074097, 142.372345, 0.254886955, 0.173649028, -0.951251209, -0.0449439958, 0.984807611, 0.167732015, 0.965925872, 3.31048483e-007, 0.258819073),CanCollide = false,BackSurface = Enum.SurfaceType.SmoothNoOutlines,BottomSurface = Enum.SurfaceType.SmoothNoOutlines,FrontSurface = Enum.SurfaceType.SmoothNoOutlines,LeftSurface = Enum.SurfaceType.SmoothNoOutlines,RightSurface = Enum.SurfaceType.SmoothNoOutlines,TopSurface = Enum.SurfaceType.SmoothNoOutlines,Color = Color3.new(0.686275, 0.866667, 1),})
Mesh = New("SpecialMesh",Ear,"Mesh",{Scale = Vector3.new(0.5, 1, 1),MeshType = Enum.MeshType.Wedge,})
mot = New("Weld",Ear,"mot",{Part0 = Ear,Part1 = Handle,C0 = CFrame.new(0, 0, 0, 0.254886955, -0.0449439958, 0.965925872, 0.173649028, 0.984807611, 3.31048483e-007, -0.951251209, 0.167732015, 0.258819073),C1 = CFrame.new(0.472335815, 0.507789612, -4.21447754, 0, 0, 1, 0, 1, 0, -1, 0, 0),})
Shard = New("Part",StellarPhoenix,"Shard",{BrickColor = BrickColor.new("Baby blue"),Material = Enum.Material.SmoothPlastic,FormFactor = Enum.FormFactor.Custom,Size = Vector3.new(0.200000003, 0.5, 1.50000024),CFrame = CFrame.new(-40.0983734, 92.4458618, 142.960785, 0.0690940171, -0.372600168, 0.925416291, -0.951251209, 0.254887253, 0.173648119, -0.300578058, -0.892301381, -0.336825192),CanCollide = false,BackSurface = Enum.SurfaceType.SmoothNoOutlines,BottomSurface = Enum.SurfaceType.SmoothNoOutlines,FrontSurface = Enum.SurfaceType.SmoothNoOutlines,LeftSurface = Enum.SurfaceType.SmoothNoOutlines,RightSurface = Enum.SurfaceType.SmoothNoOutlines,TopSurface = Enum.SurfaceType.SmoothNoOutlines,Color = Color3.new(0.596078, 0.760784, 0.858824),})
Mesh = New("SpecialMesh",Shard,"Mesh",{Scale = Vector3.new(0.5, 1, 1),MeshType = Enum.MeshType.Wedge,})
mot = New("Weld",Shard,"mot",{Part0 = Shard,Part1 = Handle,C0 = CFrame.new(0, 0, 0, 0.0690940171, -0.951251209, -0.300578058, -0.372600168, 0.254887253, -0.892301381, 0.925416291, 0.173648119, -0.336825192),C1 = CFrame.new(1.06077576, -0.45375824, -4.50162506, 0, 0, 1, 0, 1, 0, -1, 0, 0),})
Ear = New("Part",StellarPhoenix,"Ear",{BrickColor = BrickColor.new("Pastel light blue"),Material = Enum.Material.Neon,FormFactor = Enum.FormFactor.Custom,Size = Vector3.new(0.200000003, 0.5, 1.50000024),CFrame = CFrame.new(-41.1499252, 93.9780884, 142.644119, 0.224142998, -0.500000417, 0.836516321, -0.129409999, -0.866025269, -0.482963175, 0.965925992, -7.62851528e-007, -0.258818537),CanCollide = false,BackSurface = Enum.SurfaceType.SmoothNoOutlines,BottomSurface = Enum.SurfaceType.SmoothNoOutlines,FrontSurface = Enum.SurfaceType.SmoothNoOutlines,LeftSurface = Enum.SurfaceType.SmoothNoOutlines,RightSurface = Enum.SurfaceType.SmoothNoOutlines,TopSurface = Enum.SurfaceType.SmoothNoOutlines,Color = Color3.new(0.686275, 0.866667, 1),})
Mesh = New("SpecialMesh",Ear,"Mesh",{Scale = Vector3.new(0.5, 1, 1),MeshType = Enum.MeshType.Wedge,})
mot = New("Weld",Ear,"mot",{Part0 = Ear,Part1 = Handle,C0 = CFrame.new(0, 0, 0, 0.224142998, -0.129409999, 0.965925992, -0.500000417, -0.866025269, -7.62851528e-007, 0.836516321, -0.482963175, -0.258818537),C1 = CFrame.new(0.744110107, 1.07846832, -3.45007324, 0, 0, 1, 0, 1, 0, -1, 0, 0),})
Shard = New("Part",StellarPhoenix,"Shard",{BrickColor = BrickColor.new("Baby blue"),Material = Enum.Material.SmoothPlastic,FormFactor = Enum.FormFactor.Custom,Size = Vector3.new(0.200000003, 0.5, 1.50000024),CFrame = CFrame.new(-38.710247, 92.706337, 142.455551, 0.0690940171, 0.372600168, -0.925416291, -0.951251209, -0.254887253, -0.173648119, -0.300578058, 0.892301381, 0.336825192),CanCollide = false,BackSurface = Enum.SurfaceType.SmoothNoOutlines,BottomSurface = Enum.SurfaceType.SmoothNoOutlines,FrontSurface = Enum.SurfaceType.SmoothNoOutlines,LeftSurface = Enum.SurfaceType.SmoothNoOutlines,RightSurface = Enum.SurfaceType.SmoothNoOutlines,TopSurface = Enum.SurfaceType.SmoothNoOutlines,Color = Color3.new(0.596078, 0.760784, 0.858824),})
Mesh = New("SpecialMesh",Shard,"Mesh",{Scale = Vector3.new(0.5, 1, 1),MeshType = Enum.MeshType.Wedge,})
mot = New("Weld",Shard,"mot",{Part0 = Shard,Part1 = Handle,C0 = CFrame.new(0, 0, 0, 0.0690940171, -0.951251209, -0.300578058, 0.372600168, -0.254887253, 0.892301381, -0.925416291, -0.173648119, 0.336825192),C1 = CFrame.new(0.555541992, -0.193283081, -5.88975143, 0, 0, 1, 0, 1, 0, -1, 0, 0),})
Shard = New("Part",StellarPhoenix,"Shard",{BrickColor = BrickColor.new("Baby blue"),Material = Enum.Material.SmoothPlastic,FormFactor = Enum.FormFactor.Custom,Size = Vector3.new(0.200000003, 0.5, 1.50000024),CFrame = CFrame.new(-38.710247, 92.706337, 141.344467, -0.0690940171, 0.372600168, -0.925416291, 0.951251209, -0.254887253, -0.173648119, -0.300578058, -0.892301381, -0.336825192),CanCollide = false,BackSurface = Enum.SurfaceType.SmoothNoOutlines,BottomSurface = Enum.SurfaceType.SmoothNoOutlines,FrontSurface = Enum.SurfaceType.SmoothNoOutlines,LeftSurface = Enum.SurfaceType.SmoothNoOutlines,RightSurface = Enum.SurfaceType.SmoothNoOutlines,TopSurface = Enum.SurfaceType.SmoothNoOutlines,Color = Color3.new(0.596078, 0.760784, 0.858824),})
Mesh = New("SpecialMesh",Shard,"Mesh",{Scale = Vector3.new(0.5, 1, 1),MeshType = Enum.MeshType.Wedge,})
mot = New("Weld",Shard,"mot",{Part0 = Shard,Part1 = Handle,C0 = CFrame.new(0, 0, 0, -0.0690940171, 0.951251209, -0.300578058, 0.372600168, -0.254887253, -0.892301381, -0.925416291, -0.173648119, -0.336825192),C1 = CFrame.new(-0.555541992, -0.193283081, -5.88975143, 0, 0, 1, 0, 1, 0, -1, 0, 0),})
Part1 = New("Part",StellarPhoenix,"Part1",{BrickColor = BrickColor.new("Medium blue"),Material = Enum.Material.SmoothPlastic,FormFactor = Enum.FormFactor.Custom,Size = Vector3.new(0.200000003, 0.399999976, 2.20000005),CFrame = CFrame.new(-52.1321449, 92.8996201, 144.487946, 0, -0.342024088, 0.939691246, -1, 0, 0, 0, -0.939691246, -0.342024088),CanCollide = false,BackSurface = Enum.SurfaceType.SmoothNoOutlines,BottomSurface = Enum.SurfaceType.SmoothNoOutlines,FrontSurface = Enum.SurfaceType.SmoothNoOutlines,LeftSurface = Enum.SurfaceType.SmoothNoOutlines,RightSurface = Enum.SurfaceType.SmoothNoOutlines,TopSurface = Enum.SurfaceType.SmoothNoOutlines,Color = Color3.new(0.431373, 0.6, 0.792157),})
Mesh = New("SpecialMesh",Part1,"Mesh",{Scale = Vector3.new(0.600000024, 1, 1),MeshType = Enum.MeshType.Wedge,})
mot = New("Weld",Part1,"mot",{Part0 = Part1,Part1 = Handle,C0 = CFrame.new(0, 0, 0, 0, -1, 0, -0.342024088, 0, -0.939691246, 0.939691246, 0, -0.342024088),C1 = CFrame.new(2.5879364, 0, 7.53214645, 0, 0, 1, 0, 1, 0, -1, 0, 0),})
Shard = New("Part",StellarPhoenix,"Shard",{BrickColor = BrickColor.new("Baby blue"),Material = Enum.Material.SmoothPlastic,FormFactor = Enum.FormFactor.Custom,Size = Vector3.new(0.200000003, 0.5, 1.50000024),CFrame = CFrame.new(-38.684967, 92.8996201, 141.308334, 0, 0.342019916, -0.939692736, 1, 0, 0, 0, -0.939692736, -0.342019886),CanCollide = false,BackSurface = Enum.SurfaceType.SmoothNoOutlines,BottomSurface = Enum.SurfaceType.SmoothNoOutlines,FrontSurface = Enum.SurfaceType.SmoothNoOutlines,LeftSurface = Enum.SurfaceType.SmoothNoOutlines,RightSurface = Enum.SurfaceType.SmoothNoOutlines,TopSurface = Enum.SurfaceType.SmoothNoOutlines,Color = Color3.new(0.596078, 0.760784, 0.858824),})
Mesh = New("SpecialMesh",Shard,"Mesh",{Scale = Vector3.new(0.5, 1, 1),MeshType = Enum.MeshType.Wedge,})
mot = New("Weld",Shard,"mot",{Part0 = Shard,Part1 = Handle,C0 = CFrame.new(0, 0, 0, 0, 1, 0, 0.342019916, 0, -0.939692736, -0.939692736, 0, -0.342019886),C1 = CFrame.new(-0.591674805, 0, -5.91503143, 0, 0, 1, 0, 1, 0, -1, 0, 0),})
Shard = New("Part",StellarPhoenix,"Shard",{BrickColor = BrickColor.new("Baby blue"),Material = Enum.Material.SmoothPlastic,FormFactor = Enum.FormFactor.Custom,Size = Vector3.new(0.200000003, 0.5, 1.50000024),CFrame = CFrame.new(-38.7102432, 93.0929108, 141.344467, 0.0690940171, 0.372600168, -0.925416291, 0.951251209, 0.254887253, 0.173648119, 0.300578058, -0.892301381, -0.336825192),CanCollide = false,BackSurface = Enum.SurfaceType.SmoothNoOutlines,BottomSurface = Enum.SurfaceType.SmoothNoOutlines,FrontSurface = Enum.SurfaceType.SmoothNoOutlines,LeftSurface = Enum.SurfaceType.SmoothNoOutlines,RightSurface = Enum.SurfaceType.SmoothNoOutlines,TopSurface = Enum.SurfaceType.SmoothNoOutlines,Color = Color3.new(0.596078, 0.760784, 0.858824),})
Mesh = New("SpecialMesh",Shard,"Mesh",{Scale = Vector3.new(0.5, 1, 1),MeshType = Enum.MeshType.Wedge,})
mot = New("Weld",Shard,"mot",{Part0 = Shard,Part1 = Handle,C0 = CFrame.new(0, 0, 0, 0.0690940171, 0.951251209, 0.300578058, 0.372600168, 0.254887253, -0.892301381, -0.925416291, 0.173648119, -0.336825192),C1 = CFrame.new(-0.555541992, 0.19329071, -5.88975525, 0, 0, 1, 0, 1, 0, -1, 0, 0),})
Shard = New("Part",StellarPhoenix,"Shard",{BrickColor = BrickColor.new("Baby blue"),Material = Enum.Material.SmoothPlastic,FormFactor = Enum.FormFactor.Custom,Size = Vector3.new(0.200000003, 0.5, 1.50000024),CFrame = CFrame.new(-38.684967, 92.8996201, 142.491684, 0, 0.342019916, -0.939692736, -1, 0, 0, 0, 0.939692736, 0.342019886),CanCollide = false,BackSurface = Enum.SurfaceType.SmoothNoOutlines,BottomSurface = Enum.SurfaceType.SmoothNoOutlines,FrontSurface = Enum.SurfaceType.SmoothNoOutlines,LeftSurface = Enum.SurfaceType.SmoothNoOutlines,RightSurface = Enum.SurfaceType.SmoothNoOutlines,TopSurface = Enum.SurfaceType.SmoothNoOutlines,Color = Color3.new(0.596078, 0.760784, 0.858824),})
Mesh = New("SpecialMesh",Shard,"Mesh",{Scale = Vector3.new(0.5, 1, 1),MeshType = Enum.MeshType.Wedge,})
mot = New("Weld",Shard,"mot",{Part0 = Shard,Part1 = Handle,C0 = CFrame.new(0, 0, 0, 0, -1, 0, 0.342019916, 0, 0.939692736, -0.939692736, 0, 0.342019886),C1 = CFrame.new(0.591674805, 0, -5.91503143, 0, 0, 1, 0, 1, 0, -1, 0, 0),})
Shard = New("Part",StellarPhoenix,"Shard",{BrickColor = BrickColor.new("Baby blue"),Material = Enum.Material.SmoothPlastic,FormFactor = Enum.FormFactor.Custom,Size = Vector3.new(0.200000003, 0.5, 1.50000024),CFrame = CFrame.new(-38.7102432, 93.0929108, 142.455551, -0.0690940171, 0.372600168, -0.925416291, -0.951251209, 0.254887253, 0.173648119, 0.300578058, 0.892301381, 0.336825192),CanCollide = false,BackSurface = Enum.SurfaceType.SmoothNoOutlines,BottomSurface = Enum.SurfaceType.SmoothNoOutlines,FrontSurface = Enum.SurfaceType.SmoothNoOutlines,LeftSurface = Enum.SurfaceType.SmoothNoOutlines,RightSurface = Enum.SurfaceType.SmoothNoOutlines,TopSurface = Enum.SurfaceType.SmoothNoOutlines,Color = Color3.new(0.596078, 0.760784, 0.858824),})
Mesh = New("SpecialMesh",Shard,"Mesh",{Scale = Vector3.new(0.5, 1, 1),MeshType = Enum.MeshType.Wedge,})
mot = New("Weld",Shard,"mot",{Part0 = Shard,Part1 = Handle,C0 = CFrame.new(0, 0, 0, -0.0690940171, -0.951251209, 0.300578058, 0.372600168, 0.254887253, 0.892301381, -0.925416291, 0.173648119, 0.336825192),C1 = CFrame.new(0.555541992, 0.19329071, -5.88975525, 0, 0, 1, 0, 1, 0, -1, 0, 0),})
Shard = New("Part",StellarPhoenix,"Shard",{BrickColor = BrickColor.new("Baby blue"),Material = Enum.Material.SmoothPlastic,FormFactor = Enum.FormFactor.Custom,Size = Vector3.new(0.200000003, 0.5, 1.50000024),CFrame = CFrame.new(-40.0983772, 93.3533859, 142.960785, -0.0690940171, -0.372600168, 0.925416291, -0.951251209, -0.254887253, -0.173648119, 0.300578058, -0.892301381, -0.336825192),CanCollide = false,BackSurface = Enum.SurfaceType.SmoothNoOutlines,BottomSurface = Enum.SurfaceType.SmoothNoOutlines,FrontSurface = Enum.SurfaceType.SmoothNoOutlines,LeftSurface = Enum.SurfaceType.SmoothNoOutlines,RightSurface = Enum.SurfaceType.SmoothNoOutlines,TopSurface = Enum.SurfaceType.SmoothNoOutlines,Color = Color3.new(0.596078, 0.760784, 0.858824),})
Mesh = New("SpecialMesh",Shard,"Mesh",{Scale = Vector3.new(0.5, 1, 1),MeshType = Enum.MeshType.Wedge,})
mot = New("Weld",Shard,"mot",{Part0 = Shard,Part1 = Handle,C0 = CFrame.new(0, 0, 0, -0.0690940171, -0.951251209, 0.300578058, -0.372600168, -0.254887253, -0.892301381, 0.925416291, -0.173648119, -0.336825192),C1 = CFrame.new(1.06077576, 0.453765869, -4.50162125, 0, 0, 1, 0, 1, 0, -1, 0, 0),})
Shard = New("Part",StellarPhoenix,"Shard",{BrickColor = BrickColor.new("Baby blue"),Material = Enum.Material.SmoothPlastic,FormFactor = Enum.FormFactor.Custom,Size = Vector3.new(0.200000003, 0.5, 1.50000024),CFrame = CFrame.new(-40.0945129, 92.8996201, 140.795288, 0, -0.342019916, 0.939692736, 1, 0, 0, 0, 0.939692736, 0.342019886),CanCollide = false,BackSurface = Enum.SurfaceType.SmoothNoOutlines,BottomSurface = Enum.SurfaceType.SmoothNoOutlines,FrontSurface = Enum.SurfaceType.SmoothNoOutlines,LeftSurface = Enum.SurfaceType.SmoothNoOutlines,RightSurface = Enum.SurfaceType.SmoothNoOutlines,TopSurface = Enum.SurfaceType.SmoothNoOutlines,Color = Color3.new(0.596078, 0.760784, 0.858824),})
Mesh = New("SpecialMesh",Shard,"Mesh",{Scale = Vector3.new(0.5, 1, 1),MeshType = Enum.MeshType.Wedge,})
mot = New("Weld",Shard,"mot",{Part0 = Shard,Part1 = Handle,C0 = CFrame.new(0, 0, 0, 0, 1, 0, -0.342019916, 0, 0.939692736, 0.939692736, 0, 0.342019886),C1 = CFrame.new(-1.10472107, 0, -4.50548553, 0, 0, 1, 0, 1, 0, -1, 0, 0),})
Ear = New("Part",StellarPhoenix,"Ear",{BrickColor = BrickColor.new("Pastel light blue"),Material = Enum.Material.Neon,FormFactor = Enum.FormFactor.Custom,Size = Vector3.new(0.200000003, 0.5, 1.50000024),CFrame = CFrame.new(-41.1499214, 93.9781036, 141.155884, -0.224142998, -0.500000417, 0.836516321, 0.129409999, -0.866025269, -0.482963175, 0.965925992, 7.62851528e-007, 0.258818537),CanCollide = false,BackSurface = Enum.SurfaceType.SmoothNoOutlines,BottomSurface = Enum.SurfaceType.SmoothNoOutlines,FrontSurface = Enum.SurfaceType.SmoothNoOutlines,LeftSurface = Enum.SurfaceType.SmoothNoOutlines,RightSurface = Enum.SurfaceType.SmoothNoOutlines,TopSurface = Enum.SurfaceType.SmoothNoOutlines,Color = Color3.new(0.686275, 0.866667, 1),})
Mesh = New("SpecialMesh",Ear,"Mesh",{Scale = Vector3.new(0.5, 1, 1),MeshType = Enum.MeshType.Wedge,})
mot = New("Weld",Ear,"mot",{Part0 = Ear,Part1 = Handle,C0 = CFrame.new(0, 0, 0, -0.224142998, 0.129409999, 0.965925992, -0.500000417, -0.866025269, 7.62851528e-007, 0.836516321, -0.482963175, 0.258818537),C1 = CFrame.new(-0.744125366, 1.07848358, -3.45007706, 0, 0, 1, 0, 1, 0, -1, 0, 0),})
Ear = New("Part",StellarPhoenix,"Ear",{BrickColor = BrickColor.new("Pastel light blue"),Material = Enum.Material.Neon,FormFactor = Enum.FormFactor.Custom,Size = Vector3.new(0.200000003, 0.5, 0.600000203),CFrame = CFrame.new(-40.2715683, 93.470993, 141.427643, -0.224142998, 0.500000417, -0.836516321, 0.129409999, 0.866025269, 0.482963175, 0.965925992, -7.62851528e-007, -0.258818537),CanCollide = false,BackSurface = Enum.SurfaceType.SmoothNoOutlines,BottomSurface = Enum.SurfaceType.SmoothNoOutlines,FrontSurface = Enum.SurfaceType.SmoothNoOutlines,LeftSurface = Enum.SurfaceType.SmoothNoOutlines,RightSurface = Enum.SurfaceType.SmoothNoOutlines,TopSurface = Enum.SurfaceType.SmoothNoOutlines,Color = Color3.new(0.686275, 0.866667, 1),})
Mesh = New("SpecialMesh",Ear,"Mesh",{Scale = Vector3.new(0.5, 1, 1),MeshType = Enum.MeshType.Wedge,})
mot = New("Weld",Ear,"mot",{Part0 = Ear,Part1 = Handle,C0 = CFrame.new(0, 0, 0, -0.224142998, 0.129409999, 0.965925992, 0.500000417, 0.866025269, -7.62851528e-007, -0.836516321, 0.482963175, -0.258818537),C1 = CFrame.new(-0.472366333, 0.571372986, -4.32843018, 0, 0, 1, 0, 1, 0, -1, 0, 0),})
Ear = New("Part",StellarPhoenix,"Ear",{BrickColor = BrickColor.new("Pastel light blue"),Material = Enum.Material.Neon,FormFactor = Enum.FormFactor.Custom,Size = Vector3.new(0.200000003, 0.5, 0.600000203),CFrame = CFrame.new(-40.2715759, 93.4709854, 142.372345, 0.224142998, 0.500000417, -0.836516321, -0.129409999, 0.866025269, 0.482963175, 0.965925992, 7.62851528e-007, 0.258818537),CanCollide = false,BackSurface = Enum.SurfaceType.SmoothNoOutlines,BottomSurface = Enum.SurfaceType.SmoothNoOutlines,FrontSurface = Enum.SurfaceType.SmoothNoOutlines,LeftSurface = Enum.SurfaceType.SmoothNoOutlines,RightSurface = Enum.SurfaceType.SmoothNoOutlines,TopSurface = Enum.SurfaceType.SmoothNoOutlines,Color = Color3.new(0.686275, 0.866667, 1),})
Mesh = New("SpecialMesh",Ear,"Mesh",{Scale = Vector3.new(0.5, 1, 1),MeshType = Enum.MeshType.Wedge,})
mot = New("Weld",Ear,"mot",{Part0 = Ear,Part1 = Handle,C0 = CFrame.new(0, 0, 0, 0.224142998, -0.129409999, 0.965925992, 0.500000417, 0.866025269, 7.62851528e-007, -0.836516321, 0.482963175, 0.258818537),C1 = CFrame.new(0.472335815, 0.571365356, -4.32842255, 0, 0, 1, 0, 1, 0, -1, 0, 0),})
Shard = New("Part",StellarPhoenix,"Shard",{BrickColor = BrickColor.new("Baby blue"),Material = Enum.Material.SmoothPlastic,FormFactor = Enum.FormFactor.Custom,Size = Vector3.new(0.200000003, 0.5, 1.50000024),CFrame = CFrame.new(-40.098381, 93.3533859, 140.839233, 0.0690940171, -0.372600168, 0.925416291, 0.951251209, -0.254887253, -0.173648119, 0.300578058, 0.892301381, 0.336825192),CanCollide = false,BackSurface = Enum.SurfaceType.SmoothNoOutlines,BottomSurface = Enum.SurfaceType.SmoothNoOutlines,FrontSurface = Enum.SurfaceType.SmoothNoOutlines,LeftSurface = Enum.SurfaceType.SmoothNoOutlines,RightSurface = Enum.SurfaceType.SmoothNoOutlines,TopSurface = Enum.SurfaceType.SmoothNoOutlines,Color = Color3.new(0.596078, 0.760784, 0.858824),})
Mesh = New("SpecialMesh",Shard,"Mesh",{Scale = Vector3.new(0.5, 1, 1),MeshType = Enum.MeshType.Wedge,})
mot = New("Weld",Shard,"mot",{Part0 = Shard,Part1 = Handle,C0 = CFrame.new(0, 0, 0, 0.0690940171, 0.951251209, 0.300578058, -0.372600168, -0.254887253, 0.892301381, 0.925416291, -0.173648119, 0.336825192),C1 = CFrame.new(-1.06077576, 0.453765869, -4.50161743, 0, 0, 1, 0, 1, 0, -1, 0, 0),})
Part = New("Part",StellarPhoenix,"Part",{BrickColor = BrickColor.new("Pastel Blue"),Material = Enum.Material.SmoothPlastic,FormFactor = Enum.FormFactor.Custom,Size = Vector3.new(0.200000003, 0.299999982, 1.20000005),CFrame = CFrame.new(-49.5934868, 92.8996201, 140.325592, 1.8549219e-015, 0.500000238, -0.866025269, 1, -5.29395592e-022, 2.14188078e-015, 1.07094007e-015, -0.866025269, -0.500000238),CanCollide = false,BackSurface = Enum.SurfaceType.SmoothNoOutlines,BottomSurface = Enum.SurfaceType.SmoothNoOutlines,FrontSurface = Enum.SurfaceType.SmoothNoOutlines,LeftSurface = Enum.SurfaceType.SmoothNoOutlines,RightSurface = Enum.SurfaceType.SmoothNoOutlines,TopSurface = Enum.SurfaceType.SmoothNoOutlines,Color = Color3.new(0.501961, 0.733333, 0.858824),})
Mesh = New("SpecialMesh",Part,"Mesh",{MeshType = Enum.MeshType.Wedge,})
mot = New("Weld",Part,"mot",{Part0 = Part,Part1 = Handle,C0 = CFrame.new(0, 0, 0, 1.8549219e-015, 1, 1.07094007e-015, 0.500000238, -5.29395592e-022, -0.866025269, -0.866025269, 2.14188078e-015, -0.500000238),C1 = CFrame.new(-1.57441711, 0, 4.99348831, 0, 0, 1, 0, 1, 0, -1, 0, 0),})
Part = New("Part",StellarPhoenix,"Part",{BrickColor = BrickColor.new("Baby blue"),Material = Enum.Material.SmoothPlastic,FormFactor = Enum.FormFactor.Custom,Size = Vector3.new(0.399999976, 0.699999988, 1.10000002),CFrame = CFrame.new(-50.9499512, 92.8996201, 142.450012, 0, 0, 1, -1, 0, 0, 0, -1, 0),CanCollide = false,BackSurface = Enum.SurfaceType.SmoothNoOutlines,BottomSurface = Enum.SurfaceType.SmoothNoOutlines,FrontSurface = Enum.SurfaceType.SmoothNoOutlines,LeftSurface = Enum.SurfaceType.SmoothNoOutlines,RightSurface = Enum.SurfaceType.SmoothNoOutlines,TopSurface = Enum.SurfaceType.SmoothNoOutlines,Color = Color3.new(0.596078, 0.760784, 0.858824),})
Mesh = New("SpecialMesh",Part,"Mesh",{MeshType = Enum.MeshType.Wedge,})
mot = New("Weld",Part,"mot",{Part0 = Part,Part1 = Handle,C0 = CFrame.new(0, 0, 0, 0, -1, 0, 0, 0, -1, 1, 0, 0),C1 = CFrame.new(0.550003052, 0, 6.3499527, 0, 0, 1, 0, 1, 0, -1, 0, 0),})
Part = New("Part",StellarPhoenix,"Part",{BrickColor = BrickColor.new("Fog"),Material = Enum.Material.SmoothPlastic,FormFactor = Enum.FormFactor.Custom,Size = Vector3.new(0.200000003, 0.900000095, 2.60000038),CFrame = CFrame.new(-39.1000252, 92.8996201, 142.550003, 0, 0, -1, -1, 0, 0, 0, 1, 0),CanCollide = false,BackSurface = Enum.SurfaceType.SmoothNoOutlines,BottomSurface = Enum.SurfaceType.SmoothNoOutlines,FrontSurface = Enum.SurfaceType.SmoothNoOutlines,LeftSurface = Enum.SurfaceType.SmoothNoOutlines,RightSurface = Enum.SurfaceType.SmoothNoOutlines,TopSurface = Enum.SurfaceType.SmoothNoOutlines,Color = Color3.new(0.780392, 0.831373, 0.894118),})
Mesh = New("SpecialMesh",Part,"Mesh",{MeshType = Enum.MeshType.Wedge,})
mot = New("Weld",Part,"mot",{Part0 = Part,Part1 = Handle,C0 = CFrame.new(0, 0, 0, 0, -1, 0, 0, 0, 1, -1, 0, 0),C1 = CFrame.new(0.649993896, 0, -5.4999733, 0, 0, 1, 0, 1, 0, -1, 0, 0),})
Part = New("Part",StellarPhoenix,"Part",{BrickColor = BrickColor.new("Baby blue"),Material = Enum.Material.SmoothPlastic,FormFactor = Enum.FormFactor.Custom,Size = Vector3.new(0.399999976, 0.300000012, 0.799999952),CFrame = CFrame.new(-49.4805603, 92.8996201, 141.402695, 0, 0.258818775, -0.965925872, 1, 0, 0, 0, -0.965925872, -0.258818775),CanCollide = false,BackSurface = Enum.SurfaceType.SmoothNoOutlines,BottomSurface = Enum.SurfaceType.SmoothNoOutlines,FrontSurface = Enum.SurfaceType.SmoothNoOutlines,LeftSurface = Enum.SurfaceType.SmoothNoOutlines,RightSurface = Enum.SurfaceType.SmoothNoOutlines,TopSurface = Enum.SurfaceType.SmoothNoOutlines,Color = Color3.new(0.596078, 0.760784, 0.858824),})
Mesh = New("SpecialMesh",Part,"Mesh",{MeshType = Enum.MeshType.Wedge,})
mot = New("Weld",Part,"mot",{Part0 = Part,Part1 = Handle,C0 = CFrame.new(0, 0, 0, 0, 1, 0, 0.258818775, 0, -0.965925872, -0.965925872, 0, -0.258818775),C1 = CFrame.new(-0.497314453, 0, 4.88056183, 0, 0, 1, 0, 1, 0, -1, 0, 0),})
Part = New("Part",StellarPhoenix,"Part",{BrickColor = BrickColor.new("Fog"),Material = Enum.Material.SmoothPlastic,FormFactor = Enum.FormFactor.Custom,Size = Vector3.new(0.200000003, 0.900000095, 2.60000038),CFrame = CFrame.new(-41.8600006, 92.9000015, 142.650009, 0, -0.087155968, 0.996194661, -1, 0, 0, 0, -0.996194661, -0.087155968),CanCollide = false,BackSurface = Enum.SurfaceType.SmoothNoOutlines,BottomSurface = Enum.SurfaceType.SmoothNoOutlines,FrontSurface = Enum.SurfaceType.SmoothNoOutlines,LeftSurface = Enum.SurfaceType.SmoothNoOutlines,RightSurface = Enum.SurfaceType.SmoothNoOutlines,TopSurface = Enum.SurfaceType.SmoothNoOutlines,Color = Color3.new(0.780392, 0.831373, 0.894118),})
Mesh = New("SpecialMesh",Part,"Mesh",{MeshType = Enum.MeshType.Wedge,})
mot = New("Weld",Part,"mot",{Part0 = Part,Part1 = Handle,C0 = CFrame.new(0, 0, 0, 0, -1, 0, -0.087155968, 0, -0.996194661, 0.996194661, 0, -0.087155968),C1 = CFrame.new(0.75, 0.000381469727, -2.73999786, 0, 0, 1, 0, 1, 0, -1, 0, 0),})
Part = New("Part",StellarPhoenix,"Part",{BrickColor = BrickColor.new("Pastel Blue"),Material = Enum.Material.SmoothPlastic,FormFactor = Enum.FormFactor.Custom,Size = Vector3.new(0.200000003, 0.400000006, 1.20000005),CFrame = CFrame.new(-50.8830185, 92.8996201, 143.350662, 0, -0.087155968, 0.996194661, -1, 0, 0, 0, -0.996194661, -0.087155968),CanCollide = false,BackSurface = Enum.SurfaceType.SmoothNoOutlines,BottomSurface = Enum.SurfaceType.SmoothNoOutlines,FrontSurface = Enum.SurfaceType.SmoothNoOutlines,LeftSurface = Enum.SurfaceType.SmoothNoOutlines,RightSurface = Enum.SurfaceType.SmoothNoOutlines,TopSurface = Enum.SurfaceType.SmoothNoOutlines,Color = Color3.new(0.501961, 0.733333, 0.858824),})
Mesh = New("SpecialMesh",Part,"Mesh",{MeshType = Enum.MeshType.Wedge,})
mot = New("Weld",Part,"mot",{Part0 = Part,Part1 = Handle,C0 = CFrame.new(0, 0, 0, 0, -1, 0, -0.087155968, 0, -0.996194661, 0.996194661, 0, -0.087155968),C1 = CFrame.new(1.45065308, 0, 6.28302002, 0, 0, 1, 0, 1, 0, -1, 0, 0),})
Part = New("Part",StellarPhoenix,"Part",{BrickColor = BrickColor.new("Baby blue"),Material = Enum.Material.SmoothPlastic,FormFactor = Enum.FormFactor.Custom,Size = Vector3.new(0.399999976, 0.5, 1.00000012),CFrame = CFrame.new(-41.0999985, 92.8996201, 141.050003, 0, 0, -1, 1, 0, 0, 0, -1, 0),CanCollide = false,BackSurface = Enum.SurfaceType.SmoothNoOutlines,BottomSurface = Enum.SurfaceType.SmoothNoOutlines,FrontSurface = Enum.SurfaceType.SmoothNoOutlines,LeftSurface = Enum.SurfaceType.SmoothNoOutlines,RightSurface = Enum.SurfaceType.SmoothNoOutlines,TopSurface = Enum.SurfaceType.SmoothNoOutlines,Color = Color3.new(0.596078, 0.760784, 0.858824),})
Mesh = New("SpecialMesh",Part,"Mesh",{MeshType = Enum.MeshType.Wedge,})
mot = New("Weld",Part,"mot",{Part0 = Part,Part1 = Handle,C0 = CFrame.new(0, 0, 0, 0, 1, 0, 0, 0, -1, -1, 0, 0),C1 = CFrame.new(-0.850006104, 0, -3.5, 0, 0, 1, 0, 1, 0, -1, 0, 0),})
Part = New("Part",StellarPhoenix,"Part",{BrickColor = BrickColor.new("Baby blue"),Material = Enum.Material.SmoothPlastic,FormFactor = Enum.FormFactor.Custom,Size = Vector3.new(0.399999976, 0.699999988, 2),CFrame = CFrame.new(-50.884613, 92.8996201, 141.233536, 0, -0.258818984, 0.965925872, 1, 0, 0, 0, 0.965925872, 0.258818984),CanCollide = false,BackSurface = Enum.SurfaceType.SmoothNoOutlines,BottomSurface = Enum.SurfaceType.SmoothNoOutlines,FrontSurface = Enum.SurfaceType.SmoothNoOutlines,LeftSurface = Enum.SurfaceType.SmoothNoOutlines,RightSurface = Enum.SurfaceType.SmoothNoOutlines,TopSurface = Enum.SurfaceType.SmoothNoOutlines,Color = Color3.new(0.596078, 0.760784, 0.858824),})
Mesh = New("SpecialMesh",Part,"Mesh",{MeshType = Enum.MeshType.Wedge,})
mot = New("Weld",Part,"mot",{Part0 = Part,Part1 = Handle,C0 = CFrame.new(0, 0, 0, 0, 1, 0, -0.258818984, 0, 0.965925872, 0.965925872, 0, 0.258818984),C1 = CFrame.new(-0.666473389, 0, 6.28461456, 0, 0, 1, 0, 1, 0, -1, 0, 0),})
