Player = game:GetService("Players").LocalPlayer
Character = Player.Character
PlayerGui = Player.PlayerGui
Backpack = Player.Backpack
Torso = Character.Torso
Head = Character.Head
Humanoid = Character.Humanoid
LeftArm = Character["Left Arm"]
LeftLeg = Character["Left Leg"]
RightArm = Character["Right Arm"]
RightLeg = Character["Right Leg"]
LS = Torso["Left Shoulder"]
LH = Torso["Left Hip"]
RS = Torso["Right Shoulder"]
RH = Torso["Right Hip"]
Neck = Torso.Neck
it = Instance.new
vt = Vector3.new
cf = CFrame.new
euler = CFrame.fromEulerAnglesXYZ
angles = CFrame.Angles
necko = cf(0, 1, 0, -1, 0, 0, 0, 0, 1, 0, 1, 0)
necko2 = cf(0, -0.5, 0, -1, 0, 0, 0, 0, 1, 0, 1, 0)
LHC0 = cf(-1, -1, 0, 0, 0, -1, 0, 1, 0, 1, 0, 0)
LHC1 = cf(-0.5, 1, 0, 0, 0, -1, 0, 1, 0, 1, 0, 0)
RHC0 = cf(1, -1, 0, 0, 0, 1, 0, 1, 0, -1, 0, 0)
RHC1 = cf(0.5, 1, 0, 0, 0, 1, 0, 1, 0, -1, 0, 0)
RootPart = Character.HumanoidRootPart
RootJoint = RootPart.RootJoint
RootCF = euler(-1.57, 0, 3.14)
attack = false
attackdebounce = false
MMouse = nil
combo = 0
apierce = false
doing2s = false
msprintnum = 0
sprint = false
stopwalk = false
sprinthit = false
lastskill = nil
iscombo = false
local hitfloor, posfloor = nil, nil
local idle = 0
local Anim = "Idle"
local Effects = {}
local Weapon = {}
local Welds = {}
local decreaseatk = 0
local decreasedef = 0
local decreasemvmt = 0
local GuardStance = false
local Target = nil
local manualguardend = false
local lastcombo = nil
local prop = Instance.new("RocketPropulsion")
local move1 = "(Z)\nHonor"
local move2 = "(X)\nAssault Pierce"
local move3 = "(C)\nSwipe"
local move4 = "(V)\nNeedle Storm"
local cooldowns = {}
local cooldown1 = 0
table.insert(cooldowns, cooldown1)
local cooldown2 = 0
table.insert(cooldowns, cooldown2)
local cooldown3 = 0
table.insert(cooldowns, cooldown3)
local cooldown4 = 0
table.insert(cooldowns, cooldown4)
local cooldownsadd = {}
local cooldownadd1 = 0.35
table.insert(cooldownsadd, cooldownadd1)
local cooldownadd2 = 0.26
table.insert(cooldownsadd, cooldownadd2)
local cooldownadd3 = 0.17
table.insert(cooldownsadd, cooldownadd3)
local cooldownadd4 = 0.06
table.insert(cooldownsadd, cooldownadd4)
local cooldownmax = 100
player = nil
RSH = nil
RW = Instance.new("Motor")
LW = Instance.new("Motor")
RW.Name = "Right Shoulder"
LW.Name = "Left Shoulder"
LH = Torso["Left Hip"]
RH = Torso["Right Hip"]
TorsoColor = Torso.BrickColor
TorsoRed = TorsoColor.Color.r
TorsoGreen = TorsoColor.Color.g
NewCol = Color3.new(1, 1, 1)
NewCol2 = Color3.new(1, 1, 1)
if Player:findFirstChild("Color1") ~= nil then
  NewCol = Player.Color1.Value
end
if Player:findFirstChild("Color2") ~= nil then
  NewCol2 = Player.Color2.Value
end
print(BrickColor.new(NewCol))
local mdec = Instance.new("NumberValue", Decrease)
mdec.Name = "DecreaseDef"
mdec.Value = 0.4
local mdec2 = Instance.new("NumberValue", Decrease)
mdec2.Name = "DecreaseMvmt"
mdec2.Value = 0.1
local Animate = Humanoid.Animator
local canjump = true
removeControl = function()
  canjump = false
end

resumeControl = function()
  canjump = true
end

Player.Character.Humanoid.Changed:connect(function()
  if canjump == false then
    Player.Character.Humanoid.Jump = false
  end
end
)
ArtificialHB = Instance.new("BindableEvent", script)
ArtificialHB.Name = "Heartbeat"

script:WaitForChild("Heartbeat")

frame = 1 / 40
tf = 0
allowframeloss = false
tossremainder = false
lastframe = tick()
script.Heartbeat:Fire()

game:GetService("RunService").Heartbeat:connect(function(s, p)
    tf = tf + s
    if tf >= frame then
        if allowframeloss then
            script.Heartbeat:Fire()
            lastframe = tick()
        else
            for i = 1, math.floor(tf / frame) do
                script.Heartbeat:Fire()
            end
            lastframe = tick()
        end
        if tossremainder then
            tf = 0
        else
            tf = tf - frame * math.floor(tf / frame)
        end
    end
end)

function swait(num)
    if num == 0 or num == nil then
        ArtificialHB.Event:wait()
    else
        for i = 0, num do
            ArtificialHB.Event:wait()
        end
    end
end

if Character:findFirstChild("Gavlonius Wheel", true) ~= nil then
  Character:findFirstChild("Gavlonius Wheel", true).Parent = nil
end
if Player.PlayerGui:findFirstChild("WeaponGUI", true) ~= nil then
  Player.PlayerGui:findFirstChild("WeaponGUI", true).Parent = nil
end
if Character:findFirstChild("Stats", true) ~= nil then
  Character:findFirstChild("Stats", true).Parent = nil
end
local Stats = Instance.new("BoolValue")
Stats.Name = "Stats"
Stats.Parent = Character
local Atk = Instance.new("NumberValue")
Atk.Name = "Damage"
Atk.Parent = Stats
Atk.Value = 1
local Def = Instance.new("NumberValue")
Def.Name = "Defense"
Def.Parent = Stats
Def.Value = 1
local Mvmt = Instance.new("NumberValue")
Mvmt.Name = "Movement"
Mvmt.Parent = Stats
Mvmt.Value = 1
local Block = Instance.new("BoolValue")
Block.Name = "Block"
Block.Parent = Stats
Block.Value = false
local Stun = Instance.new("NumberValue")
Stun.Name = "Stun"
Stun.Parent = Stats
Stun.Value = 0
local StunT = Instance.new("NumberValue")
StunT.Name = "StunThreshold"
StunT.Parent = Stats
StunT.Value = 100
local Rooted = Instance.new("BoolValue")
Rooted.Name = "Rooted"
Rooted.Parent = Stats
Rooted.Value = false
local Stunned = Instance.new("BoolValue")
Stunned.Name = "Stunned"
Stunned.Parent = Stats
Stunned.Value = false
local Stagger = Instance.new("BoolValue")
Stagger.Name = "Stagger"
Stagger.Parent = Stats
Stagger.Value = false
local StaggerHit = Instance.new("BoolValue")
StaggerHit.Name = "StaggerHit"
StaggerHit.Parent = Stats
StaggerHit.Value = false
local RecentEnemy = Instance.new("ObjectValue")
RecentEnemy.Name = "RecentEnemy"
RecentEnemy.Parent = Stats
RecentEnemy.Value = nil
local Decrease = Instance.new("BoolValue")
Decrease.Name = "Decrease"
Decrease.Parent = Stats
Decrease.Value = false
local passive = Instance.new("NumberValue", Decrease)
passive.Name = "DecreaseMvmt"
passive.Value = 0
local mana = Instance.new("NumberValue")
mana.Name = "Mana"
mana.Parent = Stats
mana.Value = 0
NoOutline = function(Part)
  Part.TopSurface = 10
end

part = function(formfactor, parent, reflectance, transparency, brickcolor, name, size)
  local fp = it("Part")
  fp.formFactor = formfactor
  fp.Parent = parent
  fp.Reflectance = reflectance
  fp.Transparency = transparency
  fp.CanCollide = false
  fp.Locked = true
  fp.BrickColor = brickcolor
  fp.Name = name
  fp.Size = size
  fp.Position = Torso.Position
  NoOutline(fp)
  fp.Material = "SmoothPlastic"
  fp:BreakJoints()
  return fp
end

mesh = function(Mesh, part, meshtype, meshid, offset, scale)
  local mesh = it(Mesh)
  mesh.Parent = part
  if Mesh == "SpecialMesh" then
    mesh.MeshType = meshtype
    if meshid ~= "nil" then
      mesh.MeshId = "http://www.roblox.com/asset/?id=" .. meshid
    end
  end
  mesh.Offset = offset
  mesh.Scale = scale
  return mesh
end

weld = function(parent, part0, part1, c0)
  local weld = it("Motor")
  weld.Parent = parent
  weld.Part0 = part0
  weld.Part1 = part1
  weld.C0 = c0
  return weld
end

gui = function(GuiType, parent, text, backtrans, backcol, pos, size)
  local gui = it(GuiType)
  gui.Parent = parent
  gui.Text = text
  gui.BackgroundTransparency = backtrans
  gui.BackgroundColor3 = backcol
  gui.SizeConstraint = "RelativeXY"
  gui.TextXAlignment = "Center"
  gui.TextYAlignment = "Center"
  gui.Position = pos
  gui.Size = size
  gui.Font = "SourceSans"
  gui.FontSize = "Size14"
  gui.TextWrapped = false
  gui.TextStrokeTransparency = 0
  gui.TextColor = BrickColor.new("White")
  return gui
end

local Color1 = Torso.BrickColor
local fengui = it("GuiMain")
fengui.Parent = Player.PlayerGui
fengui.Name = "WeaponGUI"
local fenframe = it("Frame")
fenframe.Parent = fengui
fenframe.BackgroundColor3 = Color3.new(255, 255, 255)
fenframe.BackgroundTransparency = 1
fenframe.BorderColor3 = Color3.new(17, 17, 17)
fenframe.Size = UDim2.new(0.1, 0, 0.1, 0)
fenframe.Position = UDim2.new(0.95, 0, 0.7, 0)
local fenframe2 = it("Frame")
fenframe2.Parent = fengui
fenframe2.BackgroundColor3 = Color3.new(255, 255, 255)
fenframe2.BackgroundTransparency = 1
fenframe2.BorderColor3 = Color3.new(17, 17, 17)
fenframe2.Size = UDim2.new(0.2, 0, 0.1, 0)
fenframe2.Position = UDim2.new(0.4, 0, 0.85, 0)
local fenframe3 = it("Frame")
fenframe3.Parent = fengui
fenframe3.BackgroundColor3 = Color3.new(255, 255, 255)
fenframe3.BackgroundTransparency = 1
fenframe3.BorderColor3 = Color3.new(17, 17, 17)
fenframe3.Size = UDim2.new(0.2, 0, 0.2, 0)
fenframe3.Position = UDim2.new(0.8, 0, 0.8, 0)
local fenframe4 = it("Frame")
fenframe4.Parent = fengui
fenframe4.BackgroundColor3 = Color3.new(255, 255, 255)
fenframe4.BackgroundTransparency = 1
fenframe4.BorderColor3 = Color3.new(17, 17, 17)
fenframe4.Size = UDim2.new(0.1, 0, 0.1, 0)
fenframe4.Position = UDim2.new(0, 0, 0.7, 0)
local pressedf = false
local fenframe5 = it("Frame")
fenframe5.Parent = fengui
fenframe5.BackgroundColor3 = Color3.new(0, 0, 0)
fenframe5.BackgroundTransparency = 1
fenframe5.BorderColor3 = Color3.new(0, 0, 0)
fenframe5.Size = UDim2.new(1, 0, 1, 0)
fenframe5.Position = UDim2.new(0, 0, 0, 0)
fenframe5.ZIndex = 2
local tellbar = gui("TextLabel", fenframe5, "Press \'F\' to equip your weapon.", 1, Color3.new(0, 0, 0), UDim2.new(0.25, 0, 0.25, 0), UDim2.new(0.5, 0, 0.5, 0))
tellbar.Font = "Arial"
tellbar.TextScaled = true
tellbar.TextTransparency = 1
tellbar.TextStrokeTransparency = 1
tellbar.ZIndex = 2
fnumb = 0
fenbarmana1 = gui("TextLabel", fenframe, "", 0, Color3.new(0, 0, 0), UDim2.new(0, 0, 0, 0), UDim2.new(0.4, 0, -4, 0))
fenbarmana2 = gui("TextLabel", fenframe, "", 0, BrickColor.new(NewCol).Color, UDim2.new(0, 0, 0, 0), UDim2.new(0.4, 0, 0, 0))
fenbarmana4 = gui("TextLabel", fenframe, "Mana(" .. mana.Value .. ")", 1, Color3.new(0, 0, 0), UDim2.new(0, 0, 0.2, 0), UDim2.new(0.4, 0, 0.2, 0))
fenbardamage = gui("TextLabel", fenframe2, "Damage", 0.55, Color3.new(0.6078431372549, 0, 0), UDim2.new(-0.23, 0, 0, 0), UDim2.new(0.2, 0, 1, 0))
fenbardef = gui("TextLabel", fenframe2, "Defense", 0.55, Color3.new(0, 0, 0.6078431372549), UDim2.new(-0.46, 0, 0, 0), UDim2.new(0.2, 0, 1, 0))
fenbarmove = gui("TextLabel", fenframe2, "Walkspeed", 0.55, Color3.new(0, 0.6078431372549, 0), UDim2.new(1.03, 0, 0, 0), UDim2.new(0.2, 0, 1, 0))
fenbarhp1 = gui("TextLabel", fenframe2, "", 0, Color3.new(0, 0, 0), UDim2.new(-0.46, 0, 1, 0), UDim2.new(1.92, 0, 0.4, 0))
fenbarhp2 = gui("TextLabel", fenbarhp1, "", 0, Color3.new(1, 0, 0), UDim2.new(0, 0, 0, 0), UDim2.new(0, 0, 1, 0))
fenbarhp3 = gui("TextLabel", fenbarhp1, "(100)", 1, Color3.new(0, 0, 0), UDim2.new(0, 0, 0, 0), UDim2.new(1, 0, 1, 0))
fenbarstun1 = gui("TextLabel", fenframe4, "", 0, Color3.new(0, 0, 0), UDim2.new(0.2, 0, 0, 0), UDim2.new(0.4, 0, -4, 0))
fenbarstun2 = gui("TextLabel", fenframe4, "", 0, Color3.new(0.960784, 0.803922, 0.188235), UDim2.new(0.2, 0, 0, 0), UDim2.new(0.4, 0, 0, 0))
fenbarstun3 = gui("TextLabel", fenframe4, "Stun(" .. Stun.Value .. ")", 1, Color3.new(0.960784, 0.803922, 0.188235), UDim2.new(0.2, 0, 0.2, 0), UDim2.new(0.4, 0, 0.2, 0))
fenbarmove1 = gui("TextButton", fenframe3, move1, 0.55, Color3.new(0.5, 0.5, 0.5), UDim2.new(0.1, 0, 0.1, 0), UDim2.new(0.4, 0, 0.4, 0))
fenbarmove1.ZIndex = 2
fenbarmove1b = gui("TextLabel", fenbarmove1, "", 0.55, BrickColor.new(NewCol).Color, UDim2.new(0, 0, 0, 0), UDim2.new(0, 0, 1, 0))
fenbarmove2 = gui("TextButton", fenframe3, move2, 0.55, Color3.new(0.5, 0.5, 0.5), UDim2.new(0.6, 0, 0.1, 0), UDim2.new(0.4, 0, 0.4, 0))
fenbarmove2.ZIndex = 2
fenbarmove2b = gui("TextLabel", fenbarmove2, "", 0.55, BrickColor.new(NewCol).Color, UDim2.new(0, 0, 0, 0), UDim2.new(0, 0, 1, 0))
fenbarmove3 = gui("TextButton", fenframe3, move3, 0.55, Color3.new(0.5, 0.5, 0.5), UDim2.new(0.1, 0, 0.6, 0), UDim2.new(0.4, 0, 0.4, 0))
fenbarmove3.ZIndex = 2
fenbarmove3b = gui("TextLabel", fenbarmove3, "", 0.55, BrickColor.new(NewCol).Color, UDim2.new(0, 0, 0, 0), UDim2.new(0, 0, 1, 0))
fenbarmove4 = gui("TextButton", fenframe3, move4, 0.55, Color3.new(0.5, 0.5, 0.5), UDim2.new(0.6, 0, 0.6, 0), UDim2.new(0.4, 0, 0.4, 0))
fenbarmove4.ZIndex = 2
fenbarmove4b = gui("TextLabel", fenbarmove4, "", 0.55, BrickColor.new(NewCol).Color, UDim2.new(0, 0, 0, 0), UDim2.new(0, 0, 1, 0))
modelzorz = Instance.new("Model")
modelzorz.Parent = Character
modelzorz.Name = "Needle"
local handle = part(3, modelzorz, 0, 1, BrickColor.new(NewCol2), "Handle", vt())
local prt1 = part(3, modelzorz, 0, 1, BrickColor.new(NewCol2), "Part01", vt(0.2, 1.4, 0.2))
local prt2 = part(3, modelzorz, 0, 1, BrickColor.new("Medium stone grey"), "Part02", vt(0.2, 1.6, 0.2))
local prt3 = part(3, modelzorz, 0, 1, BrickColor.new("Medium stone grey"), "Part03", vt())
local prt4 = part(3, modelzorz, 0, 1, BrickColor.new("Medium stone grey"), "Part04", vt())
local prt5 = part(3, modelzorz, 0, 1, BrickColor.new("Medium stone grey"), "Part05", vt(0.2, 0.6, 0.6))
local prt6 = part(3, modelzorz, 0, 1, BrickColor.new(NewCol), "Part06", vt())
local prt7 = part(3, modelzorz, 0, 1, BrickColor.new(NewCol), "Part07", vt())
local prt8 = part(3, modelzorz, 0, 1, BrickColor.new(NewCol), "Part08", vt(0.6, 0.6, 0.2))
local prt9 = part(3, modelzorz, 0, 1, BrickColor.new(NewCol), "Part09", vt(0.6, 0.6, 0.2))
local prt10 = part(3, modelzorz, 0, 1, BrickColor.new(NewCol), "Part10", vt())
local prt11 = part(3, modelzorz, 0, 1, BrickColor.new(NewCol), "Part11", vt())
local prt12 = part(3, modelzorz, 0, 1, BrickColor.new(NewCol), "Part12", vt())
local prt13 = part(3, modelzorz, 0, 1, BrickColor.new(NewCol), "Part13", vt())
local prt14 = part(3, modelzorz, 0, 1, BrickColor.new(NewCol), "Part14", vt())
local prt15 = part(3, modelzorz, 0, 1, BrickColor.new(NewCol), "Part15", vt())
local prt16 = part(3, modelzorz, 0, 1, BrickColor.new(NewCol), "Part16", vt())
local prt17 = part(3, modelzorz, 0, 1, BrickColor.new(NewCol), "Part17", vt())
local prt18 = part(3, modelzorz, 0, 1, BrickColor.new(NewCol), "Part18", vt())
local prt19 = part(3, modelzorz, 0, 1, BrickColor.new(NewCol), "Part19", vt())
local prt20 = part(3, modelzorz, 0, 1, BrickColor.new(NewCol), "Part20", vt())
local prt21 = part(3, modelzorz, 0, 1, BrickColor.new(NewCol), "Part21", vt())
local prt22 = part(3, modelzorz, 0, 1, BrickColor.new(NewCol), "Part22", vt())
local prt23 = part(3, modelzorz, 0, 1, BrickColor.new(NewCol), "Part23", vt())
local prt24 = part(3, modelzorz, 0, 1, BrickColor.new(NewCol), "Part24", vt())
local prt25 = part(3, modelzorz, 0, 1, BrickColor.new(NewCol), "Part25", vt())
local prt26 = part(3, modelzorz, 0, 1, BrickColor.new(NewCol), "Part26", vt())
local prt27 = part(3, modelzorz, 0, 1, BrickColor.new(NewCol), "Part27", vt())
local prt28 = part(3, modelzorz, 0, 1, BrickColor.new(NewCol), "Part28", vt())
local wld1 = weld(prt1, prt1, handle, cf(0, 0, 0) * euler(0, 0, 0))
local wld2 = weld(prt1, prt2, prt1, euler(0, 0, 0) * cf(0, 0.1, 0))
local wld3 = weld(prt1, prt3, prt1, euler(0, 0, 0) * cf(0, 0.9, 0))
local wld4 = weld(prt1, prt4, prt3, euler(0, 0, 0) * cf(0, 0.2, 0))
local wld5 = weld(prt1, prt5, prt1, euler(0, 0, 0) * cf(0, -0.7, 0))
local wld6 = weld(prt1, prt6, prt1, euler(0, 0, 0) * cf(0, -3.2, 0))
local wld7 = weld(prt1, prt7, prt1, euler(0, 0, 0) * cf(0, -3.5, 0))
local wld8 = weld(prt1, prt8, prt1, euler(0, math.rad(-90), 0) * cf(0, -0.76, 0))
local wld9 = weld(prt1, prt9, prt1, euler(0, math.rad(90), 0) * cf(0, -0.76, 0))
local wld10 = weld(prt1, prt10, prt1, euler(math.rad(-180), math.rad(0), math.rad(-90)) * cf(0, -0.9, 0))
local wld11 = weld(prt1, prt11, prt1, euler(math.rad(90), math.rad(0), math.rad(-90)) * cf(0, -0.9, 0))
local wld12 = weld(prt1, prt12, prt1, euler(0, 0, 0) * cf(0, -0.7, 0))
local wld13 = weld(prt1, prt13, prt1, euler(math.rad(-90), 0, 1.57) * cf(0, -0.7, -0.225))
local wld14 = weld(prt1, prt14, prt1, euler(math.rad(90), 0, -1.57) * cf(0, -0.7, 0.225))
local wld15 = weld(prt1, prt15, prt1, euler(math.rad(-90), 0, 1.57) * cf(0, -0.7, -0.525))
local wld16 = weld(prt1, prt16, prt1, euler(math.rad(90), 0, -1.57) * cf(0, -0.7, 0.525))
local wld17 = weld(prt1, prt17, prt1, euler(math.rad(90), math.rad(45), math.rad(0)) * cf(-0.105, -0.7, 0.105))
local wld18 = weld(prt1, prt18, prt1, euler(math.rad(-90), math.rad(-45), math.rad(0)) * cf(-0.105, -0.7, -0.105))
local wld19 = weld(prt1, prt19, prt1, euler(math.rad(90), math.rad(-45), math.rad(0)) * cf(0.105, -0.7, 0.105))
local wld20 = weld(prt1, prt20, prt1, euler(math.rad(-90), math.rad(45), math.rad(0)) * cf(0.105, -0.7, -0.105))
local wld21 = weld(prt1, prt21, prt1, euler(math.rad(90), math.rad(135), math.rad(0)) * cf(-0.3, -0.7, -0.3))
local wld22 = weld(prt1, prt22, prt1, euler(math.rad(90), math.rad(45), math.rad(0)) * cf(-0.3, -0.7, 0.3))
local wld23 = weld(prt1, prt23, prt1, euler(math.rad(90), math.rad(-45), math.rad(0)) * cf(0.3, -0.7, 0.3))
local wld24 = weld(prt1, prt24, prt1, euler(math.rad(90), math.rad(-135), math.rad(0)) * cf(0.3, -0.7, -0.3))
local wld25 = weld(prt1, prt25, prt1, euler(math.rad(180), math.rad(-135), math.rad(180)) * cf(0.3, -0.775, 0.3))
local wld26 = weld(prt1, prt26, prt1, euler(math.rad(180), math.rad(45), math.rad(-180)) * cf(-0.3, -0.775, -0.3))
local wld27 = weld(prt1, prt27, prt1, euler(math.rad(180), math.rad(135), math.rad(-180)) * cf(-0.3, -0.775, 0.3))
local wld28 = weld(prt1, prt28, prt1, euler(math.rad(-180), math.rad(-45), math.rad(-180)) * cf(0.3, -0.775, -0.3))
num = 0
num2 = 0
num3 = 0
num4 = 0
num5 = 2
function stickk(x, y) local weldd=Instance.new'Weld' weldd.Part0=x weldd.Part1=y local hit=x.Position local CJ=CFrame.new(hit) local C0=x.CFrame:inverse()*CJ local C1 =y.CFrame:inverse()*CJ weldd.C0=C0 weldd.C1=C1 weldd.Parent = x return weldd end it=Instance.new function nooutlinee(partt) partt.TopSurface,partt.BottomSurface,partt.LeftSurface,partt.RightSurface,partt.FrontSurface,partt.BackSurface = 10,10,10,10,10,10 end function partt(formfactor,parent,material,Shape,transparency,brickcolor,name,size) local fp=it("Part") fp.formFactor=formfactor fp.Parent=parent fp.Shape=Shape fp.Transparency=transparency fp.CanCollide=false fp.Locked=true fp.BrickColor=BrickColor.new(tostring(brickcolor)) fp.Name=name fp.Size=size nooutlinee(fp) fp.Material=material fp:BreakJoints() return fp end function meshh(Mesh,partt,meshtype,meshid,offset,scale) local meshh=it(Mesh) meshh.Parent=partt if Mesh=="SpecialMesh" then meshh.MeshType=meshtype meshh.MeshId=meshid end meshh.Offset=offset meshh.Scale=scale return meshh end function weldd(parent,part0,part1,c0,c1) local weldd=it("Weld") weldd.Parent=parent weldd.Part0=part0 weldd.Part1=part1 weldd.C0=c0 weldd.C1=c1 return weldd end function wpartt(formfactor,parent,material,reflectance,transparency,brickcolor,name,size) local fp=it("WedgePart") fp.formFactor=formfactor fp.Parent=parent fp.Transparency=transparency fp.Reflectance = reflectance fp.CanCollide=false fp.Locked=true fp.BrickColor=BrickColor.new(tostring(brickcolor)) fp.Name=name fp.Size=size nooutlinee(fp) fp.Material=material fp:BreakJoints() return fp end 
HANDLE=partt(Enum.FormFactor.Brick,modelzorz,Enum.Material.SmoothPlastic,Enum.PartType.Block,1,"Dusty Rose","Handle",Vector3.new(0.200000003, 0.200000003, 0.200000003))
HANDLEweldd=weldd(modelzorz,Character["Left Arm"],HANDLE,CFrame.new(0, 0, 0, -1, 0, 0, 0, 1, 0, 0, 0, -1),CFrame.new(0.0217590332, -0.691162109, 0.110282898, 0.043416772, -0.17276606, 0.984005868, 0.0291769188, -0.98429507, -0.174104139, 0.998630822, 0.0362692773, -0.0376941077))
Part=partt(Enum.FormFactor.Brick,modelzorz,Enum.Material.SmoothPlastic,Enum.PartType.Block,0,"Bright red","Part",Vector3.new(1, 1, 1))
Partweldd=weldd(modelzorz,HANDLE,Part,CFrame.new(0, 0, 0, 0.043416772, -0.17276606, 0.984005868, 0.0291769188, -0.98429507, -0.174104139, 0.998630822, 0.0362692773, -0.0376941077),CFrame.new(-0.000610351563, 0.000335693359, -4.14966583, 0.029236082, -0.984281838, -0.174168929, 0.998629391, 0.0363290943, -0.0376763903, 0.0434115939, -0.172828749, 0.983994961))
meshh("SpecialMesh",Part,Enum.MeshType.FileMesh,"http://www.roblox.com/Asset/?id=9756362",Vector3.new(0, 0, 0),Vector3.new(0.25, 0.150000006, 3.5))
Part=partt(Enum.FormFactor.Brick,modelzorz,Enum.Material.SmoothPlastic,Enum.PartType.Block,0,"Dusty Rose","Part",Vector3.new(1, 0.200000003, 0.200000003))
Partweldd=weldd(modelzorz,HANDLE,Part,CFrame.new(0, 0, 0, 0.043416772, -0.17276606, 0.984005868, 0.0291769188, -0.98429507, -0.174104139, 0.998630822, 0.0362692773, -0.0376941077),CFrame.new(0.000244140625, -0.000122070313, -7.62939453e-006, 0.043416772, -0.17276606, 0.984005868, 0.0291769188, -0.98429507, -0.174104139, 0.998630822, 0.0362692773, -0.0376941077))
meshh("SpecialMesh",Part,Enum.MeshType.FileMesh,"http://www.roblox.com/asset/?id=122202439",Vector3.new(0, 0, 0),Vector3.new(10, 0.150000006, 0.150000006))
Part=partt(Enum.FormFactor.Brick,modelzorz,Enum.Material.SmoothPlastic,Enum.PartType.Block,0,"Bright red","Part",Vector3.new(1, 1, 1))
Partweldd=weldd(modelzorz,HANDLE,Part,CFrame.new(0, 0, 0, 0.043416772, -0.17276606, 0.984005868, 0.0291769188, -0.98429507, -0.174104139, 0.998630822, 0.0362692773, -0.0376941077),CFrame.new(0.000549316406, -0.000198364258, -2.00000763, -0.0292334612, 0.984271407, 0.174228504, -0.998629391, -0.0363291018, 0.0376763828, 0.0434133634, -0.172888324, 0.983984411))
meshh("SpecialMesh",Part,Enum.MeshType.FileMesh,"http://www.roblox.com/asset/?id=18430887",Vector3.new(0, 0, 0),Vector3.new(1, 1, 1))
Part=partt(Enum.FormFactor.Brick,modelzorz,Enum.Material.Neon,Enum.PartType.Block,0,"Bright red","Part",Vector3.new(1, 1, 1))
Partweldd=weldd(modelzorz,HANDLE,Part,CFrame.new(0, 0, 0, 0.043416772, -0.17276606, 0.984005868, 0.0291769188, -0.98429507, -0.174104139, 0.998630822, 0.0362692773, -0.0376941077),CFrame.new(-0.000457763672, 0.000205993652, -2.19982147, 0.029236082, -0.984281838, -0.174168929, 0.998629391, 0.0363290943, -0.0376763903, 0.0434115939, -0.172828749, 0.983994961))
meshh("SpecialMesh",Part,Enum.MeshType.FileMesh,"http://www.roblox.com/Asset/?id=9756362",Vector3.new(0, 0, 0),Vector3.new(1, 0.5, 2))
Part=partt(Enum.FormFactor.Brick,modelzorz,Enum.Material.SmoothPlastic,Enum.PartType.Block,0,"Bright red","Part",Vector3.new(1, 1, 1))
Partweldd=weldd(modelzorz,HANDLE,Part,CFrame.new(0, 0, 0, 0.043416772, -0.17276606, 0.984005868, 0.0291769188, -0.98429507, -0.174104139, 0.998630822, 0.0362692773, -0.0376941077),CFrame.new(-0.000732421875, 0.000289916992, -3.19946289, 0.029236082, -0.984281838, -0.174168929, 0.998629391, 0.0363290943, -0.0376763903, 0.0434115939, -0.172828749, 0.983994961))
meshh("SpecialMesh",Part,Enum.MeshType.FileMesh,"http://www.roblox.com/Asset/?id=9756362",Vector3.new(0, 0, 0),Vector3.new(0.5, 0.25, 3))
Part=partt(Enum.FormFactor.Brick,modelzorz,Enum.Material.SmoothPlastic,Enum.PartType.Block,0,"Dusty Rose","Part",Vector3.new(1, 0.200000003, 0.200000003))
Partweldd=weldd(modelzorz,HANDLE,Part,CFrame.new(0, 0, 0, 0.043416772, -0.17276606, 0.984005868, 0.0291769188, -0.98429507, -0.174104139, 0.998630822, 0.0362692773, -0.0376941077),CFrame.new(-1.04981232, -0.000305175781, 2.28881836e-005, 0.043416772, -0.17276606, 0.984005868, 0.0291769188, -0.98429507, -0.174104139, 0.998630822, 0.0362692773, -0.0376941077))
meshh("SpecialMesh",Part,Enum.MeshType.FileMesh,"http://www.roblox.com/asset/?id=122202439",Vector3.new(0, 0, 0),Vector3.new(5, 0.25, 0.25))
Part=partt(Enum.FormFactor.Brick,modelzorz,Enum.Material.SmoothPlastic,Enum.PartType.Block,0,"Bright red","Part",Vector3.new(1, 1, 1))
Partweldd=weldd(modelzorz,HANDLE,Part,CFrame.new(0, 0, 0, 0.043416772, -0.17276606, 0.984005868, 0.0291769188, -0.98429507, -0.174104139, 0.998630822, 0.0362692773, -0.0376941077),CFrame.new(-0.000427246094, 0.000259399414, -4.74980927, 0.029236082, -0.984281838, -0.174168929, 0.998629391, 0.0363290943, -0.0376763903, 0.0434115939, -0.172828749, 0.983994961))
meshh("SpecialMesh",Part,Enum.MeshType.FileMesh,"http://www.roblox.com/Asset/?id=9756362",Vector3.new(0, 0, 0),Vector3.new(0.25, 0.150000006, 3.5))
Part=partt(Enum.FormFactor.Brick,modelzorz,Enum.Material.SmoothPlastic,Enum.PartType.Block,0,"Bright red","Part",Vector3.new(1, 1, 1))
Partweldd=weldd(modelzorz,HANDLE,Part,CFrame.new(0, 0, 0, 0.043416772, -0.17276606, 0.984005868, 0.0291769188, -0.98429507, -0.174104139, 0.998630822, 0.0362692773, -0.0376941077),CFrame.new(0.000610351563, -2.00000763, 7.62939453e-005, -0.0292217657, 0.98427701, 0.174198776, 0.0433556251, -0.172861159, 0.983991742, 0.998632252, 0.0363064595, -0.0376226157))
meshh("SpecialMesh",Part,Enum.MeshType.FileMesh,"http://www.roblox.com/asset/?id=18430887",Vector3.new(0, 0, 0),Vector3.new(1, 1, 1))
Part=partt(Enum.FormFactor.Brick,modelzorz,Enum.Material.SmoothPlastic,Enum.PartType.Block,0,"Bright red","Part",Vector3.new(1, 1, 1))
Partweldd=weldd(modelzorz,HANDLE,Part,CFrame.new(0, 0, 0, 0.043416772, -0.17276606, 0.984005868, 0.0291769188, -0.98429507, -0.174104139, 0.998630822, 0.0362692773, -0.0376941077),CFrame.new(-0.000793457031, 0.000274658203, -3.34963989, 0.029236082, -0.984281838, -0.174168929, 0.998629391, 0.0363290943, -0.0376763903, 0.0434115939, -0.172828749, 0.983994961))
meshh("SpecialMesh",Part,Enum.MeshType.FileMesh,"http://www.roblox.com/Asset/?id=9756362",Vector3.new(0, 0, 0),Vector3.new(0.5, 0.25, 3))
Part=partt(Enum.FormFactor.Brick,modelzorz,Enum.Material.SmoothPlastic,Enum.PartType.Block,0,"Dusty Rose","Part",Vector3.new(1, 0.200000003, 0.200000003))
Partweldd=weldd(modelzorz,HANDLE,Part,CFrame.new(0, 0, 0, 0.043416772, -0.17276606, 0.984005868, 0.0291769188, -0.98429507, -0.174104139, 0.998630822, 0.0362692773, -0.0376941077),CFrame.new(-1.04981232, -0.000305175781, 2.28881836e-005, 0.043416772, -0.17276606, 0.984005868, 0.0291769188, -0.98429507, -0.174104139, 0.998630822, 0.0362692773, -0.0376941077))
meshh("SpecialMesh",Part,Enum.MeshType.FileMesh,"http://www.roblox.com/asset/?id=122202439",Vector3.new(0, 0, 0),Vector3.new(10, 0.200000003, 0.200000003))
Part=partt(Enum.FormFactor.Brick,modelzorz,Enum.Material.SmoothPlastic,Enum.PartType.Block,0,"Bright red","Part",Vector3.new(1, 1, 1))
Partweldd=weldd(modelzorz,HANDLE,Part,CFrame.new(0, 0, 0, 0.043416772, -0.17276606, 0.984005868, 0.0291769188, -0.98429507, -0.174104139, 0.998630822, 0.0362692773, -0.0376941077),CFrame.new(-0.000701904297, 0.000297546387, -4.34965515, 0.029236082, -0.984281838, -0.174168929, 0.998629391, 0.0363290943, -0.0376763903, 0.0434115939, -0.172828749, 0.983994961))
meshh("SpecialMesh",Part,Enum.MeshType.FileMesh,"http://www.roblox.com/Asset/?id=9756362",Vector3.new(0, 0, 0),Vector3.new(0.25, 0.150000006, 3.5))
Part=partt(Enum.FormFactor.Brick,modelzorz,Enum.Material.SmoothPlastic,Enum.PartType.Block,0,"Dusty Rose","Part",Vector3.new(0.200000003, 0.200000003, 0.200000003))
Partweldd=weldd(modelzorz,HANDLE,Part,CFrame.new(0, 0, 0, 0.043416772, -0.17276606, 0.984005868, 0.0291769188, -0.98429507, -0.174104139, 0.998630822, 0.0362692773, -0.0376941077),CFrame.new(0.999977112, -0.000152587891, -6.86645508e-005, 0.043416772, -0.17276606, 0.984005868, 0.0291769188, -0.98429507, -0.174104139, 0.998630822, 0.0362692773, -0.0376941077))
meshh("SpecialMesh",Part,Enum.MeshType.FileMesh,"http://www.roblox.com/asset/?id=122202439",Vector3.new(0, 0, 0),Vector3.new(1, 0.200000003, 0.200000003))
Part=partt(Enum.FormFactor.Brick,modelzorz,Enum.Material.SmoothPlastic,Enum.PartType.Block,0,"Bright red","Part",Vector3.new(1, 1, 1))
Partweldd=weldd(modelzorz,HANDLE,Part,CFrame.new(0, 0, 0, 0.043416772, -0.17276606, 0.984005868, 0.0291769188, -0.98429507, -0.174104139, 0.998630822, 0.0362692773, -0.0376941077),CFrame.new(-2, -0.000228881836, -0.000671386719, 0.0434253477, -0.172819018, 0.983996212, -0.99862808, -0.0363551639, 0.0376860276, 0.0292604789, -0.984282613, -0.1741606))
meshh("SpecialMesh",Part,Enum.MeshType.FileMesh,"http://www.roblox.com/asset/?id=18430887",Vector3.new(0, 0, 0),Vector3.new(1, 1, 1))
Part=partt(Enum.FormFactor.Brick,modelzorz,Enum.Material.SmoothPlastic,Enum.PartType.Block,0,"Bright red","Part",Vector3.new(1, 1, 1))
Partweldd=weldd(modelzorz,HANDLE,Part,CFrame.new(0, 0, 0, 0.043416772, -0.17276606, 0.984005868, 0.0291769188, -0.98429507, -0.174104139, 0.998630822, 0.0362692773, -0.0376941077),CFrame.new(-0.000610351563, 0.000381469727, -4.54944611, 0.029236082, -0.984281838, -0.174168929, 0.998629391, 0.0363290943, -0.0376763903, 0.0434115939, -0.172828749, 0.983994961))
meshh("SpecialMesh",Part,Enum.MeshType.FileMesh,"http://www.roblox.com/Asset/?id=9756362",Vector3.new(0, 0, 0),Vector3.new(0.25, 0.150000006, 3.5))
Part=partt(Enum.FormFactor.Brick,modelzorz,Enum.Material.SmoothPlastic,Enum.PartType.Block,0,"Bright red","Part",Vector3.new(1, 1, 1))
Partweldd=weldd(modelzorz,HANDLE,Part,CFrame.new(0, 0, 0, 0.043416772, -0.17276606, 0.984005868, 0.0291769188, -0.98429507, -0.174104139, 0.998630822, 0.0362692773, -0.0376941077),CFrame.new(-0.000366210938, 0.000274658203, -2.44970703, 0.029236082, -0.984281838, -0.174168929, 0.998629391, 0.0363290943, -0.0376763903, 0.0434115939, -0.172828749, 0.983994961))
meshh("SpecialMesh",Part,Enum.MeshType.FileMesh,"http://www.roblox.com/Asset/?id=9756362",Vector3.new(0, 0, 0),Vector3.new(0.75, 0.349999994, 2.5))
Part=partt(Enum.FormFactor.Brick,modelzorz,Enum.Material.SmoothPlastic,Enum.PartType.Block,0,"Bright red","Part",Vector3.new(1, 1, 1))
Partweldd=weldd(modelzorz,HANDLE,Part,CFrame.new(0, 0, 0, 0.043416772, -0.17276606, 0.984005868, 0.0291769188, -0.98429507, -0.174104139, 0.998630822, 0.0362692773, -0.0376941077),CFrame.new(-0.000427246094, 0.00023651123, -3.99962616, 0.029236082, -0.984281838, -0.174168929, 0.998629391, 0.0363290943, -0.0376763903, 0.0434115939, -0.172828749, 0.983994961))
meshh("SpecialMesh",Part,Enum.MeshType.FileMesh,"http://www.roblox.com/Asset/?id=9756362",Vector3.new(0, 0, 0),Vector3.new(0.25, 0.150000006, 3.5))
Part=partt(Enum.FormFactor.Brick,modelzorz,Enum.Material.SmoothPlastic,Enum.PartType.Block,0,"Bright red","Part",Vector3.new(1, 1, 1))
Partweldd=weldd(modelzorz,HANDLE,Part,CFrame.new(0, 0, 0, 0.043416772, -0.17276606, 0.984005868, 0.0291769188, -0.98429507, -0.174104139, 0.998630822, 0.0362692773, -0.0376941077),CFrame.new(-0.000579833984, 0.000205993652, -3.0497818, 0.029236082, -0.984281838, -0.174168929, 0.998629391, 0.0363290943, -0.0376763903, 0.0434115939, -0.172828749, 0.983994961))
meshh("SpecialMesh",Part,Enum.MeshType.FileMesh,"http://www.roblox.com/Asset/?id=9756362",Vector3.new(0, 0, 0),Vector3.new(0.5, 0.25, 3))
local handlewld = weld(handle, handle, Torso, euler(-1.8, 0, 0) * cf(-1.1, 1, 0.65))
local wing1 = part(3, nil, 0, 1, BrickColor.new(NewCol), "Wing", vt())
local wmsh1 = mesh("SpecialMesh", wing1, "FileMesh", "92135508", vt(0, 0, 0), vt(0.8, 0.8, 0.8))
local wing2 = part(3, nil, 0, 1, BrickColor.new(NewCol), "Wing", vt())
local wmsh2 = mesh("SpecialMesh", wing2, "FileMesh", "92135524", vt(0, 0, 0), vt(0.8, 0.8, 0.8))
local nr = NumberRange.new
local ns = NumberSequence.new
local cs = ColorSequence.new
local parti = it("ParticleEmitter")
parti.Color = cs(NewCol, NewCol)
parti.LightEmission = 0
parti.Size = ns(1)
parti.Texture = "http://www.roblox.com/asset/?id=242842525"
sizeseq = ns({NumberSequenceKeypoint.new(0, 0.5), NumberSequenceKeypoint.new(1, 0.2)})
transseq = ns({NumberSequenceKeypoint.new(0, 0.5), NumberSequenceKeypoint.new(1, 1)})
parti.Transparency = transseq
parti.Size = sizeseq
parti.Acceleration = vt(0, -0.5, 0)
parti.Lifetime = nr(5, 7)
parti.Rate = 1
parti.RotSpeed = nr(30)
parti.Speed = nr(2)
parti.VelocitySpread = 90
parti.Enabled = true
parti.Parent = wing1
parti2 = parti:Clone()
parti2.Parent = wing2
for _,c in pairs(modelzorz:children()) do
  table.insert(Weapon, c)
end
for _,c in pairs(prt1:children()) do
  if c.className == "Motor" then
    table.insert(Welds, c)
  end
end
local hitbox = part(3, modelzorz, 0, 1, BrickColor.new("Black"), "Hitbox2", vt())
hitbox.Anchored = false
local hbwld = weld(hitbox, hitbox, RootPart, euler(0, 0, 0) * cf(0, 0, 0))
local hitbox2 = part(3, nil, 0, 1, BrickColor.new("Black"), "Hitbox", vt(1, 1, 1))
hitbox2.Anchored = true
local hitboxCF = cf(0, 0, 0)
hboxpos = Instance.new("BodyPosition", nil)
hboxpos.P = 2000
hboxpos.D = 100
hboxpos.maxForce = Vector3.new(545000, 545000, 545000)
hitboxweld = function()
  hbwld.Parent = modelzorz
  hbwld.Part0 = hitbox
  hbwld.Part1 = prt5
end
parti.Parent = hitbox
if script.Parent.className ~= "HopperBin" then
  Tool = Instance.new("HopperBin")
  Tool.Parent = Backpack
  Tool.Name = "Needle"
  script.Parent = Tool
  Bin = Tool
end
local bodvel = Instance.new("BodyVelocity")
local bg = Instance.new("BodyGyro")
so = function(id, par, vol, pit)
  local sou = Instance.new("Sound", par or workspace)
  sou.Volume = vol
  sou.Pitch = pit or 1
  sou.SoundId = "http://www.roblox.com/asset/?id=" .. id
  coroutine.resume(coroutine.create(function(Sound)
    swait()
    Sound:play()
  end
), sou)
  game:GetService("Debris"):AddItem(sou, 6)
end

function clerp(a,b,t) 
local qa = {QuaternionFromCFrame(a)}
local qb = {QuaternionFromCFrame(b)} 
local ax, ay, az = a.x, a.y, a.z 
local bx, by, bz = b.x, b.y, b.z
local _t = 1-t
return QuaternionToCFrame(_t*ax + t*bx, _t*ay + t*by, _t*az + t*bz,QuaternionSlerp(qa, qb, t)) 
end 
 
function QuaternionFromCFrame(cf) 
local mx, my, mz, m00, m01, m02, m10, m11, m12, m20, m21, m22 = cf:components() 
local trace = m00 + m11 + m22 
if trace > 0 then 
local s = math.sqrt(1 + trace) 
local recip = 0.5/s 
return (m21-m12)*recip, (m02-m20)*recip, (m10-m01)*recip, s*0.5 
else 
local i = 0 
if m11 > m00 then
i = 1
end
if m22 > (i == 0 and m00 or m11) then 
i = 2 
end 
if i == 0 then 
local s = math.sqrt(m00-m11-m22+1) 
local recip = 0.5/s 
return 0.5*s, (m10+m01)*recip, (m20+m02)*recip, (m21-m12)*recip 
elseif i == 1 then 
local s = math.sqrt(m11-m22-m00+1) 
local recip = 0.5/s 
return (m01+m10)*recip, 0.5*s, (m21+m12)*recip, (m02-m20)*recip 
elseif i == 2 then 
local s = math.sqrt(m22-m00-m11+1) 
local recip = 0.5/s return (m02+m20)*recip, (m12+m21)*recip, 0.5*s, (m10-m01)*recip 
end 
end 
end
 
function QuaternionToCFrame(px, py, pz, x, y, z, w) 
local xs, ys, zs = x + x, y + y, z + z 
local wx, wy, wz = w*xs, w*ys, w*zs 
local xx = x*xs 
local xy = x*ys 
local xz = x*zs 
local yy = y*ys 
local yz = y*zs 
local zz = z*zs 
return CFrame.new(px, py, pz,1-(yy+zz), xy - wz, xz + wy,xy + wz, 1-(xx+zz), yz - wx, xz - wy, yz + wx, 1-(xx+yy)) 
end
 
function QuaternionSlerp(a, b, t) 
local cosTheta = a[1]*b[1] + a[2]*b[2] + a[3]*b[3] + a[4]*b[4] 
local startInterp, finishInterp; 
if cosTheta >= 0.0001 then 
if (1 - cosTheta) > 0.0001 then 
local theta = math.acos(cosTheta) 
local invSinTheta = 1/math.sin(theta) 
startInterp = math.sin((1-t)*theta)*invSinTheta 
finishInterp = math.sin(t*theta)*invSinTheta  
else 
startInterp = 1-t 
finishInterp = t 
end 
else 
if (1+cosTheta) > 0.0001 then 
local theta = math.acos(-cosTheta) 
local invSinTheta = 1/math.sin(theta) 
startInterp = math.sin((t-1)*theta)*invSinTheta 
finishInterp = math.sin(t*theta)*invSinTheta 
else 
startInterp = t-1 
finishInterp = t 
end 
end 
return a[1]*startInterp + b[1]*finishInterp, a[2]*startInterp + b[2]*finishInterp, a[3]*startInterp + b[3]*finishInterp, a[4]*startInterp + b[4]*finishInterp 
end

hideanim = function()
  equipped = false
  for i = 0, 1, 0.1 do
    swait()
    handlewld.C0 = clerp(handlewld.C0, euler(1.5, 1.4, 0) * euler(0, 0, 0) * cf(0, 1, 0), 0.3)
    wld1.C0 = clerp(wld1.C0, cf(0, -1, 0) * euler(0, -1.2, 0) * euler(-0.25, -1.2, -0.4), 0.3)
    Neck.C0 = clerp(Neck.C0, necko * euler(0.25, 0, -0.3), 0.3)
    RootJoint.C0 = clerp(RootJoint.C0, RootCF * euler(0, 0, 0), 0.3)
    RW.C0 = clerp(RW.C0, cf(1.5, 0.5, 0) * euler(0, 0, 0.3), 0.3)
    RW.C1 = clerp(LW.C1, cf(0, 0.5, 0) * euler(0, 0, 0), 0.3)
    LW.C0 = clerp(LW.C0, cf(0.1, 0.3, -0.5) * euler(0, 0, 0.1) * euler(0, -1, 0) * euler(1, -1.2, 0), 0.3)
    LW.C1 = clerp(LW.C1, cf(0, 0.5, 0) * euler(0, 0, 0), 0.3)
    RH.C0 = clerp(RH.C0, cf(1, -1, 0) * euler(0, 1.57, 0), 0.3)
    LH.C0 = clerp(LH.C0, cf(-1, -1, 0) * euler(0, -1.57, 0), 0.3)
  end
  mdec.Parent = nil
  handlewld.Part1 = Torso
  handlewld.C0 = euler(-1.8, 0, 0) * cf(-1.1, 1, 0.65)
  wld1.C0 = cf(0, 0, 0) * euler(0, 0, 0)
  for i = 0, 1, 0.3 do
    swait()
    Neck.C0 = clerp(Neck.C0, necko * euler(0, 0, 0), 0.4)
    RootJoint.C0 = clerp(RootJoint.C0, RootCF * euler(0, 0, 0), 0.4)
    RW.C0 = clerp(RW.C0, cf(1.5, 0.5, 0) * euler(0, 0, 0), 0.4)
    RW.C1 = clerp(LW.C1, cf(0, 0.5, 0) * euler(0, 0, 0), 0.4)
    LW.C0 = clerp(LW.C0, cf(-1.5, 0.5, 0) * euler(0, 0, 0), 0.4)
    LW.C1 = clerp(LW.C1, cf(0, 0.5, 0) * euler(0, 0, 0), 0.4)
  end
  mdec.Parent = Decrease
  mdec2.Parent = nil
end

mdec.Parent = Decrease
equipanim = function()
  equipped = true
  mdec.Parent = nil
  for i = 0, 1, 0.11 do
    swait()
    Neck.C0 = clerp(Neck.C0, necko * euler(0.25, 0, -0.3), 0.2)
    RootJoint.C0 = clerp(RootJoint.C0, RootCF * euler(0, 0, 0), 0.2)
    RW.C0 = clerp(RW.C0, cf(1.5, 0.7, 0) * euler(0, 0, 1), 0.1)
    RW.C1 = clerp(LW.C1, cf(0, 0.5, 0) * euler(0, 0, 0), 0.2)
    LW.C0 = clerp(LW.C0, cf(0, 0.3, -0.5) * euler(0, 0, 0.1) * euler(0, -1, 0) * euler(0.8, -1.2, 0), 0.2)
    LW.C1 = clerp(LW.C1, cf(0, 0.5, 0) * euler(0, 0, 0), 0.2)
  end
  handlewld.Part1 = LeftArm
  handlewld.C0 = euler(1.5, 0.8, 0) * euler(0, 0, -1) * cf(-0.8, 1, 0)
  wld1.C0 = cf(0, -1, 0) * euler(0, 0, 0)
  so("356423194", prt5, 1, 1)
  for i = 0, 1, 0.17 do
    swait()
    handlewld.C0 = clerp(handlewld.C0, euler(1.5, 1.4, 0) * euler(0, 0, 0) * cf(0.7, 1, 0), 0.25)
    wld1.C0 = clerp(wld1.C0, cf(0, -1, 0) * euler(0, -1.2, 0) * euler(-0.25, -1.2, -0.4), 0.25)
    Neck.C0 = clerp(Neck.C0, necko * euler(-0.1, 0, -0.05), 0.2)
    RootJoint.C0 = clerp(RootJoint.C0, RootCF * euler(0, 0, 0), 0.3)
    RW.C0 = clerp(RW.C0, cf(1.5, 0.7, 0) * euler(0, 0, 1), 0.1)
    RW.C1 = clerp(LW.C1, cf(0, 0.5, 0) * euler(0, 0, 0), 0.3)
    LW.C0 = clerp(LW.C0, cf(-0.6, 0.5, -1.2) * euler(0, 0, 0.1) * euler(0, -1, 0) * euler(2, -1.2, 0), 0.15)
    LW.C1 = clerp(LW.C1, cf(0, 0.5, 0) * euler(0, 0, 0), 0.3)
  end
  mdec2.Parent = Decrease
end

StaggerAnim = function()
  attack = true
  removeControl()
  for i = 1, math.random(2, 4) do
    ClangEffect(BrickColor.new("New Yeller"), cf(hitbox.Position) * euler(math.random(-50, 50) / 100, math.random(-50, 50), math.random(-50, 50) / 100), 0, 0.1, 0.2, math.random(150, 300) / 1000)
  end
  for i = 0, 1, 0.35 do
    swait()
    if Rooted.Value == false then
      Torso.Velocity = RootPart.CFrame.lookVector * -40
    end
    Neck.C0 = clerp(Neck.C0, necko * euler(0, 0, -0.7) * euler(0.1, 0, 0), 0.3)
    RootJoint.C0 = clerp(RootJoint.C0, RootCF * euler(-0.2, 0, 0.6), 0.3)
    RW.C0 = clerp(RW.C0, cf(1.5, 0.5, 0) * euler(0.4, 0, 0.4) * euler(0, 0.4, 0), 0.3)
    RW.C1 = clerp(LW.C1, cf(0, 0.5, 0) * euler(0, 0, 0), 0.3)
    LW.C0 = clerp(LW.C0, cf(-1.5, 0.5, 0) * euler(-0.4, 0, -0.9) * euler(0, 0.7, 0), 0.3)
    LW.C1 = clerp(LW.C1, cf(0, 0.5, 0) * euler(0, 0, 0), 0.3)
    RH.C0 = clerp(RH.C0, cf(1, -0.7, 0) * euler(0, 1.57, 0) * euler(-0.4, -0.2, 0.4), 0.3)
    LH.C0 = clerp(LH.C0, cf(-1, -0.8, 0) * euler(0, -1.57, 0) * euler(-0.2, 0, 0.4), 0.3)
  end
  for i = 0, 1, 0.2 do
    swait()
    if Rooted.Value == false then
      Torso.Velocity = RootPart.CFrame.lookVector * -40
    end
    Neck.C0 = clerp(Neck.C0, necko * euler(0, 0, -0.7) * euler(0.3, 0, 0), 0.3)
    RootJoint.C0 = clerp(RootJoint.C0, RootCF * euler(-0.4, 0, 0.6), 0.3)
    RW.C0 = clerp(RW.C0, cf(1.5, 0.5, 0) * euler(0.6, 0, 0.6) * euler(0, 0.4, 0), 0.3)
    RW.C1 = clerp(LW.C1, cf(0, 0.5, 0) * euler(0, 0, 0), 0.3)
    LW.C0 = clerp(LW.C0, cf(-1.5, 0.5, 0) * euler(-0.6, 0, -0.9) * euler(0, 0.7, 0), 0.3)
    LW.C1 = clerp(LW.C1, cf(0, 0.5, 0) * euler(0, 0, 0), 0.3)
    RH.C0 = clerp(RH.C0, cf(1, -0.7, 0) * euler(0, 1.57, 0) * euler(-0.5, -0.2, 0.5), 0.3)
    LH.C0 = clerp(LH.C0, cf(-1, -0.8, 0) * euler(0, -1.57, 0) * euler(-0.2, 0, 0.4), 0.3)
  end
  for i = 0, 1, 0.1 do
    swait()
    handlewld.C0 = clerp(handlewld.C0, euler(1.57, 0, 0) * cf(0, 1, 0), 0.3)
