Player=game:GetService("Players").LocalPlayer
Character=Player.Character 
PlayerGui=Player.PlayerGui
Backpack=Player.Backpack 
Torso=Character.Torso 
Head=Character.Head 
Humanoid=Character.Humanoid
m=Instance.new('Model',Character)
LeftArm=Character["Left Arm"] 
LeftLeg=Character["Left Leg"] 
RightArm=Character["Right Arm"] 
RightLeg=Character["Right Leg"] 
LS=Torso["Left Shoulder"] 
LH=Torso["Left Hip"] 
RS=Torso["Right Shoulder"] 
RH=Torso["Right Hip"] 
Face = Head.face
Neck=Torso.Neck
it=Instance.new
attacktype=1
vt=Vector3.new
cf=CFrame.new
euler=CFrame.fromEulerAnglesXYZ
angles=CFrame.Angles
cloaked=false
necko=cf(0, 1, 0, -1, -0, -0, 0, 0, 1, 0, 1, 0)
necko2=cf(0, -0.5, 0, -1, -0, -0, 0, 0, 1, 0, 1, 0)
LHC0=cf(-1,-1,0,-0,-0,-1,0,1,0,1,0,0)
LHC1=cf(-0.5,1,0,-0,-0,-1,0,1,0,1,0,0)
RHC0=cf(1,-1,0,0,0,1,0,1,0,-1,-0,-0)
RHC1=cf(0.5,1,0,0,0,1,0,1,0,-1,-0,-0)
RootPart=Character.HumanoidRootPart
RootJoint=RootPart.RootJoint
RootCF=euler(-1.57,0,3.14)
attack = false 
attackdebounce = false 
deb=false
equipped=true
hand=false
MMouse=nil
combo=0
mana=0
trispeed=.2
attackmode='none'
local idle=0
local Anim="Idle"
local Effects={}
local gun=false
local shoot=false
player=nil 
mana=0

mouse=Player:GetMouse()
--save shoulders 
RSH, LSH=nil, nil 
--welds 
RW, LW=Instance.new("Weld"), Instance.new("Weld") 
RW.Name="Right Shoulder" LW.Name="Left Shoulder"
LH=Torso["Left Hip"]
RH=Torso["Right Hip"]
TorsoColor=Torso.BrickColor
function NoOutline(Part)
Part.TopSurface,Part.BottomSurface,Part.LeftSurface,Part.RightSurface,Part.FrontSurface,Part.BackSurface = 10,10,10,10,10,10
end
player=Player 
ch=Character
RSH=ch.Torso["Right Shoulder"] 
LSH=ch.Torso["Left Shoulder"] 
-- 
RSH.Parent=nil 
LSH.Parent=nil 
-- 
RW.Name="Right Shoulder"
RW.Part0=ch.Torso 
RW.C0=cf(1.5, 0.5, 0) --* CFrame.fromEulerAnglesXYZ(1.3, 0, -0.5) 
RW.C1=cf(0, 0.5, 0) 
RW.Part1=ch["Right Arm"] 
RW.Parent=ch.Torso 
-- 
LW.Name="Left Shoulder"
LW.Part0=ch.Torso 
LW.C0=cf(-1.5, 0.5, 0) --* CFrame.fromEulerAnglesXYZ(1.7, 0, 0.8) 
LW.C1=cf(0, 0.5, 0) 
LW.Part1=ch["Left Arm"] 
LW.Parent=ch.Torso 

	Player=game:GetService('Players').LocalPlayer
	Character=Player.Character
	Mouse=Player:GetMouse()
	m=Instance.new('Model',Character)


	local function weldBetween(a, b)
	    local weldd = Instance.new("ManualWeld")
	    weldd.Part0 = a
	    weldd.Part1 = b
	    weldd.C0 = CFrame.new()
	    weldd.C1 = b.CFrame:inverse() * a.CFrame
	    weldd.Parent = a
	    return weldd
	end
	
	function swait(num)
    if num==0 or num==nil then
    game:service'RunService'.Stepped:wait(0)
    else
    for i=0,num do
    game:service'RunService'.Stepped:wait(0)
    end
    end
	    end
	
	function nooutline(part)
		part.TopSurface,part.BottomSurface,part.LeftSurface,part.RightSurface,part.FrontSurface,part.BackSurface = 10,10,10,10,10,10
	end
	
	function part(formfactor,parent,material,reflectance,transparency,brickcolor,name,size)
		local fp=it("Part")
		fp.formFactor=formfactor
		fp.Parent=parent
		fp.Reflectance=reflectance
		fp.Transparency=transparency
		fp.CanCollide=false
		fp.Locked=true
		fp.BrickColor=BrickColor.new(tostring(brickcolor))
		fp.Name=name
		fp.Size=size
		fp.Position=Character.Torso.Position
		nooutline(fp)
		fp.Material=material
		fp:BreakJoints()
		return fp
	end
	
	function mesh(Mesh,part,meshtype,meshid,offset,scale)
		local mesh=it(Mesh)
		mesh.Parent=part
		if Mesh=="SpecialMesh" then
			mesh.MeshType=meshtype
			mesh.MeshId=meshid
		end
		mesh.Offset=offset
		mesh.Scale=scale
		return mesh
	end
	
	function weld(parent,part0,part1,c0,c1)
		local weld=it("Weld")
		weld.Parent=parent
		weld.Part0=part0
		weld.Part1=part1
		weld.C0=c0
		weld.C1=c1
		return weld
	end
	
	
local function CFrameFromTopBack(at, top, back)
local right = top:Cross(back)
return CFrame.new(at.x, at.y, at.z,
right.x, top.x, back.x,
right.y, top.y, back.y,
right.z, top.z, back.z)
end

function Triangle(a, b, c)
local edg1 = (c-a):Dot((b-a).unit)
local edg2 = (a-b):Dot((c-b).unit)
local edg3 = (b-c):Dot((a-c).unit)
if edg1 <= (b-a).magnitude and edg1 >= 0 then
a, b, c = a, b, c
elseif edg2 <= (c-b).magnitude and edg2 >= 0 then
a, b, c = b, c, a
elseif edg3 <= (a-c).magnitude and edg3 >= 0 then
a, b, c = c, a, b
else
assert(false, "unreachable")
end
 
local len1 = (c-a):Dot((b-a).unit)
local len2 = (b-a).magnitude - len1
local width = (a + (b-a).unit*len1 - c).magnitude
 
local maincf = CFrameFromTopBack(a, (b-a):Cross(c-b).unit, -(b-a).unit)
 
local list = {}

local Color = BrickColor.new("Dark grey")
 
if len1 > 0.01 then
local w1 = Instance.new('WedgePart', m)
game:GetService("Debris"):AddItem(w1,5)
w1.Material = "SmoothPlastic"
w1.FormFactor = 'Custom'
w1.BrickColor = BrickColor.new(Color)
w1.Transparency = 0
w1.Reflectance = 0
w1.Material = "SmoothPlastic"
w1.CanCollide = false
NoOutline(w1)
local sz = Vector3.new(0.2, width, len1)
w1.Size = sz
local sp = Instance.new("SpecialMesh",w1)
sp.MeshType = "Wedge"
sp.Scale = Vector3.new(0,1,1) * sz/w1.Size
w1:BreakJoints()
w1.Anchored = true
w1.Parent = workspace
w1.Transparency = 0.7
table.insert(Effects,{w1,"Disappear",.01})
w1.CFrame = maincf*CFrame.Angles(math.pi,0,math.pi/2)*CFrame.new(0,width/2,len1/2)
table.insert(list,w1)
end
 
if len2 > 0.01 then
local w2 = Instance.new('WedgePart', m)
game:GetService("Debris"):AddItem(w2,5)
w2.Material = "SmoothPlastic"
w2.FormFactor = 'Custom'
w2.BrickColor = BrickColor.new(Color)
w2.Transparency = 0
w2.Reflectance = 0
w2.Material = "SmoothPlastic"
w2.CanCollide = false
NoOutline(w2)
local sz = Vector3.new(0.2, width, len2)
w2.Size = sz
local sp = Instance.new("SpecialMesh",w2)
sp.MeshType = "Wedge"
sp.Scale = Vector3.new(0,1,1) * sz/w2.Size
w2:BreakJoints()
w2.Anchored = true
w2.Parent = workspace
w2.Transparency = 0.7
table.insert(Effects,{w2,"Disappear",.01})
w2.CFrame = maincf*CFrame.Angles(math.pi,math.pi,-math.pi/2)*CFrame.new(0,width/2,-len1 - len2/2)
table.insert(list,w2)
end
return unpack(list)
end
	
	
so = function(id,par,vol,pit) 
coroutine.resume(coroutine.create(function()
local sou = Instance.new("Sound",par or workspace)
sou.Volume=vol
sou.Pitch=pit or 1
sou.SoundId=id
swait() 
sou:play() 
game:GetService("Debris"):AddItem(sou,6)
end))
end
 
function clerp(a,b,t) 
local qa = {QuaternionFromCFrame(a)}
local qb = {QuaternionFromCFrame(b)} 
local ax, ay, az = a.x, a.y, a.z 
local bx, by, bz = b.x, b.y, b.z
local _t = 1-t
return QuaternionToCFrame(_t*ax + t*bx, _t*ay + t*by, _t*az + t*bz,QuaternionSlerp(qa, qb, t)) 
end 
 
function QuaternionFromCFrame(cf) 
local mx, my, mz, m00, m01, m02, m10, m11, m12, m20, m21, m22 = cf:components() 
local trace = m00 + m11 + m22 
if trace > 0 then 
local s = math.sqrt(1 + trace) 
local recip = 0.5/s 
return (m21-m12)*recip, (m02-m20)*recip, (m10-m01)*recip, s*0.5 
else 
local i = 0 
if m11 > m00 then
i = 1
end
if m22 > (i == 0 and m00 or m11) then 
i = 2 
end 
if i == 0 then 
local s = math.sqrt(m00-m11-m22+1) 
local recip = 0.5/s 
return 0.5*s, (m10+m01)*recip, (m20+m02)*recip, (m21-m12)*recip 
elseif i == 1 then 
local s = math.sqrt(m11-m22-m00+1) 
local recip = 0.5/s 
return (m01+m10)*recip, 0.5*s, (m21+m12)*recip, (m02-m20)*recip 
elseif i == 2 then 
local s = math.sqrt(m22-m00-m11+1) 
local recip = 0.5/s return (m02+m20)*recip, (m12+m21)*recip, 0.5*s, (m10-m01)*recip 
end 
end 
end
 
function QuaternionToCFrame(px, py, pz, x, y, z, w) 
local xs, ys, zs = x + x, y + y, z + z 
local wx, wy, wz = w*xs, w*ys, w*zs 
local xx = x*xs 
local xy = x*ys 
local xz = x*zs 
local yy = y*ys 
local yz = y*zs 
local zz = z*zs 
return CFrame.new(px, py, pz,1-(yy+zz), xy - wz, xz + wy,xy + wz, 1-(xx+zz), yz - wx, xz - wy, yz + wx, 1-(xx+yy)) 
end
 
function QuaternionSlerp(a, b, t) 
local cosTheta = a[1]*b[1] + a[2]*b[2] + a[3]*b[3] + a[4]*b[4] 
local startInterp, finishInterp; 
if cosTheta >= 0.0001 then 
if (1 - cosTheta) > 0.0001 then 
local theta = math.acos(cosTheta) 
local invSinTheta = 1/math.sin(theta) 
startInterp = math.sin((1-t)*theta)*invSinTheta 
finishInterp = math.sin(t*theta)*invSinTheta  
else 
startInterp = 1-t 
finishInterp = t 
end 
else 
if (1+cosTheta) > 0.0001 then 
local theta = math.acos(-cosTheta) 
local invSinTheta = 1/math.sin(theta) 
startInterp = math.sin((t-1)*theta)*invSinTheta 
finishInterp = math.sin(t*theta)*invSinTheta 
else 
startInterp = t-1 
finishInterp = t 
end 
end 
return a[1]*startInterp + b[1]*finishInterp, a[2]*startInterp + b[2]*finishInterp, a[3]*startInterp + b[3]*finishInterp, a[4]*startInterp + b[4]*finishInterp 
end


--Example: Torso.Weld.C0 = clerp(Torso.Weld.C0, CFrame.new(0, 0, 0) * CFrame.Angles(math.rad(0), math.rad(0), math.rad(0)), 0.4)


function rayCast(Pos, Dir, Max, Ignore)  -- Origin Position , Direction, MaxDistance , IgnoreDescendants
return game:service("Workspace"):FindPartOnRay(Ray.new(Pos, Dir.unit * (Max or 999.999)), Ignore) 
end 

Damagefunc=function(hit,minim,maxim,knockback,Type,Property,Delay,KnockbackType,decreaseblock)
        if hit.Parent==nil then
                return
        end
        h=hit.Parent:FindFirstChild("Humanoid")
        for _,v in pairs(hit.Parent:children()) do
        if v:IsA("Humanoid") then
        h=v
        end
        end
        if hit.Parent.Parent:FindFirstChild("Torso")~=nil then
        h=hit.Parent.Parent:FindFirstChild("Humanoid")
        end
        if hit.Parent.className=="Hat" then
        hit=hit.Parent.Parent:findFirstChild("Head")
        end
        if h~=nil and hit.Parent.Name~=Character.Name and hit.Parent:FindFirstChild("Torso")~=nil then
        if hit.Parent:findFirstChild("DebounceHit")~=nil then if hit.Parent.DebounceHit.Value==true then return end end
        --[[                if game.Players:GetPlayerFromCharacter(hit.Parent)~=nil then
                        return
                end]]
--                        hs(hit,1.2) 
                        c=Instance.new("ObjectValue")
                        c.Name="creator"
                        c.Value=game:service("Players").LocalPlayer
                        c.Parent=h
                        game:GetService("Debris"):AddItem(c,.5)
                Damage=math.random(minim,maxim)
--                h:TakeDamage(Damage)
                blocked=false
                block=hit.Parent:findFirstChild("Block")
                if block~=nil then
                if block.className=="NumberValue" then
                if block.Value>0 then
                blocked=true
                if decreaseblock==nil then
                block.Value=block.Value-1
                end
                end
                end
                if block.className=="IntValue" then
                if block.Value>0 then
                blocked=true
                if decreaseblock~=nil then
                block.Value=block.Value-1
                end
                end
                end
                end
                if blocked==false then
--                h:TakeDamage(Damage)
                h.Health=h.Health-Damage
                showDamage(hit.Parent,Damage,.5,BrickColor.new("Really black"))
                else
                h.Health=h.Health-(Damage/2)
                showDamage(hit.Parent,Damage/2,.5,BrickColor.new("Bright blue"))
                end
                if Type=="Knockdown" then
                hum=hit.Parent.Humanoid
hum.PlatformStand=true
coroutine.resume(coroutine.create(function(HHumanoid)
swait(1)
HHumanoid.PlatformStand=false
end),hum)
                local angle=(hit.Position-(Property.Position+Vector3.new(0,0,0))).unit
--hit.CFrame=CFrame.new(hit.Position,Vector3.new(angle.x,hit.Position.y,angle.z))*CFrame.fromEulerAnglesXYZ(math.pi/4,0,0)
local bodvol=Instance.new("BodyVelocity")
bodvol.velocity=angle*knockback
bodvol.P=5000
bodvol.maxForce=Vector3.new(8e+003, 8e+003, 8e+003)
bodvol.Parent=hit
rl=Instance.new("BodyAngularVelocity")
rl.P=3000
rl.maxTorque=Vector3.new(500000,500000,500000)*50000000000000
rl.angularvelocity=Vector3.new(math.random(-10,10),math.random(-10,10),math.random(-10,10))
rl.Parent=hit
game:GetService("Debris"):AddItem(bodvol,.5)
game:GetService("Debris"):AddItem(rl,.5)
                elseif Type=="Normal" then
                vp=Instance.new("BodyVelocity")
                vp.P=500
                vp.maxForce=Vector3.new(math.huge,0,math.huge)
--                vp.velocity=Character.Torso.CFrame.lookVector*Knockback
                if KnockbackType==1 then
                vp.velocity=Property.CFrame.lookVector*knockback+Property.Velocity/1.05
                elseif KnockbackType==2 then
                vp.velocity=Property.CFrame.lookVector*knockback
                end
                if knockback>0 then
                        vp.Parent=hit.Parent.Torso
                end
                game:GetService("Debris"):AddItem(vp,.5)
                elseif Type=="Up" then
                local bodyVelocity=Instance.new("BodyVelocity")
                bodyVelocity.velocity=vt(0,60,0)
                bodyVelocity.P=5000
                bodyVelocity.maxForce=Vector3.new(8e+003, 8e+003, 8e+003)
                bodyVelocity.Parent=hit
                game:GetService("Debris"):AddItem(bodyVelocity,1)
                rl=Instance.new("BodyAngularVelocity")
                rl.P=3000
                rl.maxTorque=Vector3.new(500000,500000,500000)*50000000000000
                rl.angularvelocity=Vector3.new(math.random(-30,30),math.random(-30,30),math.random(-30,30))
                rl.Parent=hit
                game:GetService("Debris"):AddItem(rl,.5)
                elseif Type=="Snare" then
                bp=Instance.new("BodyPosition")
                bp.P=2000
                bp.D=100
                bp.maxForce=Vector3.new(math.huge,math.huge,math.huge)
                bp.position=hit.Parent.Torso.Position
                bp.Parent=hit.Parent.Torso
                game:GetService("Debris"):AddItem(bp,1)
                elseif Type=="Target" then
                if Targetting==false then
                ZTarget=hit.Parent.Torso
                coroutine.resume(coroutine.create(function(Part) 
                so("http://www.roblox.com/asset/?id=15666462",Part,1,1.5) 
                swait(5)
                so("http://www.roblox.com/asset/?id=15666462",Part,1,1.5) 
                end),ZTarget)
                TargHum=ZTarget.Parent:findFirstChild("Humanoid")
                targetgui=Instance.new("BillboardGui")
                targetgui.Parent=ZTarget
                targetgui.Size=UDim2.new(10,100,10,100)
                targ=Instance.new("ImageLabel")
                targ.Parent=targetgui
                targ.BackgroundTransparency=1
                targ.Image="rbxassetid://4834067"
                targ.Size=UDim2.new(1,0,1,0)
                cam.CameraType="Scriptable"
                cam.CoordinateFrame=CFrame.new(Head.CFrame.p,ZTarget.Position)
                dir=Vector3.new(cam.CoordinateFrame.lookVector.x,0,cam.CoordinateFrame.lookVector.z)
                workspace.CurrentCamera.CoordinateFrame=CFrame.new(Head.CFrame.p,ZTarget.Position)
                Targetting=true
                RocketTarget=ZTarget
                for i=1,Property do
                --while Targetting==true and Humanoid.Health>0 and Character.Parent~=nil do
                if Humanoid.Health>0 and Character.Parent~=nil and TargHum.Health>0 and TargHum.Parent~=nil and Targetting==true then
                swait()
                end
                --workspace.CurrentCamera.CoordinateFrame=CFrame.new(Head.CFrame.p,Head.CFrame.p+rmdir*100)
                cam.CoordinateFrame=CFrame.new(Head.CFrame.p,ZTarget.Position)
                dir=Vector3.new(cam.CoordinateFrame.lookVector.x,0,cam.CoordinateFrame.lookVector.z)
                cam.CoordinateFrame=CFrame.new(Head.CFrame.p,ZTarget.Position)*cf(0,5,10)*euler(-0.3,0,0)
                end
                Targetting=false
                RocketTarget=nil
                targetgui.Parent=nil
                cam.CameraType="Custom"
                end
                end
                        debounce=Instance.new("BoolValue")
                        debounce.Name="DebounceHit"
                        debounce.Parent=hit.Parent
                        debounce.Value=true
                        game:GetService("Debris"):AddItem(debounce,Delay)
                        c=Instance.new("ObjectValue")
                        c.Name="creator"
                        c.Value=Player
                        c.Parent=h
                        game:GetService("Debris"):AddItem(c,.5)
                CRIT=false
                hitDeb=true
                AttackPos=6
        end
end
 
showDamage=function(Char,Dealt,du,Color)
        m=Instance.new("Model")
        m.Name=tostring(Dealt)
        h=Instance.new("Humanoid")
        h.Health=0
        h.MaxHealth=0
        h.Parent=m
        c=Instance.new("Part")
        c.Transparency=0
        c.BrickColor=Color
        c.Name="Head"
        c.TopSurface=0
        c.BottomSurface=0
        c.formFactor="Plate"
        c.Size=Vector3.new(1,.4,1)
        ms=Instance.new("CylinderMesh")
        ms.Scale=Vector3.new(.8,.8,.8)
        if CRIT==true then
                ms.Scale=Vector3.new(1,1.25,1)
        end
        ms.Parent=c
        c.Reflectance=0
        Instance.new("BodyGyro").Parent=c
        c.Parent=m
        if Char:findFirstChild("Head")~=nil then
        c.CFrame=CFrame.new(Char["Head"].CFrame.p+Vector3.new(0,1.5,0))
        elseif Char.Parent:findFirstChild("Head")~=nil then
        c.CFrame=CFrame.new(Char.Parent["Head"].CFrame.p+Vector3.new(0,1.5,0))
        end
        f=Instance.new("BodyPosition")
        f.P=2000
        f.D=100
        f.maxForce=Vector3.new(math.huge,math.huge,math.huge)
        f.position=c.Position+Vector3.new(0,3,0)
        f.Parent=c
        game:GetService("Debris"):AddItem(m,.5+du)
        c.CanCollide=false
        m.Parent=workspace
        c.CanCollide=false
end

Player=game:GetService('Players').LocalPlayer
Character=Player.Character
Mouse=Player:GetMouse()
m=Instance.new('Model',Character)
it=Instance.new
function nooutline(part)
	part.TopSurface,part.BottomSurface,part.LeftSurface,part.RightSurface,part.FrontSurface,part.BackSurface = 10,10,10,10,10,10
end
function part(formfactor,parent,material,reflectance,transparency,brickcolor,name,size)
	local fp=it("Part")
	fp.formFactor=formfactor
	fp.Parent=parent
	fp.Reflectance=reflectance
	fp.Transparency=transparency
	fp.CanCollide=false
	fp.Locked=true
	fp.BrickColor=BrickColor.new(tostring(brickcolor))
	fp.Name=name
	fp.Size=size
	fp.Position=Character.Torso.Position
	nooutline(fp)
	fp.Material=material
	fp:BreakJoints()
	return fp
end
function mesh(Mesh,part,meshtype,meshid,offset,scale)
	local mesh=it(Mesh)
	mesh.Parent=part
	if Mesh=="SpecialMesh" then
		mesh.MeshType=meshtype
		mesh.MeshId=meshid
	end
	mesh.Offset=offset
	mesh.Scale=scale
	return mesh
end
function weld(parent,part0,part1,c0,c1)
	local weld=it("Weld")
	weld.Parent=parent
	weld.Part0=part0
	weld.Part1=part1
	weld.C0=c0
	weld.C1=c1
	return weld
end

Player=game:GetService('Players').LocalPlayer
Character=Player.Character
Mouse=Player:GetMouse()
m=Instance.new('Model',Character)
it=Instance.new
function nooutline(part)
	part.TopSurface,part.BottomSurface,part.LeftSurface,part.RightSurface,part.FrontSurface,part.BackSurface = 10,10,10,10,10,10
end
function part(formfactor,parent,material,reflectance,transparency,brickcolor,name,size)
	local fp=it("Part")
	fp.formFactor=formfactor
	fp.Parent=parent
	fp.Reflectance=reflectance
	fp.Transparency=transparency
	fp.CanCollide=false
	fp.Locked=true
	fp.BrickColor=BrickColor.new(tostring(brickcolor))
	fp.Name=name
	fp.Size=size
	fp.Position=Character.Torso.Position
	nooutline(fp)
	fp.Material=material
	fp:BreakJoints()
	return fp
end
function mesh(Mesh,part,meshtype,meshid,offset,scale)
	local mesh=it(Mesh)
	mesh.Parent=part
	if Mesh=="SpecialMesh" then
		mesh.MeshType=meshtype
		mesh.MeshId=meshid
	end
	mesh.Offset=offset
	mesh.Scale=scale
	return mesh
end
function weld(parent,part0,part1,c0,c1)
	local weld=it("Weld")
	weld.Parent=parent
	weld.Part0=part0
	weld.Part1=part1
	weld.C0=c0
	weld.C1=c1
	return weld
end

Handle=part(Enum.FormFactor.Custom,m,Enum.Material.Marble,0,0,"Pastel yellow","Handle",Vector3.new(0.399999976, 6.5999999, 0.800000012))
handleweld=weld(m,Character["Right Arm"],Handle,CFrame.new(0, 0, 0, 1, 0, 0, 0, 0.999994874, 0, 0, 0, 1),CFrame.new(0.0507202148, -2.52714539, 1.07002306, 0.999999821, 6.20720975e-011, -2.65615972e-006, -2.46790319e-006, 6.73400718e-005, -0.999999821, 1.31964842e-010, 0.999999821, 7.32520348e-005))
mesh("CylinderMesh",Handle,"","",Vector3.new(0, 0, 0),Vector3.new(1, 1, 1))
Part=part(Enum.FormFactor.Custom,m,Enum.Material.Neon,0,0,"Cool yellow","Part",Vector3.new(0.200000003, 0.200000003, 2.19999981))
Partweld=weld(m,Handle,Part,CFrame.new(0, 0, 0, 0.999999821, 6.20720975e-011, -2.65615972e-006, -2.46790319e-006, 6.73400718e-005, -0.999999821, 1.31964842e-010, 0.999999821, 7.32520348e-005),CFrame.new(-0.000564575195, 7.66964722, 1.47541952, 0.999999821, -3.44649777e-007, -2.91872539e-006, 2.73044566e-006, -6.73997056e-005, 0.999999821, -3.44861661e-007, -0.999999821, -7.3311603e-005))
mesh("BlockMesh",Part,"","",Vector3.new(0, 0, 0),Vector3.new(1.00999999, 0.300000012, 1))
Part=part(Enum.FormFactor.Custom,m,Enum.Material.Neon,0,0,"Cool yellow","Part",Vector3.new(0.200000003, 0.200000003, 2.19999981))
Partweld=weld(m,Handle,Part,CFrame.new(0, 0, 0, 0.999999821, 6.20720975e-011, -2.65615972e-006, -2.46790319e-006, 6.73400718e-005, -0.999999821, 1.31964842e-010, 0.999999821, 7.32520348e-005),CFrame.new(-0.000564575195, 7.66740417, -1.51460314, 0.999999821, -3.44649777e-007, -2.91872539e-006, 2.73044566e-006, -6.73997056e-005, 0.999999821, -3.44861661e-007, -0.999999821, -7.3311603e-005))
mesh("BlockMesh",Part,"","",Vector3.new(0, 0, 0),Vector3.new(1.00999999, 0.300000012, 1))
Part=part(Enum.FormFactor.Custom,m,Enum.Material.Neon,0,0,"Cool yellow","Part",Vector3.new(0.200000003, 0.200000003, 3))
Partweld=weld(m,Handle,Part,CFrame.new(0, 0, 0, 0.999999821, 6.20720975e-011, -2.65615972e-006, -2.46790319e-006, 6.73400718e-005, -0.999999821, 1.31964842e-010, 0.999999821, 7.32520348e-005),CFrame.new(-0.000556945801, 7.2594986, -2.07578278, 0.999999821, -3.98708266e-008, -2.78470065e-006, 1.80762606e-006, -0.707154274, 0.707054794, -1.86429861e-006, -0.707058966, -0.707158446))
mesh("BlockMesh",Part,"","",Vector3.new(0, 0, 0),Vector3.new(1.00999999, 0.300000012, 1))
Part=part(Enum.FormFactor.Custom,m,Enum.Material.Neon,0,0,"Cool yellow","Part",Vector3.new(0.200000003, 0.200000003, 3.79999995))
Partweld=weld(m,Handle,Part,CFrame.new(0, 0, 0, 0.999999821, 6.20720975e-011, -2.65615972e-006, -2.46790319e-006, 6.73400718e-005, -0.999999821, 1.31964842e-010, 0.999999821, 7.32520348e-005),CFrame.new(-0.000564575195, 7.67505646, -0.444343567, 0.999999642, -5.20824486e-008, -2.79772325e-006, 2.0444179e-006, -0.601868689, 0.798591197, -1.58032435e-006, -0.798594832, -0.601873219))
mesh("BlockMesh",Part,"","",Vector3.new(0, 0, 0),Vector3.new(1.00999999, 0.300000012, 1))
Part=part(Enum.FormFactor.Custom,m,Enum.Material.Neon,0,0,"Cool yellow","Part",Vector3.new(0.200000003, 1, 0.200000048))
Partweld=weld(m,Handle,Part,CFrame.new(0, 0, 0, 0.999999821, 6.20720975e-011, -2.65615972e-006, -2.46790319e-006, 6.73400718e-005, -0.999999821, 1.31964842e-010, 0.999999821, 7.32520348e-005),CFrame.new(-0.000564575195, 0.0484619141, -7.28675842, 0.999999821, -5.98131294e-007, -3.56129613e-006, 1.96194651e-006, -0.707154334, 0.707054913, -2.80819268e-006, -0.707059085, -0.707158506))
mesh("SpecialMesh",Part,Enum.MeshType.Wedge,"",Vector3.new(0, 0, 0),Vector3.new(1.00999999, 1, 0.300000012))
Part=part(Enum.FormFactor.Custom,m,Enum.Material.Neon,0,0,"Cool yellow","Part",Vector3.new(0.200000003, 1, 0.200000048))
Partweld=weld(m,Handle,Part,CFrame.new(0, 0, 0, 0.999999821, 6.20720975e-011, -2.65615972e-006, -2.46790319e-006, 6.73400718e-005, -0.999999821, 1.31964842e-010, 0.999999821, 7.32520348e-005),CFrame.new(0.000564575195, -1.95571899, -7.67503357, -1.00000417, 1.01207308e-006, 2.75585353e-006, 2.3536104e-006, 0.798599243, 0.60187608, -1.44131911e-006, 0.601875842, -0.798596144))
mesh("SpecialMesh",Part,Enum.MeshType.Wedge,"",Vector3.new(0, 0, 0),Vector3.new(1.00999999, 1, 0.300000012))
Part=part(Enum.FormFactor.Custom,m,Enum.Material.Neon,0,0,"Cool yellow","Part",Vector3.new(0.200000003, 0.99999994, 0.200000048))
Partweld=weld(m,Handle,Part,CFrame.new(0, 0, 0, 0.999999821, 6.20720975e-011, -2.65615972e-006, -2.46790319e-006, 6.73400718e-005, -0.999999821, 1.31964842e-010, 0.999999821, 7.32520348e-005),CFrame.new(-0.000564575195, -1.98649597, -7.69823456, 0.999999821, -4.62420445e-007, -3.67828466e-006, 1.73081651e-006, -0.798675954, 0.601756394, -3.06568472e-006, -0.601761043, -0.798679531))
mesh("SpecialMesh",Part,Enum.MeshType.Wedge,"",Vector3.new(0, 0, 0),Vector3.new(1.00999999, 1, 0.300000012))
Part=part(Enum.FormFactor.Custom,m,Enum.Material.Neon,0,0,"Cool yellow","Part",Vector3.new(0.200000003, 0.200000003, 3))
Partweld=weld(m,Handle,Part,CFrame.new(0, 0, 0, 0.999999821, 6.20720975e-011, -2.65615972e-006, -2.46790319e-006, 6.73400718e-005, -0.999999821, 1.31964842e-010, 0.999999821, 7.32520348e-005),CFrame.new(0.000564575195, 7.2868042, -2.04853058, -0.999999821, 3.65708871e-007, 2.25400572e-006, 1.71940098e-006, 0.707059085, 0.707158446, -1.20197456e-006, 0.707154274, -0.707054913))
mesh("BlockMesh",Part,"","",Vector3.new(0, 0, 0),Vector3.new(1.00999999, 0.300000012, 1))
Part=part(Enum.FormFactor.Custom,m,Enum.Material.Neon,0,0,"Cool yellow","Part",Vector3.new(0.200000003, 1, 0.200000048))
Partweld=weld(m,Handle,Part,CFrame.new(0, 0, 0, 0.999999821, 6.20720975e-011, -2.65615972e-006, -2.46790319e-006, 6.73400718e-005, -0.999999821, 1.31964842e-010, 0.999999821, 7.32520348e-005),CFrame.new(0.000564575195, 0.0756988525, -7.25950623, -1.00000417, 1.07557219e-006, 2.81106031e-006, 2.61523587e-006, 0.707061827, 0.707162321, -1.09386144e-006, 0.70716244, -0.707058728))
mesh("SpecialMesh",Part,Enum.MeshType.Wedge,"",Vector3.new(0, 0, 0),Vector3.new(1.00999999, 1, 0.300000012))
Part=part(Enum.FormFactor.Custom,m,Enum.Material.Neon,0,0,"Cool yellow","Part",Vector3.new(0.200000003, 0.200000003, 4.5999999))
Partweld=weld(m,Handle,Part,CFrame.new(0, 0, 0, 0.999999821, 6.20720975e-011, -2.65615972e-006, -2.46790319e-006, 6.73400718e-005, -0.999999821, 1.31964842e-010, 0.999999821, 7.32520348e-005),CFrame.new(-0.000564575195, 7.92796326, 0.682914734, 0.999999821, -1.3379514e-007, -2.85678175e-006, 2.24400219e-006, -0.500058174, 0.865988493, -1.45030845e-006, -0.865991473, -0.5000633))
mesh("BlockMesh",Part,"","",Vector3.new(0, 0, 0),Vector3.new(1.00999999, 0.300000012, 1))
Part=part(Enum.FormFactor.Custom,m,Enum.Material.Neon,0,0,"Cool yellow","Part",Vector3.new(0.200000003, 0.200000003, 3.79999995))
Partweld=weld(m,Handle,Part,CFrame.new(0, 0, 0, 0.999999821, 6.20720975e-011, -2.65615972e-006, -2.46790319e-006, 6.73400718e-005, -0.999999821, 1.31964842e-010, 0.999999821, 7.32520348e-005),CFrame.new(0.000564575195, 7.69830322, -0.413574219, -0.999999583, 3.42691209e-007, 2.2613026e-006, 1.86686486e-006, 0.601761103, 0.798679531, -9.57987822e-007, 0.798675895, -0.601756394))
mesh("BlockMesh",Part,"","",Vector3.new(0, 0, 0),Vector3.new(1.00999999, 0.300000012, 1))
Part=part(Enum.FormFactor.Custom,m,Enum.Material.Neon,0,0,"Cool yellow","Part",Vector3.new(0.200000003, 0.200000003, 4.5999999))
Partweld=weld(m,Handle,Part,CFrame.new(0, 0, 0, 0.999999821, 6.20720975e-011, -2.65615972e-006, -2.46790319e-006, 6.73400718e-005, -0.999999821, 1.31964842e-010, 0.999999821, 7.32520348e-005),CFrame.new(0.00057220459, 7.94728088, 0.716293335, -0.999999821, -1.33946315e-007, 2.85676219e-006, 2.24413407e-006, 0.499941558, 0.866061687, -1.45007982e-006, 0.866058707, -0.499936432))
mesh("BlockMesh",Part,"","",Vector3.new(0, 0, 0),Vector3.new(1.00999999, 0.300000012, 1))
Hitbox=part(Enum.FormFactor.Custom,m,Enum.Material.Marble,0,1,"Pastel yellow","Hitbox",Vector3.new(0.399999976, 2.95000029, 8.42000008))
Hitboxweld=weld(m,Handle,Hitbox,CFrame.new(0, 0, 0, 0.999999821, 6.20720975e-011, -2.65615972e-006, -2.46790319e-006, 6.73400718e-005, -0.999999821, 1.31964842e-010, 0.999999821, 7.32520348e-005),CFrame.new(-1.52587891e-005, -7.13064575, -0.259962082, 0.999999821, 6.20720975e-011, -2.65615972e-006, -2.46790319e-006, 6.73400718e-005, -0.999999821, 1.31964842e-010, 0.999999821, 7.32520348e-005))
Part=part(Enum.FormFactor.Custom,m,Enum.Material.Marble,0,0,"Pastel yellow","Part",Vector3.new(0.200000003, 0.600000024, 0.800000191))
Partweld=weld(m,Handle,Part,CFrame.new(0, 0, 0, 0.999999821, 6.20720975e-011, -2.65615972e-006, -2.46790319e-006, 6.73400718e-005, -0.999999821, 1.31964842e-010, 0.999999821, 7.32520348e-005),CFrame.new(-0.000549316406, 7.32797241, 3.78292847, 0.999999821, -5.95495209e-008, -2.55292593e-006, 2.01799162e-006, -0.500058293, 0.865988672, -1.23406596e-006, -0.865991652, -0.50006336))
mesh("SpecialMesh",Part,Enum.MeshType.Wedge,"",Vector3.new(0, 0, 0),Vector3.new(1, 1, 1))
Part=part(Enum.FormFactor.Custom,m,Enum.Material.Marble,0,0,"Pastel yellow","Part",Vector3.new(4.20000029, 0.200000003, 1.19999993))
Partweld=weld(m,Handle,Part,CFrame.new(0, 0, 0, 0.999999821, 6.20720975e-011, -2.65615972e-006, -2.46790319e-006, 6.73400718e-005, -0.999999821, 1.31964842e-010, 0.999999821, 7.32520348e-005),CFrame.new(-1.2829361, 0.000549316406, 7.62794495, 1.23406596e-006, 0.865991652, 0.50006336, -0.999999821, 5.95495209e-008, 2.55292593e-006, 2.01799162e-006, -0.500058293, 0.865988672))
mesh("BlockMesh",Part,"","",Vector3.new(0, 0, 0),Vector3.new(1, 1, 1))
Part=part(Enum.FormFactor.Custom,m,Enum.Material.Marble,0,0,"Pastel yellow","Part",Vector3.new(0.200000003, 0.600000024, 0.800000191))
Partweld=weld(m,Handle,Part,CFrame.new(0, 0, 0, 0.999999821, 6.20720975e-011, -2.65615972e-006, -2.46790319e-006, 6.73400718e-005, -0.999999821, 1.31964842e-010, 0.999999821, 7.32520348e-005),CFrame.new(0.000549316406, 7.32798767, 1.21704102, -0.999999821, 5.95495209e-008, 2.55292593e-006, 2.01799162e-006, -0.500058293, 0.865988672, 1.23406596e-006, 0.865991652, 0.50006336))
mesh("SpecialMesh",Part,Enum.MeshType.Wedge,"",Vector3.new(0, 0, 0),Vector3.new(1, 1, 1))
Part=part(Enum.FormFactor.Custom,m,Enum.Material.Marble,0,0,"Pastel yellow","Part",Vector3.new(0.200000003, 0.600000024, 0.800000191))
Partweld=weld(m,Handle,Part,CFrame.new(0, 0, 0, 0.999999821, 6.20720975e-011, -2.65615972e-006, -2.46790319e-006, 6.73400718e-005, -0.999999821, 1.31964842e-010, 0.999999821, 7.32520348e-005),CFrame.new(-0.000549316406, -7.94722748, 3.81633759, 0.999999821, 5.96597474e-008, -2.55291707e-006, -2.01812372e-006, -0.499941617, -0.866061866, -1.23383734e-006, 0.866058886, -0.499936491))
mesh("SpecialMesh",Part,Enum.MeshType.Wedge,"",Vector3.new(0, 0, 0),Vector3.new(1, 1, 1))
Part=part(Enum.FormFactor.Custom,m,Enum.Material.Marble,0,0,"Pastel yellow","Part",Vector3.new(0.200000003, 0.600000024, 0.800000191))
Partweld=weld(m,Handle,Part,CFrame.new(0, 0, 0, 0.999999821, 6.20720975e-011, -2.65615972e-006, -2.46790319e-006, 6.73400718e-005, -0.999999821, 1.31964842e-010, 0.999999821, 7.32520348e-005),CFrame.new(0.000549316406, 7.34732819, 3.81626892, -0.999999821, -5.96597474e-008, 2.55291707e-006, 2.01812372e-006, 0.499941617, 0.866061866, -1.23383734e-006, 0.866058886, -0.499936491))
mesh("SpecialMesh",Part,Enum.MeshType.Wedge,"",Vector3.new(0, 0, 0),Vector3.new(1, 1, 1))
Part=part(Enum.FormFactor.Custom,m,Enum.Material.Marble,0,0,"Pastel yellow","Part",Vector3.new(0.200000003, 0.600000024, 0.800000191))
Partweld=weld(m,Handle,Part,CFrame.new(0, 0, 0, 0.999999821, 6.20720975e-011, -2.65615972e-006, -2.46790319e-006, 6.73400718e-005, -0.999999821, 1.31964842e-010, 0.999999821, 7.32520348e-005),CFrame.new(0.000549316406, -7.92785645, 3.78297424, -0.999999821, 5.95495209e-008, 2.55292593e-006, -2.01799162e-006, 0.500058293, -0.865988672, -1.23406596e-006, -0.865991652, -0.50006336))
mesh("SpecialMesh",Part,Enum.MeshType.Wedge,"",Vector3.new(0, 0, 0),Vector3.new(1, 1, 1))
Part=part(Enum.FormFactor.Custom,m,Enum.Material.Marble,0,0,"Pastel yellow","Part",Vector3.new(0.200000003, 0.600000024, 0.800000191))
Partweld=weld(m,Handle,Part,CFrame.new(0, 0, 0, 0.999999821, 6.20720975e-011, -2.65615972e-006, -2.46790319e-006, 6.73400718e-005, -0.999999821, 1.31964842e-010, 0.999999821, 7.32520348e-005),CFrame.new(0.000549316406, -7.94728851, 1.18369293, -0.999999821, -5.96597474e-008, 2.55291707e-006, -2.01812372e-006, -0.499941617, -0.866061866, 1.23383734e-006, -0.866058886, 0.499936491))
mesh("SpecialMesh",Part,Enum.MeshType.Wedge,"",Vector3.new(0, 0, 0),Vector3.new(1, 1, 1))
Part=part(Enum.FormFactor.Custom,m,Enum.Material.Marble,0,0,"Pastel yellow","Part",Vector3.new(4.20000029, 0.200000003, 1.19999993))
Partweld=weld(m,Handle,Part,CFrame.new(0, 0, 0, 0.999999821, 6.20720975e-011, -2.65615972e-006, -2.46790319e-006, 6.73400718e-005, -0.999999821, 1.31964842e-010, 0.999999821, 7.32520348e-005),CFrame.new(1.31630707, 0.000549316406, 7.64728546, -1.23383734e-006, 0.866058886, -0.499936491, -0.999999821, -5.96597474e-008, 2.55291707e-006, 2.01812372e-006, 0.499941617, 0.866061866))
mesh("BlockMesh",Part,"","",Vector3.new(0, 0, 0),Vector3.new(1, 1, 1))
Part=part(Enum.FormFactor.Custom,m,Enum.Material.Marble,0,0,"Pastel yellow","Part",Vector3.new(0.200000003, 0.600000024, 0.800000191))
Partweld=weld(m,Handle,Part,CFrame.new(0, 0, 0, 0.999999821, 6.20720975e-011, -2.65615972e-006, -2.46790319e-006, 6.73400718e-005, -0.999999821, 1.31964842e-010, 0.999999821, 7.32520348e-005),CFrame.new(-0.000549316406, 7.34729767, 1.18365479, 0.999999821, 5.96597474e-008, -2.55291707e-006, 2.01812372e-006, 0.499941617, 0.866061866, 1.23383734e-006, -0.866058886, 0.499936491))
mesh("SpecialMesh",Part,Enum.MeshType.Wedge,"",Vector3.new(0, 0, 0),Vector3.new(1, 1, 1))
Part=part(Enum.FormFactor.Custom,m,Enum.Material.Marble,0,0,"Pastel yellow","Part",Vector3.new(0.200000003, 0.600000024, 0.800000191))
Partweld=weld(m,Handle,Part,CFrame.new(0, 0, 0, 0.999999821, 6.20720975e-011, -2.65615972e-006, -2.46790319e-006, 6.73400718e-005, -0.999999821, 1.31964842e-010, 0.999999821, 7.32520348e-005),CFrame.new(-0.000549316406, -7.92796326, 1.2170639, 0.999999821, -5.95495209e-008, -2.55292593e-006, -2.01799162e-006, 0.500058293, -0.865988672, 1.23406596e-006, 0.865991652, 0.50006336))
mesh("SpecialMesh",Part,Enum.MeshType.Wedge,"",Vector3.new(0, 0, 0),Vector3.new(1, 1, 1))
Part=part(Enum.FormFactor.Custom,m,Enum.Material.SmoothPlastic,0,0,"Pastel light blue","Part",Vector3.new(0.200000003, 0.800000012, 1.20000017))
Partweld=weld(m,Handle,Part,CFrame.new(0, 0, 0, 0.999999821, 6.20720975e-011, -2.65615972e-006, -2.46790319e-006, 6.73400718e-005, -0.999999821, 1.31964842e-010, 0.999999821, 7.32520348e-005),CFrame.new(0.000549316406, 7.22796631, 1.41705322, -0.999999821, 5.95495209e-008, 2.55292593e-006, 2.01799162e-006, -0.500058293, 0.865988672, 1.23406596e-006, 0.865991652, 0.50006336))
mesh("SpecialMesh",Part,Enum.MeshType.Wedge,"",Vector3.new(0, 0, 0),Vector3.new(0.980000019, 1, 1))
Part=part(Enum.FormFactor.Custom,m,Enum.Material.SmoothPlastic,0,0,"Pastel light blue","Part",Vector3.new(0.200000003, 0.600000024, 2.20000029))
Partweld=weld(m,Handle,Part,CFrame.new(0, 0, 0, 0.999999821, 6.20720975e-011, -2.65615972e-006, -2.46790319e-006, 6.73400718e-005, -0.999999821, 1.31964842e-010, 0.999999821, 7.32520348e-005),CFrame.new(0.000602722168, 8.04922485, 2.2826767, -0.999999821, -1.03368154e-006, 1.92164384e-006, 1.9565648e-006, -0.707154155, 0.707055032, 4.9492246e-007, 0.707059205, 0.707158327))
mesh("SpecialMesh",Part,Enum.MeshType.Wedge,"",Vector3.new(0, 0, 0),Vector3.new(0.959999979, 1, 1))
Part=part(Enum.FormFactor.Custom,m,Enum.Material.SmoothPlastic,0,0,"Pastel light blue","Part",Vector3.new(4.20000029, 0.200000003, 1.60000002))
Partweld=weld(m,Handle,Part,CFrame.new(0, 0, 0, 0.999999821, 6.20720975e-011, -2.65615972e-006, -2.46790319e-006, 6.73400718e-005, -0.999999821, 1.31964842e-010, 0.999999821, 7.32520348e-005),CFrame.new(-1.2829361, 0.000564575195, 7.62794495, 1.23406596e-006, 0.865991652, 0.50006336, -0.999999821, 5.95495209e-008, 2.55292593e-006, 2.01799162e-006, -0.500058293, 0.865988672))
mesh("BlockMesh",Part,"","",Vector3.new(0, 0, 0),Vector3.new(1, 0.980000019, 1))
Part=part(Enum.FormFactor.Custom,m,Enum.Material.SmoothPlastic,0,0,"Pastel light blue","Part",Vector3.new(0.200000003, 0.600000024, 2.20000029))
Partweld=weld(m,Handle,Part,CFrame.new(0, 0, 0, 0.999999821, 6.20720975e-011, -2.65615972e-006, -2.46790319e-006, 6.73400718e-005, -0.999999821, 1.31964842e-010, 0.999999821, 7.32520348e-005),CFrame.new(-0.000541687012, -7.86872101, 4.7230072, 0.999999821, 6.18751557e-008, -2.79253641e-006, -7.33608772e-007, 0.965943217, -0.258748204, 2.49958407e-006, 0.258753926, 0.965944707))
mesh("SpecialMesh",Part,Enum.MeshType.Wedge,"",Vector3.new(0, 0, 0),Vector3.new(0.959999979, 1, 1))
Part=part(Enum.FormFactor.Custom,m,Enum.Material.SmoothPlastic,0,0,"Pastel light blue","Part",Vector3.new(0.200000003, 0.800000012, 1.20000017))
Partweld=weld(m,Handle,Part,CFrame.new(0, 0, 0, 0.999999821, 6.20720975e-011, -2.65615972e-006, -2.46790319e-006, 6.73400718e-005, -0.999999821, 1.31964842e-010, 0.999999821, 7.32520348e-005),CFrame.new(-0.000549316406, -8.02798462, 1.41706085, 0.999999821, -5.95495209e-008, -2.55292593e-006, -2.01799162e-006, 0.500058293, -0.865988672, 1.23406596e-006, 0.865991652, 0.50006336))
mesh("SpecialMesh",Part,Enum.MeshType.Wedge,"",Vector3.new(0, 0, 0),Vector3.new(0.980000019, 1, 1))
Part=part(Enum.FormFactor.Custom,m,Enum.Material.SmoothPlastic,0,0,"Pastel light blue","Part",Vector3.new(0.200000003, 0.800000012, 1.20000017))
Partweld=weld(m,Handle,Part,CFrame.new(0, 0, 0, 0.999999821, 6.20720975e-011, -2.65615972e-006, -2.46790319e-006, 6.73400718e-005, -0.999999821, 1.31964842e-010, 0.999999821, 7.32520348e-005),CFrame.new(0.000549316406, -8.04729462, 1.38368225, -0.999999821, -5.96597474e-008, 2.55291707e-006, -2.01812372e-006, -0.499941617, -0.866061866, 1.23383734e-006, -0.866058886, 0.499936491))
mesh("SpecialMesh",Part,Enum.MeshType.Wedge,"",Vector3.new(0, 0, 0),Vector3.new(0.980000019, 1, 1))
Part=part(Enum.FormFactor.Custom,m,Enum.Material.SmoothPlastic,0,0,"Pastel light blue","Part",Vector3.new(0.200000003, 0.600000024, 2.20000029))
Partweld=weld(m,Handle,Part,CFrame.new(0, 0, 0, 0.999999821, 6.20720975e-011, -2.65615972e-006, -2.46790319e-006, 6.73400718e-005, -0.999999821, 1.31964842e-010, 0.999999821, 7.32520348e-005),CFrame.new(0.000549316406, -7.90600586, 4.71310425, -0.999999821, 6.17326492e-008, 2.79254573e-006, -7.33863715e-007, -0.965908289, -0.258889705, 2.49951563e-006, -0.258883983, 0.965906799))
mesh("SpecialMesh",Part,Enum.MeshType.Wedge,"",Vector3.new(0, 0, 0),Vector3.new(0.959999979, 1, 1))
Part=part(Enum.FormFactor.Custom,m,Enum.Material.SmoothPlastic,0,0,"Pastel light blue","Part",Vector3.new(0.200000003, 0.600000024, 2.20000029))
Partweld=weld(m,Handle,Part,CFrame.new(0, 0, 0, 0.999999821, 6.20720975e-011, -2.65615972e-006, -2.46790319e-006, 6.73400718e-005, -0.999999821, 1.31964842e-010, 0.999999821, 7.32520348e-005),CFrame.new(0.000579833984, -8.19786835, 3.0612793, -0.999999821, 1.67408443e-009, 3.03368324e-006, -1.42435294e-006, -0.865991592, -0.5000633, 2.46326499e-006, -0.500058234, 0.865988612))
mesh("SpecialMesh",Part,Enum.MeshType.Wedge,"",Vector3.new(0, 0, 0),Vector3.new(0.959999979, 1, 1))
Part=part(Enum.FormFactor.Custom,m,Enum.Material.SmoothPlastic,0,0,"Pastel light blue","Part",Vector3.new(0.200000003, 0.600000024, 2.20000029))
Partweld=weld(m,Handle,Part,CFrame.new(0, 0, 0, 0.999999821, 6.20720975e-011, -2.65615972e-006, -2.46790319e-006, 6.73400718e-005, -0.999999821, 1.31964842e-010, 0.999999821, 7.32520348e-005),CFrame.new(-0.000610351563, 8.07653809, 2.25543213, 0.999999821, -1.03365596e-006, -1.9217955e-006, 1.95675148e-006, 0.707058907, 0.707158625, 4.94735673e-007, -0.707154453, 0.707054734))
