Player=game:GetService("Players").LocalPlayer
Character=Player.Character 
PlayerGui=Player.PlayerGui
Backpack=Player.Backpack 
Torso=Character.Torso 
Head=Character.Head 
Humanoid=Character.Humanoid
LeftArm=Character["Left Arm"] 
LeftLeg=Character["Left Leg"] 
RightArm=Character["Right Arm"] 
RightLeg=Character["Right Leg"] 
LS=Torso["Left Shoulder"] 
LH=Torso["Left Hip"] 
RS=Torso["Right Shoulder"] 
RH=Torso["Right Hip"] 
Face = Head.face
Neck=Torso.Neck
it=Instance.new
attacktype=1
vt=Vector3.new
cf=CFrame.new
euler=CFrame.fromEulerAnglesXYZ
angles=CFrame.Angles
cloaked=false
necko=cf(0, 1, 0, -1, -0, -0, 0, 0, 1, 0, 1, 0)
necko2=cf(0, -0.5, 0, -1, -0, -0, 0, 0, 1, 0, 1, 0)
LHC0=cf(-1,-1,0,-0,-0,-1,0,1,0,1,0,0)
LHC1=cf(-0.5,1,0,-0,-0,-1,0,1,0,1,0,0)
RHC0=cf(1,-1,0,0,0,1,0,1,0,-1,-0,-0)
RHC1=cf(0.5,1,0,0,0,1,0,1,0,-1,-0,-0)
RootPart=Character.HumanoidRootPart
RootJoint=RootPart.RootJoint
RootCF=euler(-1.57,0,3.14)
attack = false 
attackdebounce = false 
deb=false
equipped=true
hand=false
MMouse=nil
combo=0
mana=0
trispeed=.2
attackmode='none'
local idle=0
local Anim="Idle"
local Effects={}
local gun=false
local shoot=false
player=nil 
mana=0
cam = workspace.CurrentCamera
ZTarget = nil
RocketTarget = nil
local m = Instance.new("Model",Character)
m.Name = "WeaponModel"

mouse=Player:GetMouse()
--save shoulders 
RSH, LSH=nil, nil 
--welds 
RW, LW=Instance.new("Weld"), Instance.new("Weld") 
RW.Name="Right Shoulder" LW.Name="Left Shoulder"
LH=Torso["Left Hip"]
RH=Torso["Right Hip"]
TorsoColor=Torso.BrickColor
function NoOutline(Part)
Part.TopSurface,Part.BottomSurface,Part.LeftSurface,Part.RightSurface,Part.FrontSurface,Part.BackSurface = 10,10,10,10,10,10
end
player=Player 
ch=Character
RSH=ch.Torso["Right Shoulder"] 
LSH=ch.Torso["Left Shoulder"] 
-- 
RSH.Parent=nil 
LSH.Parent=nil 
-- 
RW.Name="Right Shoulder"
RW.Part0=ch.Torso 
RW.C0=cf(1.5, 0.5, 0) --* CFrame.fromEulerAnglesXYZ(1.3, 0, -0.5) 
RW.C1=cf(0, 0.5, 0) 
RW.Part1=ch["Right Arm"] 
RW.Parent=ch.Torso 
-- 
LW.Name="Left Shoulder"
LW.Part0=ch.Torso 
LW.C0=cf(-1.5, 0.5, 0) --* CFrame.fromEulerAnglesXYZ(1.7, 0, 0.8) 
LW.C1=cf(0, 0.5, 0) 
LW.Part1=ch["Left Arm"] 
LW.Parent=ch.Torso 

	function swait(num)
    if num==0 or num==nil then
    game:service'RunService'.Heartbeat:wait(0)
    else
    for i=0,num do
    game:service'RunService'.Heartbeat:wait(0)
    end
    end
	    end
	
	function nooutline(part)
		part.TopSurface,part.BottomSurface,part.LeftSurface,part.RightSurface,part.FrontSurface,part.BackSurface = 10,10,10,10,10,10
	end
	
	function part(formfactor,parent,material,reflectance,transparency,brickcolor,name,size)
		local fp=it("Part")
		fp.formFactor=formfactor
		fp.Parent=parent
		fp.Reflectance=reflectance
		fp.Transparency=transparency
		fp.CanCollide=false
		fp.Locked=true
		fp.BrickColor=BrickColor.new(tostring(brickcolor))
		fp.Name=name
		fp.Size=size
		fp.Position=Character.Torso.Position
		nooutline(fp)
		fp.Material=material
		fp:BreakJoints()
		return fp
	end
	
	function mesh(Mesh,part,meshtype,meshid,offset,scale)
		local mesh=it(Mesh)
		mesh.Parent=part
		if Mesh=="SpecialMesh" then
			mesh.MeshType=meshtype
			mesh.MeshId=meshid
		end
		mesh.Offset=offset
		mesh.Scale=scale
		return mesh
	end
	
	function weld(parent,part0,part1,c0,c1)
		local weld=it("Weld")
		weld.Parent=parent
		weld.Part0=part0
		weld.Part1=part1
		weld.C0=c0
		weld.C1=c1
		return weld
	end
	
	
local function CFrameFromTopBack(at, top, back)
local right = top:Cross(back)
return CFrame.new(at.x, at.y, at.z,
right.x, top.x, back.x,
right.y, top.y, back.y,
right.z, top.z, back.z)
end

function Triangle(a, b, c)
local edg1 = (c-a):Dot((b-a).unit)
local edg2 = (a-b):Dot((c-b).unit)
local edg3 = (b-c):Dot((a-c).unit)
if edg1 <= (b-a).magnitude and edg1 >= 0 then
a, b, c = a, b, c
elseif edg2 <= (c-b).magnitude and edg2 >= 0 then
a, b, c = b, c, a
elseif edg3 <= (a-c).magnitude and edg3 >= 0 then
a, b, c = c, a, b
else
assert(false, "unreachable")
end
 
local len1 = (c-a):Dot((b-a).unit)
local len2 = (b-a).magnitude - len1
local width = (a + (b-a).unit*len1 - c).magnitude
 
local maincf = CFrameFromTopBack(a, (b-a):Cross(c-b).unit, -(b-a).unit)
 
local list = {}

local TrailColor = ("New Yeller")
 
if len1 > 0.01 then
local w1 = Instance.new('WedgePart', m)
game:GetService("Debris"):AddItem(w1,5)
w1.Material = "SmoothPlastic"
w1.FormFactor = 'Custom'
w1.BrickColor = BrickColor.new(TrailColor)
w1.Transparency = 0
w1.Reflectance = 0
w1.Material = "SmoothPlastic"
w1.CanCollide = false
NoOutline(w1)
local sz = Vector3.new(0.2, width, len1)
w1.Size = sz
local sp = Instance.new("SpecialMesh",w1)
sp.MeshType = "Wedge"
sp.Scale = Vector3.new(0,1,1) * sz/w1.Size
w1:BreakJoints()
w1.Anchored = true
w1.Parent = workspace
w1.Transparency = 0.7
table.insert(Effects,{w1,"Disappear",.01})
w1.CFrame = maincf*CFrame.Angles(math.pi,0,math.pi/2)*CFrame.new(0,width/2,len1/2)
table.insert(list,w1)
end
 
if len2 > 0.01 then
local w2 = Instance.new('WedgePart', m)
game:GetService("Debris"):AddItem(w2,5)
w2.Material = "SmoothPlastic"
w2.FormFactor = 'Custom'
w2.BrickColor = BrickColor.new(TrailColor)
w2.Transparency = 0
w2.Reflectance = 0
w2.Material = "SmoothPlastic"
w2.CanCollide = false
NoOutline(w2)
local sz = Vector3.new(0.2, width, len2)
w2.Size = sz
local sp = Instance.new("SpecialMesh",w2)
sp.MeshType = "Wedge"
sp.Scale = Vector3.new(0,1,1) * sz/w2.Size
w2:BreakJoints()
w2.Anchored = true
w2.Parent = workspace
w2.Transparency = 0.7
table.insert(Effects,{w2,"Disappear",.01})
w2.CFrame = maincf*CFrame.Angles(math.pi,math.pi,-math.pi/2)*CFrame.new(0,width/2,-len1 - len2/2)
table.insert(list,w2)
end
return unpack(list)
end
	
	
so = function(id,par,vol,pit) 
coroutine.resume(coroutine.create(function()
local sou = Instance.new("Sound",par or workspace)
sou.Volume=vol
sou.Pitch=pit or 1
sou.SoundId=id
swait() 
sou:play() 
game:GetService("Debris"):AddItem(sou,6)
end))
end
 
function clerp(a,b,t) 
local qa = {QuaternionFromCFrame(a)}
local qb = {QuaternionFromCFrame(b)} 
local ax, ay, az = a.x, a.y, a.z 
local bx, by, bz = b.x, b.y, b.z
local _t = 1-t
return QuaternionToCFrame(_t*ax + t*bx, _t*ay + t*by, _t*az + t*bz,QuaternionSlerp(qa, qb, t)) 
end 
 
function QuaternionFromCFrame(cf) 
local mx, my, mz, m00, m01, m02, m10, m11, m12, m20, m21, m22 = cf:components() 
local trace = m00 + m11 + m22 
if trace > 0 then 
local s = math.sqrt(1 + trace) 
local recip = 0.5/s 
return (m21-m12)*recip, (m02-m20)*recip, (m10-m01)*recip, s*0.5 
else 
local i = 0 
if m11 > m00 then
i = 1
end
if m22 > (i == 0 and m00 or m11) then 
i = 2 
end 
if i == 0 then 
local s = math.sqrt(m00-m11-m22+1) 
local recip = 0.5/s 
return 0.5*s, (m10+m01)*recip, (m20+m02)*recip, (m21-m12)*recip 
elseif i == 1 then 
local s = math.sqrt(m11-m22-m00+1) 
local recip = 0.5/s 
return (m01+m10)*recip, 0.5*s, (m21+m12)*recip, (m02-m20)*recip 
elseif i == 2 then 
local s = math.sqrt(m22-m00-m11+1) 
local recip = 0.5/s return (m02+m20)*recip, (m12+m21)*recip, 0.5*s, (m10-m01)*recip 
end 
end 
end
 
function QuaternionToCFrame(px, py, pz, x, y, z, w) 
local xs, ys, zs = x + x, y + y, z + z 
local wx, wy, wz = w*xs, w*ys, w*zs 
local xx = x*xs 
local xy = x*ys 
local xz = x*zs 
local yy = y*ys 
local yz = y*zs 
local zz = z*zs 
return CFrame.new(px, py, pz,1-(yy+zz), xy - wz, xz + wy,xy + wz, 1-(xx+zz), yz - wx, xz - wy, yz + wx, 1-(xx+yy)) 
end
 
function QuaternionSlerp(a, b, t) 
local cosTheta = a[1]*b[1] + a[2]*b[2] + a[3]*b[3] + a[4]*b[4] 
local startInterp, finishInterp; 
if cosTheta >= 0.0001 then 
if (1 - cosTheta) > 0.0001 then 
local theta = math.acos(cosTheta) 
local invSinTheta = 1/math.sin(theta) 
startInterp = math.sin((1-t)*theta)*invSinTheta 
finishInterp = math.sin(t*theta)*invSinTheta  
else 
startInterp = 1-t 
finishInterp = t 
end 
else 
if (1+cosTheta) > 0.0001 then 
local theta = math.acos(-cosTheta) 
local invSinTheta = 1/math.sin(theta) 
startInterp = math.sin((t-1)*theta)*invSinTheta 
finishInterp = math.sin(t*theta)*invSinTheta 
else 
startInterp = t-1 
finishInterp = t 
end 
end 
return a[1]*startInterp + b[1]*finishInterp, a[2]*startInterp + b[2]*finishInterp, a[3]*startInterp + b[3]*finishInterp, a[4]*startInterp + b[4]*finishInterp 
end

function rayCast(Pos, Dir, Max, Ignore)  -- Origin Position , Direction, MaxDistance , IgnoreDescendants
return game:service("Workspace"):FindPartOnRay(Ray.new(Pos, Dir.unit * (Max or 999.999)), Ignore) 
end 

Damagefunc=function(Part,hit,minim,maxim,knockback,Type,Property,Delay,KnockbackType,decreaseblock)
        if hit.Parent==nil then
                return
        end
        local h=hit.Parent:FindFirstChild("Humanoid")
        for _,v in pairs(hit.Parent:children()) do
        if v:IsA("Humanoid") then
        h=v
        end
        end
        if hit.Parent.Parent:FindFirstChild("Torso")~=nil then
        h=hit.Parent.Parent:FindFirstChild("Humanoid")
        end
        if hit.Parent.className=="Hat" then
        hit=hit.Parent.Parent:findFirstChild("Head")
        end
        if h~=nil and hit.Parent.Name~=Character.Name and hit.Parent:FindFirstChild("Torso")~=nil then
        if hit.Parent:findFirstChild("DebounceHit")~=nil then if hit.Parent.DebounceHit.Value==true then return end end
        --[[                if game.Players:GetPlayerFromCharacter(hit.Parent)~=nil then
                        return
                end]]
--                        hs(hit,1.2) 
                        local c=Instance.new("ObjectValue")
                        c.Name="creator"
                        c.Value=game:service("Players").LocalPlayer
                        c.Parent=h
                        game:GetService("Debris"):AddItem(c,.5)
                local Damage=math.random(minim,maxim)
--                h:TakeDamage(Damage)
                local  blocked=false
                local  block=hit.Parent:findFirstChild("Block")
                if block~=nil then
                print(block.className)
                if block.className=="NumberValue" then
                if block.Value>0 then
                blocked=true
                if decreaseblock==nil then
                block.Value=block.Value-1
                end
                end
                end
                if block.className=="IntValue" then
                if block.Value>0 then
                blocked=true
                if decreaseblock~=nil then
                block.Value=block.Value-1
                end
                end
                end
                end
                if blocked==false then
--                h:TakeDamage(Damage)
                h.Health=h.Health-Damage
                ShowDamage((Part.CFrame * CFrame.new(0, 0, (Part.Size.Z / 2)).p + Vector3.new(0, 1.5, 0)), -Damage, 1.5, Part.BrickColor.Color)
                else
                h.Health=h.Health-(Damage/2)
                ShowDamage((Part.CFrame * CFrame.new(0, 0, (Part.Size.Z / 2)).p + Vector3.new(0, 1.5, 0)), -Damage, 1.5, BrickColor.new("Bright blue").Color)
                end
                if Type=="Knockdown" then
                local hum=hit.Parent.Humanoid
hum.PlatformStand=true
coroutine.resume(coroutine.create(function(HHumanoid)
swait(1)
HHumanoid.PlatformStand=false
end),hum)
                local angle=(hit.Position-(Property.Position+Vector3.new(0,0,0))).unit
--hit.CFrame=CFrame.new(hit.Position,Vector3.new(angle.x,hit.Position.y,angle.z))*CFrame.fromEulerAnglesXYZ(math.pi/4,0,0)
local bodvol=Instance.new("BodyVelocity")
bodvol.velocity=angle*knockback
bodvol.P=5000
bodvol.maxForce=Vector3.new(8e+003, 8e+003, 8e+003)
bodvol.Parent=hit
local rl=Instance.new("BodyAngularVelocity")
rl.P=3000
rl.maxTorque=Vector3.new(500000,500000,500000)*50000000000000
rl.angularvelocity=Vector3.new(math.random(-10,10),math.random(-10,10),math.random(-10,10))
rl.Parent=hit
game:GetService("Debris"):AddItem(bodvol,.5)
game:GetService("Debris"):AddItem(rl,.5)
                elseif Type=="Normal" then
                local vp=Instance.new("BodyVelocity")
                vp.P=500
                vp.maxForce=Vector3.new(math.huge,0,math.huge)
--                vp.velocity=Character.Torso.CFrame.lookVector*Knockback
                if KnockbackType==1 then
                vp.velocity=Property.CFrame.lookVector*knockback+Property.Velocity/1.05
                elseif KnockbackType==2 then
                vp.velocity=Property.CFrame.lookVector*knockback
                end
                if knockback>0 then
                        vp.Parent=hit.Parent.Torso
                end
                game:GetService("Debris"):AddItem(vp,.5)
                elseif Type=="Up" then
                local bodyVelocity=Instance.new("BodyVelocity")
                bodyVelocity.velocity=vt(0,60,0)
                bodyVelocity.P=5000
                bodyVelocity.maxForce=Vector3.new(8e+003, 8e+003, 8e+003)
                bodyVelocity.Parent=hit
                game:GetService("Debris"):AddItem(bodyVelocity,1)
                local rl=Instance.new("BodyAngularVelocity")
                rl.P=3000
                rl.maxTorque=Vector3.new(500000,500000,500000)*50000000000000
                rl.angularvelocity=Vector3.new(math.random(-30,30),math.random(-30,30),math.random(-30,30))
                rl.Parent=hit
                game:GetService("Debris"):AddItem(rl,.5)
                elseif Type=="Snare" then
                local bp=Instance.new("BodyPosition")
                bp.P=2000
                bp.D=100
                bp.maxForce=Vector3.new(math.huge,math.huge,math.huge)
                bp.position=hit.Parent.Torso.Position
                bp.Parent=hit.Parent.Torso
                game:GetService("Debris"):AddItem(bp,1)
                elseif Type=="Target" then
	            local Targetting = false
                if Targetting==false then
                ZTarget=hit.Parent.Torso
                coroutine.resume(coroutine.create(function(Part) 
                so("http://www.roblox.com/asset/?id=15666462",Part,1,1.5) 
                swait(5)
                so("http://www.roblox.com/asset/?id=15666462",Part,1,1.5) 
                end),ZTarget)
                local TargHum=ZTarget.Parent:findFirstChild("Humanoid")
                local  targetgui=Instance.new("BillboardGui")
                targetgui.Parent=ZTarget
                targetgui.Size=UDim2.new(10,100,10,100)
                local targ=Instance.new("ImageLabel")
                targ.Parent=targetgui
                targ.BackgroundTransparency=1
                targ.Image="rbxassetid://4834067"
                targ.Size=UDim2.new(1,0,1,0)
                cam.CameraType="Scriptable"
                cam.CoordinateFrame=CFrame.new(Head.CFrame.p,ZTarget.Position)
                local dir=Vector3.new(cam.CoordinateFrame.lookVector.x,0,cam.CoordinateFrame.lookVector.z)
                workspace.CurrentCamera.CoordinateFrame=CFrame.new(Head.CFrame.p,ZTarget.Position)
                Targetting=true
                RocketTarget=ZTarget
                for i=1,Property do
                --while Targetting==true and Humanoid.Health>0 and Character.Parent~=nil do
                if Humanoid.Health>0 and Character.Parent~=nil and TargHum.Health>0 and TargHum.Parent~=nil and Targetting==true then
                swait()
                end
                --workspace.CurrentCamera.CoordinateFrame=CFrame.new(Head.CFrame.p,Head.CFrame.p+rmdir*100)
                cam.CoordinateFrame=CFrame.new(Head.CFrame.p,ZTarget.Position)
                dir=Vector3.new(cam.CoordinateFrame.lookVector.x,0,cam.CoordinateFrame.lookVector.z)
                cam.CoordinateFrame=CFrame.new(Head.CFrame.p,ZTarget.Position)*cf(0,5,10)*euler(-0.3,0,0)
                end
                Targetting=false
                RocketTarget=nil
                targetgui.Parent=nil
                cam.CameraType="Custom"
                end
                end
                        local debounce=Instance.new("BoolValue")
                        debounce.Name="DebounceHit"
                        debounce.Parent=hit.Parent
                        debounce.Value=true
                        game:GetService("Debris"):AddItem(debounce,Delay)
                        c=Instance.new("ObjectValue")
                        c.Name="creator"
                        c.Value=Player
                        c.Parent=h
                        game:GetService("Debris"):AddItem(c,.5)
        end
end


function ShowDamage(Pos, Text, Time, Color)
	local Rate = (1 / 30)
	local Pos = (Pos or Vector3.new(0, 0, 0))
	local Text = (Text or "")
	local Time = (Time or 2)
	local Color = (Color or Color3.new(1, 0, 0))
	local EffectPart = part("Custom",workspace,"SmoothPlastic",0,1,BrickColor.new(Color),"Effect",vt(0,0,0))
	EffectPart.Anchored = true
	local BillboardGui = Instance.new("BillboardGui")
	BillboardGui.Size = UDim2.new(3, 0, 3, 0)
	BillboardGui.Adornee = EffectPart
	local TextLabel = Instance.new("TextLabel")
	TextLabel.BackgroundTransparency = 1
	TextLabel.Size = UDim2.new(1, 0, 1, 0)
	TextLabel.Text = Text
	TextLabel.TextColor3 = Color
	TextLabel.TextScaled = true
	TextLabel.Font = Enum.Font.ArialBold
	TextLabel.Parent = BillboardGui
	BillboardGui.Parent = EffectPart
	game.Debris:AddItem(EffectPart, (Time + 0.1))
	EffectPart.Parent = game:GetService("Workspace")
	Delay(0, function()
		local Frames = (Time / Rate)
		for Frame = 1, Frames do
			wait(Rate)
			local Percent = (Frame / Frames)
			EffectPart.CFrame = CFrame.new(Pos) + Vector3.new(0, Percent, 0)
			TextLabel.TextTransparency = Percent
		end
		if EffectPart and EffectPart.Parent then
			EffectPart:Destroy()
		end
	end)
end

--example: local con = HitboxB.Touched:connect(function(hit) Damagefunc(Hitbox,hit,Dmg,Dmg,math.random(Knockback,Knockback),"Normal",RootPart,.2,1) end) 

Handle=part(Enum.FormFactor.Custom,m,Enum.Material.SmoothPlastic,0,1,"Institutional white","Handle",Vector3.new(0.420000046, 0.600000024, 0.420000017))
Handleweld=weld(m,Character["Right Arm"],Handle,CFrame.new(0, 0, 0, 1, 0, 0, 0, 1, 0, 0, 0, 1),CFrame.new(0.989872932, 5.14984131e-005, -0.0971298218, 0.00113562564, 0.999999046, 6.29979866e-007, 1.55007165e-005, 6.12376937e-007, -1, -0.999999344, 0.00113562518, -1.55000125e-005))
mesh("CylinderMesh",Handle,"","",Vector3.new(0, 0, 0),Vector3.new(1, 1, 1))
FakeHandle=part(Enum.FormFactor.Custom,m,Enum.Material.SmoothPlastic,0,0,"Institutional white","FakeHandle",Vector3.new(0.420000046, 0.600000024, 0.420000017))
FakeHandleweld=weld(m,Handle,FakeHandle,CFrame.new(0, 0, 0, 1, 0, 0, 0, 1, 0, 0, 0, 1),CFrame.new(0, 0, 0, 1.00000012, -5.68434189e-014, -1.26180011e-010, -5.68434189e-014, 1, 1.8189894e-012, -1.26180011e-010, 1.8189894e-012, 1))
mesh("CylinderMesh",FakeHandle,"","",Vector3.new(0, 0, 0),Vector3.new(1, 1, 1))
Hitbox=part(Enum.FormFactor.Custom,m,Enum.Material.SmoothPlastic,0,1,"Really black","Hitbox",Vector3.new(1.39999998, 3.4000001, 0.240000024))
Hitboxweld=weld(m,FakeHandle,Hitbox,CFrame.new(0, 0, 0, 1, 0, 0, 0, 1, 0, 0, 0, 1),CFrame.new(0.100381494, -2.80010986, -0.00157928467, 0.999999344, -2.54890438e-008, 0.00119039777, 8.09688459e-008, 0.999997854, -4.66147467e-005, -0.00119039032, 4.64357872e-005, 0.999992192))
Part=part(Enum.FormFactor.Custom,m,Enum.Material.SmoothPlastic,0,0,"New Yeller","Part",Vector3.new(0.400000006, 0.400000006, 0.400000006))
Partweld=weld(m,FakeHandle,Part,CFrame.new(0, 0, 0, 1, 0, 0, 0, 1, 0, 0, 0, 1),CFrame.new(1.09976006, 8.48770142e-005, 0.000831604004, -7.60900548e-007, 0.999995708, -4.03491904e-005, 0.999999464, 8.04859837e-007, 0.00108918699, 0.00108917046, -3.99902237e-005, -0.999985218))
mesh("SpecialMesh",Part,Enum.MeshType.FileMesh,"http://www.roblox.com/asset/?id=3270017",Vector3.new(0, 0, 0),Vector3.new(0.472000003, 0.480000019, 2.5))
Part=part(Enum.FormFactor.Custom,m,Enum.Material.SmoothPlastic,0,0,"Light stone grey","Part",Vector3.new(0.410000026, 0.340000004, 0.460000038))
Partweld=weld(m,FakeHandle,Part,CFrame.new(0, 0, 0, 1, 0, 0, 0, 1, 0, 0, 0, 1),CFrame.new(-0.80533433, 0.00127029419, 0.910181046, -1.00000894, 5.18384013e-006, -0.00113239943, 0.00113235961, -3.96182295e-005, -0.999973297, -5.2299888e-006, -0.999989271, 4.05051287e-005))
mesh("CylinderMesh",Part,"","",Vector3.new(0, 0, 0),Vector3.new(1, 1, 1))
Part=part(Enum.FormFactor.Custom,m,Enum.Material.SmoothPlastic,0,0,"Really black","Part",Vector3.new(0.400000006, 1.79999995, 0.240000024))
Partweld=weld(m,FakeHandle,Part,CFrame.new(0, 0, 0, 1, 0, 0, 0, 1, 0, 0, 0, 1),CFrame.new(0.20038569, -2.00016212, -0.0015296936, 0.999999821, -2.57094825e-008, 0.00119039929, 8.05204081e-008, 0.999989271, -4.60809752e-005, -0.0011903618, 4.51860324e-005, 0.999964178))
Part=part(Enum.FormFactor.Custom,m,Enum.Material.SmoothPlastic,0,0,"Really black","Part",Vector3.new(0.400000006, 0.240000024, 0.200000003))
Partweld=weld(m,FakeHandle,Part,CFrame.new(0, 0, 0, 1, 0, 0, 0, 1, 0, 0, 0, 1),CFrame.new(0.199680805, 0.00106811523, 2.40017509, -1, 5.18667184e-006, -0.00103750592, 0.00103746285, -3.96308315e-005, -0.999964356, -5.22886558e-006, -0.999989271, 4.05205683e-005))
mesh("CylinderMesh",Part,"","",Vector3.new(0, 0, 0),Vector3.new(1, 1, 1))
Part=part(Enum.FormFactor.Custom,m,Enum.Material.SmoothPlastic,0,0,"Really black","Part",Vector3.new(0.240000024, 0.599999964, 0.400000006))
Partweld=weld(m,FakeHandle,Part,CFrame.new(0, 0, 0, 1, 0, 0, 0, 1, 0, 0, 0, 1),CFrame.new(0.00107192993, -3.20015526, 0.200377941, 0.000704608741, -4.04538441e-005, -0.999975443, -5.49704419e-006, 0.999989271, -4.13497473e-005, 1.00001109, 5.52666734e-006, 0.000704663049))
mesh("SpecialMesh",Part,Enum.MeshType.Wedge,"",Vector3.new(0, 0, 0),Vector3.new(1, 1, 1))
Part=part(Enum.FormFactor.Custom,m,Enum.Material.SmoothPlastic,0,0,"Really black","Part",Vector3.new(0.400000006, 0.240000024, 0.200000003))
Partweld=weld(m,FakeHandle,Part,CFrame.new(0, 0, 0, 1, 0, 0, 0, 1, 0, 0, 0, 1),CFrame.new(0.199655533, 0.00110244751, 2.0001812, -1, 5.18713296e-006, -0.0010436594, 0.00104361644, -3.96242322e-005, -0.999964356, -5.22956361e-006, -0.999989271, 4.05139326e-005))
mesh("CylinderMesh",Part,"","",Vector3.new(0, 0, 0),Vector3.new(1, 1, 1))
Part=part(Enum.FormFactor.Custom,m,Enum.Material.SmoothPlastic,0,0,"Light stone grey","Part",Vector3.new(0.800000012, 0.220000014, 0.600000024))
Partweld=weld(m,FakeHandle,Part,CFrame.new(0, 0, 0, 1, 0, 0, 0, 1, 0, 0, 0, 1),CFrame.new(0.000421524048, -1.00017357, -0.00126647949, 0.999999404, -2.32401476e-008, 0.00125581096, 8.10034635e-008, 0.999989271, -4.60837255e-005, -0.00125577603, 4.51886735e-005, 0.99996388))
mesh("CylinderMesh",Part,"","",Vector3.new(0, 0, 0),Vector3.new(1, 1, 1))
Part=part(Enum.FormFactor.Custom,m,Enum.Material.SmoothPlastic,0,0,"Really black","Part",Vector3.new(0.400000006, 0.240000024, 0.200000003))
Partweld=weld(m,FakeHandle,Part,CFrame.new(0, 0, 0, 1, 0, 0, 0, 1, 0, 0, 0, 1),CFrame.new(0.199651003, 0.00107192993, 2.80016708, -1.00000989, 5.18701017e-006, -0.00102521118, 0.00102516753, -3.96361102e-005, -0.999974251, -5.2289688e-006, -0.999989271, 4.0522682e-005))
mesh("CylinderMesh",Part,"","",Vector3.new(0, 0, 0),Vector3.new(1, 1, 1))
Part=part(Enum.FormFactor.Custom,m,Enum.Material.SmoothPlastic,0,0,"Really black","Part",Vector3.new(0.400000036, 1.4000001, 0.400000036))
Partweld=weld(m,FakeHandle,Part,CFrame.new(0, 0, 0, 1, 0, 0, 0, 1, 0, 0, 0, 1),CFrame.new(0.000336647034, -0.000192642212, -0.0012512207, 0.999999523, -2.84964585e-008, 0.00112658145, 8.0789448e-008, 0.999989271, -4.64118202e-005, -0.00112654176, 4.55167828e-005, 0.999963939))
mesh("CylinderMesh",Part,"","",Vector3.new(0, 0, 0),Vector3.new(1, 1, 1))
Part=part(Enum.FormFactor.Custom,m,Enum.Material.SmoothPlastic,0,0,"New Yeller","Part",Vector3.new(0.400000036, 0.200000003, 0.400000036))
Partweld=weld(m,FakeHandle,Part,CFrame.new(0, 0, 0, 1, 0, 0, 0, 1, 0, 0, 0, 1),CFrame.new(0.000339269638, 0.799800873, -0.00124359131, 0.999999404, -2.84293833e-008, 0.00112658448, 7.97619464e-008, 0.999995708, -4.55628397e-005, -0.00112656842, 4.52048407e-005, 0.999985158))
mesh("CylinderMesh",Part,"","",Vector3.new(0, 0, 0),Vector3.new(1, 1, 1))
Part=part(Enum.FormFactor.Custom,m,Enum.Material.SmoothPlastic,0,0,"New Yeller","Part",Vector3.new(0.400000036, 0.200000003, 0.400000036))
Partweld=weld(m,FakeHandle,Part,CFrame.new(0, 0, 0, 1, 0, 0, 0, 1, 0, 0, 0, 1),CFrame.new(0.000335931778, -0.800178528, -0.0012512207, 0.999999523, -2.84964585e-008, 0.00112658145, 8.08229856e-008, 0.999989271, -4.64416225e-005, -0.00112654176, 4.55465852e-005, 0.999963939))
mesh("CylinderMesh",Part,"","",Vector3.new(0, 0, 0),Vector3.new(1, 1, 1))
Part=part(Enum.FormFactor.Custom,m,Enum.Material.SmoothPlastic,0,0,"Light stone grey","Part",Vector3.new(0.410000026, 0.349999994, 0.460000038))
Partweld=weld(m,FakeHandle,Part,CFrame.new(0, 0, 0, 1, 0, 0, 0, 1, 0, 0, 0, 1),CFrame.new(0.614673376, 0.00531768799, 0.910186768, -1.00000215, 5.18241313e-006, -0.00116930669, 0.00116926827, -3.96170908e-005, -0.999966443, -5.22986102e-006, -0.999989271, 4.05056271e-005))
mesh("CylinderMesh",Part,"","",Vector3.new(0, 0, 0),Vector3.new(1, 1, 1))
Part=part(Enum.FormFactor.Custom,m,Enum.Material.SmoothPlastic,0,0,"New Yeller","Part",Vector3.new(0.400000006, 0.419999987, 0.200000003))
Partweld=weld(m,FakeHandle,Part,CFrame.new(0, 0, 0, 1, 0, 0, 0, 1, 0, 0, 0, 1),CFrame.new(0.599623919, 0.0012550354, 0.91018486, -0.999999464, 5.18242632e-006, -0.00116929796, 0.00116925966, -3.96166361e-005, -0.99996388, -5.22981782e-006, -0.999989271, 4.05057945e-005))
mesh("CylinderMesh",Part,"","",Vector3.new(0, 0, 0),Vector3.new(1, 1, 1))
Part=part(Enum.FormFactor.Custom,m,Enum.Material.SmoothPlastic,0,0,"New Yeller","Part",Vector3.new(0.400000006, 0.419999987, 0.200000003))
Partweld=weld(m,FakeHandle,Part,CFrame.new(0, 0, 0, 1, 0, 0, 0, 1, 0, 0, 0, 1),CFrame.new(-0.800379038, 0.00220489502, 0.910179138, -0.999999464, 5.18217212e-006, -0.00117546378, 0.00117542536, -3.96167197e-005, -0.99996388, -5.22980736e-006, -0.999989271, 4.05058418e-005))
mesh("CylinderMesh",Part,"","",Vector3.new(0, 0, 0),Vector3.new(1, 1, 1))
Part=part(Enum.FormFactor.Custom,m,Enum.Material.SmoothPlastic,0,0,"Really black","Part",Vector3.new(0.400000006, 0.240000024, 0.200000003))
Partweld=weld(m,FakeHandle,Part,CFrame.new(0, 0, 0, 1, 0, 0, 0, 1, 0, 0, 0, 1),CFrame.new(0.199681044, 0.00104141235, 1.6001873, -1.00000989, 5.18672232e-006, -0.00103751617, 0.00103747286, -3.96312353e-005, -0.999974251, -5.22916343e-006, -0.999989271, 4.05177416e-005))
mesh("CylinderMesh",Part,"","",Vector3.new(0, 0, 0),Vector3.new(1, 1, 1))
Part=part(Enum.FormFactor.Custom,m,Enum.Material.SmoothPlastic,0,0,"Really black","Part",Vector3.new(0.400000006, 0.240000024, 0.200000003))
Partweld=weld(m,FakeHandle,Part,CFrame.new(0, 0, 0, 1, 0, 0, 0, 1, 0, 0, 0, 1),CFrame.new(0.199656725, 0.000995635986, 1.20018578, -1.00000989, 5.18580509e-006, -0.00102521083, 0.00102516718, -3.96470459e-005, -0.999974251, -5.22777509e-006, -0.999989271, 4.05336141e-005))
mesh("CylinderMesh",Part,"","",Vector3.new(0, 0, 0),Vector3.new(1, 1, 1))
Part=part(Enum.FormFactor.Custom,m,Enum.Material.SmoothPlastic,0,0,"Really black","Part",Vector3.new(0.400000006, 0.240000024, 0.200000003))
Partweld=weld(m,FakeHandle,Part,CFrame.new(0, 0, 0, 1, 0, 0, 0, 1, 0, 0, 0, 1),CFrame.new(0.199640751, 0.00107192993, 3.20015907, -1.00000942, 5.18610477e-006, -0.00102521037, 0.00102516694, -3.96441901e-005, -0.999973834, -5.22807204e-006, -0.999989271, 4.05311803e-005))
mesh("CylinderMesh",Part,"","",Vector3.new(0, 0, 0),Vector3.new(1, 1, 1))
Part=part(Enum.FormFactor.Custom,m,Enum.Material.SmoothPlastic,0,0,"Really black","Part",Vector3.new(0.400000006, 0.400000006, 0.400000006))
Partweld=weld(m,FakeHandle,Part,CFrame.new(0, 0, 0, 1, 0, 0, 0, 1, 0, 0, 0, 1),CFrame.new(0.599658728, 0.00120544434, 0.9003582, -0.999999642, 5.18851675e-006, -0.00103381893, 0.00103377562, -3.90799905e-005, -0.999963999, -5.22998425e-006, -0.999989271, 3.99698911e-005))
mesh("CylinderMesh",Part,"","",Vector3.new(0, 0, 0),Vector3.new(1, 1, 1))
Part=part(Enum.FormFactor.Custom,m,Enum.Material.SmoothPlastic,0,0,"Really black","Part",Vector3.new(0.400000036, 0.400000006, 0.400000006))
Partweld=weld(m,FakeHandle,Part,CFrame.new(0, 0, 0, 1, 0, 0, 0, 1, 0, 0, 0, 1),CFrame.new(-0.800349474, 0.00127410889, 0.900146484, -0.999999523, 5.1841489e-006, -0.00112616573, 0.00112612569, -3.96158393e-005, -0.99996388, -5.22982964e-006, -0.999989271, 4.05052488e-005))
mesh("CylinderMesh",Part,"","",Vector3.new(0, 0, 0),Vector3.new(1, 1, 1))
Part=part(Enum.FormFactor.Custom,m,Enum.Material.SmoothPlastic,0,0,"Light stone grey","Part",Vector3.new(0.200000003, 0.599999964, 0.400000036))
Partweld=weld(m,FakeHandle,Part,CFrame.new(0, 0, 0, 1, 0, 0, 0, 1, 0, 0, 0, 1),CFrame.new(0.00119018555, -3.20015144, 0.600331545, 0.000926091801, -4.04512866e-005, -0.999964178, -5.49746846e-006, 0.999989271, -4.13516136e-005, 0.999999762, 5.53588961e-006, 0.000926138251))
mesh("SpecialMesh",Part,Enum.MeshType.Wedge,"",Vector3.new(0, 0, 0),Vector3.new(1, 1, 1))
Part=part(Enum.FormFactor.Custom,m,Enum.Material.SmoothPlastic,0,0,"Really black","Part",Vector3.new(0.400000185, 0.200000003, 0.400000036))
Partweld=weld(m,FakeHandle,Part,CFrame.new(0, 0, 0, 1, 0, 0, 0, 1, 0, 0, 0, 1),CFrame.new(0.6003474, -0.800163269, -0.0012512207, 0.999999523, -2.74498575e-008, 0.00115119305, 8.06901994e-008, 0.999989271, -4.62624594e-005, -0.00115115393, 4.53673929e-005, 0.99996388))
Part=part(Enum.FormFactor.Custom,m,Enum.Material.SmoothPlastic,0,0,"Really black","Part",Vector3.new(0.400000185, 0.200000003, 0.400000036))
Partweld=weld(m,FakeHandle,Part,CFrame.new(0, 0, 0, 1, 0, 0, 0, 1, 0, 0, 0, 1),CFrame.new(0.400344014, -0.800178528, -0.0012512207, 0.999999523, -2.84964017e-008, 0.00112658169, 8.04200795e-008, 0.999989271, -4.60840165e-005, -0.00112654164, 4.51889646e-005, 0.999963939))
mesh("CylinderMesh",Part,"","",Vector3.new(0, 0, 0),Vector3.new(1, 1, 1))
Part=part(Enum.FormFactor.Custom,m,Enum.Material.SmoothPlastic,0,0,"Light stone grey","Part",Vector3.new(0.400000215, 1.79999995, 0.200000003))
Partweld=weld(m,FakeHandle,Part,CFrame.new(0, 0, 0, 1, 0, 0, 0, 1, 0, 0, 0, 1),CFrame.new(0.60033536, -2.00016785, -0.00122833252, 0.99999994, -3.0568458e-008, 0.00107571227, 8.02099294e-008, 0.999989271, -4.60840602e-005, -0.00107567071, 4.51891974e-005, 0.999964356))
Part=part(Enum.FormFactor.Custom,m,Enum.Material.SmoothPlastic,0,0,"Light stone grey","Part",Vector3.new(1, 0.200000003, 1.20000005))
Partweld=weld(m,FakeHandle,Part,CFrame.new(0, 0, 0, 1, 0, 0, 0, 1, 0, 0, 0, 1),CFrame.new(0.0996439457, 0.00126266479, 3.90008736, -0.999999762, 5.18900879e-006, -0.00102513155, 0.00102508825, -3.96170508e-005, -0.999964178, -5.23069548e-006, -0.999989271, 4.0506904e-005))
mesh("CylinderMesh",Part,"","",Vector3.new(0, 0, 0),Vector3.new(1, 1, 1))
Part=part(Enum.FormFactor.Custom,m,Enum.Material.SmoothPlastic,0,0,"Light stone grey","Part",Vector3.new(1.00000024, 2.80000019, 0.200000003))
Partweld=weld(m,FakeHandle,Part,CFrame.new(0, 0, 0, 1, 0, 0, 0, 1, 0, 0, 0, 1),CFrame.new(-0.0996809006, -2.50017929, -0.00126647949, 0.999999702, -3.56251917e-008, 0.000981151359, 8.79856543e-008, 0.999989271, -5.32280465e-005, -0.000981106539, 5.23331619e-005, 0.999964118))
Part=part(Enum.FormFactor.Custom,m,Enum.Material.SmoothPlastic,0,0,"Really black","Part",Vector3.new(0.400000006, 0.400000006, 0.400000006))
Partweld=weld(m,FakeHandle,Part,CFrame.new(0, 0, 0, 1, 0, 0, 0, 1, 0, 0, 0, 1),CFrame.new(1.09976006, 8.48770142e-005, 0.000831604004, -7.60900548e-007, 0.999995708, -4.03491904e-005, 0.999999464, 8.04859837e-007, 0.00108918699, 0.00108917046, -3.99902237e-005, -0.999985218))
mesh("SpecialMesh",Part,Enum.MeshType.FileMesh,"http://www.roblox.com/asset/?id=3270017",Vector3.new(0, 0, 0),Vector3.new(0.400000036, 0.440000027, 2.5))
Part=part(Enum.FormFactor.Custom,m,Enum.Material.SmoothPlastic,0,0,"Really black","Part",Vector3.new(0.200000003, 2.80000019, 0.240000024))
Partweld=weld(m,FakeHandle,Part,CFrame.new(0, 0, 0, 1, 0, 0, 0, 1, 0, 0, 0, 1),CFrame.new(-0.0996136665, -2.50016022, -0.00128936768, 1.00000763, -2.69230327e-008, 0.00116579793, 8.07831952e-008, 0.999989271, -4.60829178e-005, -0.0011657594, 4.51905071e-005, 0.999971926))
Part=part(Enum.FormFactor.Custom,m,Enum.Material.SmoothPlastic,0,0,"Really black","Part",Vector3.new(0.800000012, 0.200000003, 0.800000012))
Partweld=weld(m,FakeHandle,Part,CFrame.new(0, 0, 0, 1, 0, 0, 0, 1, 0, 0, 0, 1),CFrame.new(0.000339031219, -1.00017548, -0.0012512207, 0.999999523, -2.84964017e-008, 0.00112658145, 8.04200795e-008, 0.999989271, -4.60840165e-005, -0.00112654176, 4.51889646e-005, 0.999963939))
mesh("CylinderMesh",Part,"","",Vector3.new(0, 0, 0),Vector3.new(1, 1, 1))
Part=part(Enum.FormFactor.Custom,m,Enum.Material.SmoothPlastic,0,0,"New Yeller","Part",Vector3.new(0.600000262, 2.80000019, 0.220000014))
Partweld=weld(m,FakeHandle,Part,CFrame.new(0, 0, 0, 1, 0, 0, 0, 1, 0, 0, 0, 1),CFrame.new(-0.0996589661, -2.50015831, -0.00131988525, 1.00000072, -2.99469889e-008, 0.00109194557, 8.03250373e-008, 0.999989271, -4.60841256e-005, -0.00109190459, 4.51893393e-005, 0.999965131))
Part=part(Enum.FormFactor.Custom,m,Enum.Material.SmoothPlastic,0,0,"Really black","Part",Vector3.new(1.40000021, 0.200000003, 0.400000036))
Partweld=weld(m,FakeHandle,Part,CFrame.new(0, 0, 0, 1, 0, 0, 0, 1, 0, 0, 0, 1),CFrame.new(0.100340962, -1.00016212, -0.0012512207, 0.999999523, -2.74498575e-008, 0.00115119293, 8.06901994e-008, 0.999989271, -4.62624594e-005, -0.00115115405, 4.53673929e-005, 0.99996388))
Part=part(Enum.FormFactor.Custom,m,Enum.Material.SmoothPlastic,0,0,"New Yeller","Part",Vector3.new(0.600000024, 0.220000014, 1.20000005))
Partweld=weld(m,FakeHandle,Part,CFrame.new(0, 0, 0, 1, 0, 0, 0, 1, 0, 0, 0, 1),CFrame.new(0.0996358395, 0.00131225586, 3.9001503, -1.0000093, 5.18394791e-006, -0.00112979568, 0.00112975598, -3.9619059e-005, -0.999973714, -5.230032e-006, -0.999989271, 4.05055071e-005))
mesh("CylinderMesh",Part,"","",Vector3.new(0, 0, 0),Vector3.new(1, 1, 1))
Part=part(Enum.FormFactor.Custom,m,Enum.Material.SmoothPlastic,0,0,"Really black","Part",Vector3.new(0.200000003, 0.240000024, 0.400000095))
Partweld=weld(m,FakeHandle,Part,CFrame.new(0, 0, 0, 1, 0, 0, 0, 1, 0, 0, 0, 1),CFrame.new(0.0997056961, 0.000782012939, 3.89823914, -0.999999523, 5.1841339e-006, -0.00104994467, 0.00104992767, -3.77789547e-006, -0.999985278, -5.1885263e-006, -0.999995708, 4.13091766e-006))
mesh("CylinderMesh",Part,"","",Vector3.new(0, 0, 0),Vector3.new(1, 1, 1))
Part=part(Enum.FormFactor.Custom,m,Enum.Material.SmoothPlastic,0,0,"New Yeller","Part",Vector3.new(0.400000274, 1.80000007, 0.220000014))
Partweld=weld(m,FakeHandle,Part,CFrame.new(0, 0, 0, 1, 0, 0, 0, 1, 0, 0, 0, 1),CFrame.new(0.400346875, -2.00016785, -0.0013961792, 1.00000453, -2.93714493e-008, 0.00110425532, 8.03784133e-008, 0.999989271, -4.60836527e-005, -0.00110421469, 4.51898959e-005, 0.999968946))
Part=part(Enum.FormFactor.Custom,m,Enum.Material.SmoothPlastic,0,0,"New Yeller","Part",Vector3.new(0.220000014, 0.599999964, 0.400000036))
Partweld=weld(m,FakeHandle,Part,CFrame.new(0, 0, 0, 1, 0, 0, 0, 1, 0, 0, 0, 1),CFrame.new(0.00121307373, -3.20014572, 0.400348663, 0.000950718299, -4.04520761e-005, -0.999968886, -5.49733295e-006, 0.999989271, -4.1351148e-005, 1.00000453, 5.53682366e-006, 0.00095076405))
mesh("SpecialMesh",Part,Enum.MeshType.Wedge,"",Vector3.new(0, 0, 0),Vector3.new(1, 1, 1))
Part=part(Enum.FormFactor.Custom,m,Enum.Material.SmoothPlastic,0,0,"Light stone grey","Part",Vector3.new(1.40000021, 0.219999999, 0.340000033))
Partweld=weld(m,FakeHandle,Part,CFrame.new(0, 0, 0, 1, 0, 0, 0, 1, 0, 0, 0, 1),CFrame.new(0.10036993, -1.00017548, -0.00131988525, 0.999999404, -2.29883881e-008, 0.00126199343, 8.10301231e-008, 0.999989271, -4.60837182e-005, -0.0012619585, 4.51886444e-005, 0.99996376))

function attackone()
attack = true
local con = Hitbox.Touched:connect(function(hit) Damagefunc(Hitbox,hit,20,25,math.random(5,10),"Normal",RootPart,.2,1) end) 
for i = 0,1,0.1 do
swait()
RootJoint.C0 = clerp(RootJoint.C0,RootCF*cf(0,0,0)* angles(math.rad(0),math.rad(0),math.rad(-90)),.3)
Torso.Neck.C0 = clerp(Torso.Neck.C0,necko *angles(math.rad(-2),math.rad(-2),math.rad(80)),.3)
RW.C0 = clerp(RW.C0, CFrame.new(1.5, 0.5, 0) * angles(math.rad(0), math.rad(10), math.rad(90)), 0.3)
LW.C0 = clerp(LW.C0, CFrame.new(-1.5, 0.5, 0) * angles(math.rad(5), math.rad(0), math.rad(-30)), 0.3)
RH.C0=clerp(RH.C0,cf(1,-1,0)*angles(math.rad(0),math.rad(130),math.rad(0))*angles(math.rad(-5),math.rad(0),math.rad(0)),.3)
LH.C0=clerp(LH.C0,cf(-1,-1,0)*angles(math.rad(0),math.rad(-60),math.rad(-10))*angles(math.rad(-5),math.rad(0),math.rad(0)),.3)
FakeHandleweld.C0=clerp(FakeHandleweld.C0,cf(0,0,0)*angles(math.rad(10),math.rad(0),math.rad(-50)),.3)
end
so("rbxassetid://199145887",Hitbox,1,1)
for i = 0,1,0.1 do
swait()
local blcf = Hitbox.CFrame*cf(0,0,0)
if scfr and (Hitbox.Position-scfr.p).magnitude > .1 then
local h = 5
local a,b = Triangle((scfr*CFrame.new(0,h/2,0)).p,(scfr*CFrame.new(0,-h/2,0)).p,(blcf*CFrame.new(0,h/2,0)).p)
if a then game.Debris:AddItem(a,1) end if b then game.Debris:AddItem(b,1) end
local a,b = Triangle((blcf*CFrame.new(0,h/2,0)).p,(blcf*CFrame.new(0,-h/2,0)).p,(scfr*CFrame.new(0,-h/2,0)).p)
if a then game.Debris:AddItem(a,1) end if b then game.Debris:AddItem(b,1) end
scfr = blcf
elseif not scfr then
scfr = blcf
end
RootJoint.C0 = clerp(RootJoint.C0,RootCF*cf(0,0,0)* angles(math.rad(0),math.rad(0),math.rad(90)),.3)
Torso.Neck.C0 = clerp(Torso.Neck.C0,necko *angles(math.rad(0),math.rad(0),math.rad(-80)),.3)
RW.C0 = clerp(RW.C0, CFrame.new(1.5, 0.5, 0) * angles(math.rad(0), math.rad(10), math.rad(90)), 0.3)
LW.C0 = clerp(LW.C0, CFrame.new(-1.5, 0.5, 0) * angles(math.rad(-10), math.rad(0), math.rad(-50)), 0.3)
RH.C0=clerp(RH.C0,cf(1,-1,0)*angles(math.rad(0),math.rad(60),math.rad(0))*angles(math.rad(-5),math.rad(0),math.rad(0)),.3)
LH.C0=clerp(LH.C0,cf(-1,-1,0)*angles(math.rad(0),math.rad(-130),math.rad(10))*angles(math.rad(-5),math.rad(0),math.rad(0)),.3)
FakeHandleweld.C0=clerp(FakeHandleweld.C0,cf(0,0,0)*angles(math.rad(10),math.rad(0),math.rad(100)),.3)
end
attack = false
con:disconnect()
scfr = nil
end

function attacktwo()
attack = true
local con = Hitbox.Touched:connect(function(hit) Damagefunc(Hitbox,hit,20,25,math.random(5,10),"Normal",RootPart,.2,1) end) 
for i = 0,1,0.1 do
swait()
RootJoint.C0 = clerp(RootJoint.C0,RootCF*cf(0,0,0)* angles(math.rad(0),math.rad(0),math.rad(50)),.3)
Torso.Neck.C0 = clerp(Torso.Neck.C0,necko *angles(math.rad(0),math.rad(-2),math.rad(-50)),.3)
RW.C0 = clerp(RW.C0, CFrame.new(1, 0.5, -.5) * angles(math.rad(0), math.rad(120), math.rad(90)), 0.3)
LW.C0 = clerp(LW.C0, CFrame.new(-1.5, 0.5, 0) * angles(math.rad(120), math.rad(0), math.rad(-20)), 0.3)
RH.C0=clerp(RH.C0,cf(1,-1,0)*angles(math.rad(0),math.rad(60),math.rad(0))*angles(math.rad(-5),math.rad(0),math.rad(0)),.3)
LH.C0=clerp(LH.C0,cf(-1,-1,0)*angles(math.rad(0),math.rad(-130),math.rad(10))*angles(math.rad(-5),math.rad(0),math.rad(0)),.3)
FakeHandleweld.C0=clerp(FakeHandleweld.C0,cf(0,0,0)*angles(math.rad(-20),math.rad(0),math.rad(20)),.3)
end
so("rbxassetid://199145913",Hitbox,1,1)
for i = 0,1,0.1 do
swait()
local blcf = Hitbox.CFrame*cf(0,0,0)
if scfr and (Hitbox.Position-scfr.p).magnitude > .1 then
local h = 5
local a,b = Triangle((scfr*CFrame.new(0,h/2,0)).p,(scfr*CFrame.new(0,-h/2,0)).p,(blcf*CFrame.new(0,h/2,0)).p)
if a then game.Debris:AddItem(a,1) end if b then game.Debris:AddItem(b,1) end
local a,b = Triangle((blcf*CFrame.new(0,h/2,0)).p,(blcf*CFrame.new(0,-h/2,0)).p,(scfr*CFrame.new(0,-h/2,0)).p)
if a then game.Debris:AddItem(a,1) end if b then game.Debris:AddItem(b,1) end
scfr = blcf
elseif not scfr then
scfr = blcf
end
RootJoint.C0 = clerp(RootJoint.C0,RootCF*cf(0,0,0)* angles(math.rad(0),math.rad(0),math.rad(-70)),.3)
Torso.Neck.C0 = clerp(Torso.Neck.C0,necko *angles(math.rad(10),math.rad(-2),math.rad(60)),.3)
RW.C0 = clerp(RW.C0, CFrame.new(1.5, 0.5, .3) * angles(math.rad(0), math.rad(-10), math.rad(70)), 0.3)
