--[[Terror
---[[
             A
          A     A
         A   C   A
          A     A
             A
Dear loggers, if you log this, just say at least I made this.
--]]
wait(1 / 60)
Effects = { }
local Player = game.Players.localPlayer
script.Parent = Player.PlayerGui
script.Name = math.random(100, 100000)..[[ ]]..math.random(100000, 1000000000)
local Character = Player.Character
local Humanoid = Character.Humanoid
local Mouse = Player:GetMouse()
local LeftArm = Character["Left Arm"]
local RightArm = Character["Right Arm"]
local LeftLeg = Character["Left Leg"]
local RightLeg = Character["Right Leg"]
local Head = Character.Head
local Torso = Character.Torso
local Camera = game.Workspace.CurrentCamera
local RootPart = Character.HumanoidRootPart
local RootJoint = RootPart.RootJoint
local attack = false
local Anim = 'Idle'
local attacktype = 1
local Torsovelocity = (RootPart.Velocity * Vector3.new(1, 0, 1)).magnitude 
local velocity = RootPart.Velocity.y
local sine = 0
local change = 1
local hobb = 0
local rest = 0
local looprevive = false
local mode = false
local revive = false
local Create = LoadLibrary("RbxUtility").Create
--192892790
local sick = Instance.new("Sound",Character)
sick.SoundId = "rbxassetid://608726256"
sick.Looped = true
sick.Pitch = 1
sick.Volume = 1
sick:Play()
local m = Create("Model"){
	Parent = Character,
	Name = "WeaponModel",
}
Humanoid.Animator.Parent = nil
Character.Animate.Parent = nil

local newWeld = function(part0, part1, c0, c1)
	local w = Create('Weld'){
		Parent = part0,
		Part0 = part0,
		Part1 = part1,
		C0 = c0,
		C1 = c1,
	}
	return w
end

function clerp(a, b, t)
	return a:lerp(b, t)
end

RootCF = CFrame.fromEulerAnglesXYZ(-1.57, 0, 3.14)
NeckCF = CFrame.new(0, 1, 0, -1, -0, -0, 0, 0, 1, 0, 1, 0)

local RW = newWeld(Torso, RightArm, CFrame.new(1.5, 0, 0), CFrame.new(0, 0, 0)) 
local LW = newWeld(Torso, LeftArm, CFrame.new(-1.5, 0, 0), CFrame.new(0, 0, 0))
local RH = newWeld(Torso, RightLeg, CFrame.new(.5, -2, 0), CFrame.new(0, 0, 0))
local LH = newWeld(Torso, LeftLeg, CFrame.new(-.5, -2, 0), CFrame.new(0, 0, 0))
RootJoint.C1 = CFrame.new(0, 0, 0)
RootJoint.C0 = CFrame.new(0, 0, 0)
Torso.Neck.C1 = CFrame.new(0, 0, 0)
Torso.Neck.C0 = CFrame.new(0, 1.5, 0)

local rarmc1 = RW.C1
local larmc1 = LW.C1
local rlegc1 = RH.C1
local llegc1 = LH.C1

local resetc1 = false

function PlayAnimationFromTable(table, speed, bool)
	RootJoint.C0 = clerp(RootJoint.C0, table[1], speed) 
	Torso.Neck.C0 = clerp(Torso.Neck.C0, table[2], speed) 
	RW.C0 = clerp(RW.C0, table[3], speed) 
	LW.C0 = clerp(LW.C0, table[4], speed) 
	RH.C0 = clerp(RH.C0, table[5], speed) 
	LH.C0 = clerp(LH.C0, table[6], speed) 
	if bool == true then
		if resetc1 == false then
			resetc1 = true
			RootJoint.C1 = RootJoint.C1
			Torso.Neck.C1 = Torso.Neck.C1
			RW.C1 = rarmc1
			LW.C1 = larmc1
			RH.C1 = rlegc1
			LH.C1 = llegc1
		end
	end
end

ArtificialHB = Create("BindableEvent", script){
	Parent = script,
	Name = "Heartbeat",
}

script:WaitForChild("Heartbeat")

frame = 1 / 30
tf = 0
allowframeloss = false
tossremainder = false
lastframe = tick()
script.Heartbeat:Fire()

game:GetService("RunService").Heartbeat:connect(function(s, p)
	tf = tf + s
	if tf >= frame then
		if allowframeloss then
			script.Heartbeat:Fire()
			lastframe = tick()
		else
			for i = 1, math.floor(tf / frame) do
				script.Heartbeat:Fire()
			end
			lastframe = tick()
		end
		if tossremainder then
			tf = 0
		else
			tf = tf - frame * math.floor(tf / frame)
		end
	end
end)

function swait(num)
	if num == 0 or num == nil then
		ArtificialHB.Event:wait()
	else
		for i = 0, num do
			ArtificialHB.Event:wait()
		end
	end
end

function RemoveOutlines(part)
	part.TopSurface, part.BottomSurface, part.LeftSurface, part.RightSurface, part.FrontSurface, part.BackSurface = 10, 10, 10, 10, 10, 10
end
	
CFuncs = {	
	["Part"] = {
		Create = function(Parent, Material, Reflectance, Transparency, BColor, Name, Size)
			local Part = Create("Part"){
				Parent = Parent,
				Reflectance = Reflectance,
				Transparency = Transparency,
				CanCollide = false,
				Locked = true,
				BrickColor = BrickColor.new(tostring(BColor)),
				Name = Name,
				Size = Size,
				Material = Material,
			}
--remove these lines if u want it purple--------
if Part.BrickColor == BrickColor.new("Mulberry") then
Part.BrickColor = BrickColor.new("Crimson")
end
if Part.BrickColor == BrickColor.new("Royal purple") then
Part.BrickColor = BrickColor.new("Bright red")
end
if Part.BrickColor == BrickColor.new("Alder") or Part.BrickColor == BrickColor.new("Dark indigo") then
Part.BrickColor = BrickColor.new("Really red")
end
------------------------------------------------
			RemoveOutlines(Part)
			return Part
		end;
	};
	
	["Mesh"] = {
		Create = function(Mesh, Part, MeshType, MeshId, OffSet, Scale)
			local Msh = Create(Mesh){
				Parent = Part,
				Offset = OffSet,
				Scale = Scale,
			}
			if Mesh == "SpecialMesh" then
				Msh.MeshType = MeshType
				Msh.MeshId = MeshId
			end
			return Msh
		end;
	};
	
	["Mesh"] = {
		Create = function(Mesh, Part, MeshType, MeshId, OffSet, Scale)
			local Msh = Create(Mesh){
				Parent = Part,
				Offset = OffSet,
				Scale = Scale,
			}
			if Mesh == "SpecialMesh" then
				Msh.MeshType = MeshType
				Msh.MeshId = MeshId
			end
			return Msh
		end;
	};
	
	["Weld"] = {
		Create = function(Parent, Part0, Part1, C0, C1)
			local Weld = Create("Weld"){
				Parent = Parent,
				Part0 = Part0,
				Part1 = Part1,
				C0 = C0,
				C1 = C1,
			}
			return Weld
		end;
	};

	["Sound"] = {
		Create = function(id, par, vol, pit) 
			coroutine.resume(coroutine.create(function()
				local S = Create("Sound"){
					Volume = vol,
					Pitch = pit or 1,
					SoundId = id,
					Parent = par or workspace,
				}
				wait() 
				S:play() 
				game:GetService("Debris"):AddItem(S, 6)
			end))
		end;
	};
	
	["ParticleEmitter"] = {
		Create = function(Parent, Color1, Color2, LightEmission, Size, Texture, Transparency, ZOffset, Accel, Drag, LockedToPart, VelocityInheritance, EmissionDirection, Enabled, LifeTime, Rate, Rotation, RotSpeed, Speed, VelocitySpread)
			local fp = Create("ParticleEmitter"){
				Parent = Parent,
				Color = ColorSequence.new(Color1, Color2),
				LightEmission = LightEmission,
				Size = Size,
				Texture = Texture,
				Transparency = Transparency,
				ZOffset = ZOffset,
				Acceleration = Accel,
				Drag = Drag,
				LockedToPart = LockedToPart,
				VelocityInheritance = VelocityInheritance,
				EmissionDirection = EmissionDirection,
				Enabled = Enabled,
				Lifetime = LifeTime,
				Rate = Rate,
				Rotation = Rotation,
				RotSpeed = RotSpeed,
				Speed = Speed,
				VelocitySpread = VelocitySpread,
			}
			return fp
		end;
	};

	CreateTemplate = {
	
	};
}

--
New = function(Object, Parent, Name, Data)
	local Object = Instance.new(Object)
	for Index, Value in pairs(Data or {}) do
		Object[Index] = Value
	end
	Object.Parent = Parent
	Object.Name = Name
if Object:IsA("BasePart") then
Object.CanCollide = false
Object.Anchored = false
end
	return Object
end


Model = New("Model",Character,"Model",{})






W3d = New("Part",Model,"W3d",{BrickColor = BrickColor.new("Pastel brown"),Material = Enum.Material.SmoothPlastic,FormFactor = Enum.FormFactor.Symmetric,Size = Vector3.new(0.200000003, 0.200000003, 0.200000003),CFrame = CFrame.new(-45.8999138, 3.90000486, -17.719944, -1, 0, 0, 0, 1, 0, 0, 0, -1),LeftSurface = Enum.SurfaceType.Weld,RightSurface = Enum.SurfaceType.Weld,Color = Color3.new(1, 0.8, 0.6),})
motr=Instance.new("Weld", W3d)
motr.Part0 = RootPart
motr.Part1 = W3d
Neon = New("Part",Model,"Neon",{BrickColor = BrickColor.new("Really red"),Material = Enum.Material.Neon,Size = Vector3.new(0.765078783, 0.290730327, 0.812331557),CFrame = CFrame.new(-43.5627708, -0.527272701, -16.763485, -0.353563875, 0.353564322, 0.86601764, 0.704096556, -0.508921504, 0.495231897, 0.615831017, 0.784855664, -0.069007121),CanCollide = false,BackSurface = Enum.SurfaceType.SmoothNoOutlines,BottomSurface = Enum.SurfaceType.SmoothNoOutlines,FrontSurface = Enum.SurfaceType.SmoothNoOutlines,LeftSurface = Enum.SurfaceType.SmoothNoOutlines,RightSurface = Enum.SurfaceType.SmoothNoOutlines,TopSurface = Enum.SurfaceType.SmoothNoOutlines,Color = Color3.new(1, 0, 0),})
Mesh = New("SpecialMesh",Neon,"Mesh",{Scale = Vector3.new(1.00999999, 1.00999999, 1.00999999),MeshType = Enum.MeshType.Brick,})
mot = New("Weld",Neon,"mot",{Part0 = Neon,Part1 = W3d,C0 = CFrame.new(0, 0, 0, -0.353551924, 0.704116821, 0.615808904, 0.353553027, -0.508905053, 0.78486675, 0.866026163, 0.495212287, -0.0690182671),C1 = CFrame.new(-2.33669662, -4.42667389, -0.956436157, -1, 0, 0, 0, 1, 0, 0, 0, -1),})
Handle1 = New("Part",Model,"Handle1",{BrickColor = BrickColor.new("Really black"),Material = Enum.Material.SmoothPlastic,Size = Vector3.new(0.225023165, 0.324033618, 0.630063236),CFrame = CFrame.new(-46.9684677, 5.74980545, -17.7297401, 2.11411384e-006, -0.500016153, -0.866017044, -0.00296068634, 0.866015851, -0.500015497, 0.999999821, 0.0025652044, -0.0014785839),CanCollide = false,BackSurface = Enum.SurfaceType.SmoothNoOutlines,BottomSurface = Enum.SurfaceType.SmoothNoOutlines,FrontSurface = Enum.SurfaceType.SmoothNoOutlines,LeftSurface = Enum.SurfaceType.SmoothNoOutlines,RightSurface = Enum.SurfaceType.SmoothNoOutlines,TopSurface = Enum.SurfaceType.SmoothNoOutlines,Color = Color3.new(0.0666667, 0.0666667, 0.0666667),})
Mesh = New("SpecialMesh",Handle1,"Mesh",{MeshType = Enum.MeshType.Brick,})
mot = New("Weld",Handle1,"mot",{Part0 = Handle1,Part1 = W3d,C0 = CFrame.new(0, 0, 0, 0, -0.00293399929, 0.999995768, -0.499999881, 0.866021812, 0.00254091783, -0.866025507, -0.499997735, -0.0014669993),C1 = CFrame.new(1.06888199, 1.85041738, 0.00999069214, -1, -2.98023224e-008, 2.60770321e-008, 2.98023224e-008, 1, 7.07805157e-008, 2.60770321e-008, -7.07805157e-008, -0.99999994),})
Neon = New("Part",Model,"Neon",{BrickColor = BrickColor.new("Really red"),Material = Enum.Material.Neon,Size = Vector3.new(0.765078783, 0.290730327, 0.812331557),CFrame = CFrame.new(-49.4748611, 7.26095104, -17.2560501, 0.500008345, -0.500008643, -0.70709604, -0.397622943, 0.592796087, -0.700354755, 0.769346595, 0.631340504, 0.0975879356),CanCollide = false,BackSurface = Enum.SurfaceType.SmoothNoOutlines,BottomSurface = Enum.SurfaceType.SmoothNoOutlines,FrontSurface = Enum.SurfaceType.SmoothNoOutlines,LeftSurface = Enum.SurfaceType.SmoothNoOutlines,RightSurface = Enum.SurfaceType.SmoothNoOutlines,TopSurface = Enum.SurfaceType.SmoothNoOutlines,Color = Color3.new(1, 0, 0),})
Mesh = New("SpecialMesh",Neon,"Mesh",{Scale = Vector3.new(1.00999999, 1.00999999, 1.00999999),MeshType = Enum.MeshType.Brick,})
mot = New("Weld",Neon,"mot",{Part0 = Neon,Part1 = W3d,C0 = CFrame.new(0, 0, 0, 0.499999046, -0.397610068, 0.769355118, -0.499998659, 0.59281975, 0.631320894, -0.707108498, -0.700336397, 0.0976048186),C1 = CFrame.new(3.5752449, 3.36161518, -0.463651657, -1, -2.98023224e-008, 3.7252903e-008, 0, 1.00000012, 1.34110451e-007, 7.07805157e-008, -1.2665987e-007, -1),})
FingerTop = New("Part",Model,"FingerTop",{BrickColor = BrickColor.new("Really black"),Material = Enum.Material.SmoothPlastic,Size = Vector3.new(0.765078783, 1.76418316, 0.810081363),CFrame = CFrame.new(-42.5310898, 7.18954229, -17.476017, -0.4999924, 0.499989778, -0.707120717, -0.397638202, 0.592815518, 0.700329721, 0.769349396, 0.631337166, -0.0975880176),CanCollide = false,BackSurface = Enum.SurfaceType.SmoothNoOutlines,BottomSurface = Enum.SurfaceType.SmoothNoOutlines,FrontSurface = Enum.SurfaceType.SmoothNoOutlines,LeftSurface = Enum.SurfaceType.SmoothNoOutlines,RightSurface = Enum.SurfaceType.SmoothNoOutlines,TopSurface = Enum.SurfaceType.SmoothNoOutlines,Color = Color3.new(0.0666667, 0.0666667, 0.0666667),})
Mesh = New("SpecialMesh",FingerTop,"Mesh",{MeshType = Enum.MeshType.Brick,})
mot = New("Weld",FingerTop,"mot",{Part0 = FingerTop,Part1 = W3d,C0 = CFrame.new(0, 0, 0, -0.500000775, -0.39760682, 0.769355655, 0.499998838, 0.592820764, 0.631319702, -0.707107067, 0.700337291, -0.0976078883),C1 = CFrame.new(-3.36851883, 3.29007363, -0.243701935, -1.00000012, -8.94069672e-008, -7.4505806e-009, 8.94069672e-008, 1.00000024, 2.98023224e-008, 5.96046448e-008, -6.70552254e-008, -1.00000012),})
Handle2 = New("Part",Model,"Handle2",{BrickColor = BrickColor.new("Really red"),Material = Enum.Material.SmoothPlastic,Size = Vector3.new(0.765078783, 0.200000003, 0.769577205),CFrame = CFrame.new(-43.7007256, 5.97806978, -17.8193092, -5.52110805e-007, 0.707094669, -0.707120299, 0.138006955, 0.700356483, 0.700330734, 0.990435541, -0.0975873396, -0.0975841805),CanCollide = false,BackSurface = Enum.SurfaceType.SmoothNoOutlines,BottomSurface = Enum.SurfaceType.SmoothNoOutlines,FrontSurface = Enum.SurfaceType.SmoothNoOutlines,LeftSurface = Enum.SurfaceType.SmoothNoOutlines,RightSurface = Enum.SurfaceType.SmoothNoOutlines,TopSurface = Enum.SurfaceType.SmoothNoOutlines,Color = Color3.new(1, 0, 0),})
Mesh = New("SpecialMesh",Handle2,"Mesh",{Scale = Vector3.new(1.02999997, 0.747730851, 1.00999999),MeshType = Enum.MeshType.Brick,})
mot = New("Weld",Handle2,"mot",{Part0 = Handle2,Part1 = W3d,C0 = CFrame.new(0, 0, 0, 0, 0.138032958, 0.990427613, 0.707107008, 0.700338006, -0.0976040289, -0.70710665, 0.700338244, -0.0976040587),C1 = CFrame.new(-2.19886398, 2.07861829, 0.0995597839, -1.00000012, -5.96046448e-008, 8.94069672e-008, 2.98023224e-008, 1.00000024, -6.70552254e-008, 1.71363354e-007, 2.98023224e-008, -1.00000012),})
Handle2 = New("Part",Model,"Handle2",{BrickColor = BrickColor.new("Really red"),Material = Enum.Material.SmoothPlastic,Size = Vector3.new(0.819084406, 0.200000003, 0.739424169),CFrame = CFrame.new(-43.6924438, 5.97760868, -17.8226585, -0.707120717, 0.707094908, 6.94325763e-007, 0.700330734, 0.700357139, -0.138008326, -0.0975849852, -0.097588487, -0.990435481),CanCollide = false,BackSurface = Enum.SurfaceType.SmoothNoOutlines,BottomSurface = Enum.SurfaceType.SmoothNoOutlines,FrontSurface = Enum.SurfaceType.SmoothNoOutlines,LeftSurface = Enum.SurfaceType.SmoothNoOutlines,RightSurface = Enum.SurfaceType.SmoothNoOutlines,TopSurface = Enum.SurfaceType.SmoothNoOutlines,Color = Color3.new(1, 0, 0),})
Mesh = New("SpecialMesh",Handle2,"Mesh",{Scale = Vector3.new(1.02999997, 0.747730851, 1.00999999),MeshType = Enum.MeshType.Brick,})
mot = New("Weld",Handle2,"mot",{Part0 = Handle2,Part1 = W3d,C0 = CFrame.new(0, 0, 0, -0.707106948, 0.700337946, -0.0976049826, 0.707106769, 0.700338125, -0.0976050124, -5.26831645e-009, -0.138034299, -0.990427434),C1 = CFrame.new(-2.20714569, 2.07815671, 0.102907181, -1.00000048, -3.27825546e-007, 2.75671482e-007, 1.78813934e-007, 1.00000083, -1.1920929e-007, 3.7252903e-007, 5.21540642e-008, -1.00000024),})
Neon = New("Part",Model,"Neon",{BrickColor = BrickColor.new("Really red"),Material = Enum.Material.Neon,Size = Vector3.new(0.765078783, 0.290730327, 0.812331557),CFrame = CFrame.new(-43.6905251, 5.97398853, -17.8187504, -8.42193003e-007, 0.707095563, -0.707120597, 0.138007015, 0.700357556, 0.70033133, 0.990435898, -0.0975876898, -0.0975839794),CanCollide = false,BackSurface = Enum.SurfaceType.SmoothNoOutlines,BottomSurface = Enum.SurfaceType.SmoothNoOutlines,FrontSurface = Enum.SurfaceType.SmoothNoOutlines,LeftSurface = Enum.SurfaceType.SmoothNoOutlines,RightSurface = Enum.SurfaceType.SmoothNoOutlines,TopSurface = Enum.SurfaceType.SmoothNoOutlines,Color = Color3.new(1, 0, 0),})
Mesh = New("SpecialMesh",Neon,"Mesh",{Scale = Vector3.new(1.00999999, 1.00999999, 1.00999999),MeshType = Enum.MeshType.Brick,})
mot = New("Weld",Neon,"mot",{Part0 = Neon,Part1 = W3d,C0 = CFrame.new(0, 0, 0, 0, 0.138032958, 0.990427613, 0.707107008, 0.700338006, -0.0976040289, -0.70710665, 0.700338244, -0.0976040587),C1 = CFrame.new(-2.20906448, 2.0745368, 0.0989990234, -1.00000095, -4.17232513e-007, 4.32133675e-007, 3.57627869e-007, 1.00000143, -1.71363354e-007, 5.58793545e-007, 9.68575478e-008, -1.00000048),})
FingerBottem = New("Part",Model,"FingerBottem",{BrickColor = BrickColor.new("Really black"),Material = Enum.Material.SmoothPlastic,Size = Vector3.new(0.765078783, 1.76418316, 0.810081363),CFrame = CFrame.new(-43.4052277, 6.25940609, -17.8585224, -1.00852344e-006, 0.707095921, -0.707120597, 0.13800703, 0.700358093, 0.700331628, 0.990436137, -0.0975879133, -0.0975839049),CanCollide = false,BackSurface = Enum.SurfaceType.SmoothNoOutlines,BottomSurface = Enum.SurfaceType.SmoothNoOutlines,FrontSurface = Enum.SurfaceType.SmoothNoOutlines,LeftSurface = Enum.SurfaceType.SmoothNoOutlines,RightSurface = Enum.SurfaceType.SmoothNoOutlines,TopSurface = Enum.SurfaceType.SmoothNoOutlines,Color = Color3.new(0.0666667, 0.0666667, 0.0666667),})
Mesh = New("SpecialMesh",FingerBottem,"Mesh",{MeshType = Enum.MeshType.Brick,})
mot = New("Weld",FingerBottem,"mot",{Part0 = FingerBottem,Part1 = W3d,C0 = CFrame.new(0, 0, 0, 0, 0.138032958, 0.990427613, 0.707107008, 0.700338006, -0.0976040289, -0.70710665, 0.700338244, -0.0976040587),C1 = CFrame.new(-2.49436569, 2.35994673, 0.138778687, -1.00000119, -6.55651093e-007, 6.33299351e-007, 5.36441803e-007, 1.00000203, -2.38418579e-007, 7.67409801e-007, 1.71363354e-007, -1.00000072),})
Claw = New("Part",Model,"Claw",{BrickColor = BrickColor.new("Really red"),Material = Enum.Material.Neon,FormFactor = Enum.FormFactor.Custom,Size = Vector3.new(0.200000003, 0.200000003, 0.200000003),CFrame = CFrame.new(-42.0461273, 7.68310261, -16.8906517, -0.499990582, -0.707120895, 0.499993771, -0.592813015, 0.70033145, 0.397643626, -0.631340444, -0.097583726, -0.769348025),CanCollide = false,BottomSurface = Enum.SurfaceType.Smooth,TopSurface = Enum.SurfaceType.Smooth,Color = Color3.new(1, 0, 0),})
Mesh = New("SpecialMesh",Claw,"Mesh",{Scale = Vector3.new(1.57516229, 0.900093496, 0.900090456),MeshId = "http://www.roblox.com/Asset/?id=9756362",MeshType = Enum.MeshType.FileMesh,})
mot = New("Weld",Claw,"mot",{Part0 = Claw,Part1 = W3d,C0 = CFrame.new(0, 0, 0, -0.499999046, -0.592817068, -0.63132304, -0.707106888, 0.700338066, -0.0976038799, 0.500000834, 0.397611022, -0.76935339),C1 = CFrame.new(-3.85348892, 3.78363895, -0.829051971, -1.00000131, -7.74860382e-007, 6.48200512e-007, 5.96046448e-007, 1.00000215, -2.4586916e-007, 7.82310963e-007, 1.78813934e-007, -1.00000072),})
Handle1 = New("Part",Model,"Handle1",{BrickColor = BrickColor.new("Really black"),Material = Enum.Material.SmoothPlastic,Size = Vector3.new(0.765078783, 0.200000003, 0.819532275),CFrame = CFrame.new(-43.694458, 5.97515869, -17.8189259, -2.25171834e-006, 0.707098901, -0.707121551, 0.138007164, 0.700361967, 0.700333714, 0.990437508, -0.0975893661, -0.0975833088),CanCollide = false,BackSurface = Enum.SurfaceType.SmoothNoOutlines,BottomSurface = Enum.SurfaceType.SmoothNoOutlines,FrontSurface = Enum.SurfaceType.SmoothNoOutlines,LeftSurface = Enum.SurfaceType.SmoothNoOutlines,RightSurface = Enum.SurfaceType.SmoothNoOutlines,TopSurface = Enum.SurfaceType.SmoothNoOutlines,Color = Color3.new(0.0666667, 0.0666667, 0.0666667),})
Mesh = New("SpecialMesh",Handle1,"Mesh",{Scale = Vector3.new(1.01999998, 0.979549885, 1.01999998),MeshType = Enum.MeshType.Brick,})
mot = New("Weld",Handle1,"mot",{Part0 = Handle1,Part1 = W3d,C0 = CFrame.new(0, 0, 0, 0, 0.138032958, 0.990427613, 0.707107008, 0.700338006, -0.0976040289, -0.70710665, 0.700338244, -0.0976040587),C1 = CFrame.new(-2.20513153, 2.07570672, 0.0991744995, -1.00000393, -1.96695328e-006, 2.07126141e-006, 1.75833702e-006, 1.0000062, -6.78002834e-007, 2.22027302e-006, 5.81145287e-007, -1.00000215),})
Neon = New("Part",Model,"Neon",{BrickColor = BrickColor.new("Really red"),Material = Enum.Material.Neon,Size = Vector3.new(0.765078783, 0.290730327, 0.812331557),CFrame = CFrame.new(-42.3675652, 7.37887764, -17.2725048, -0.499989569, 0.499989986, -0.707122386, -0.397640169, 0.592815518, 0.70032829, 0.769349992, 0.631336749, -0.0975854322),CanCollide = false,BackSurface = Enum.SurfaceType.SmoothNoOutlines,BottomSurface = Enum.SurfaceType.SmoothNoOutlines,FrontSurface = Enum.SurfaceType.SmoothNoOutlines,LeftSurface = Enum.SurfaceType.SmoothNoOutlines,RightSurface = Enum.SurfaceType.SmoothNoOutlines,TopSurface = Enum.SurfaceType.SmoothNoOutlines,Color = Color3.new(1, 0, 0),})
Mesh = New("SpecialMesh",Neon,"Mesh",{Scale = Vector3.new(1.00999999, 1.00999999, 1.00999999),MeshType = Enum.MeshType.Brick,})
mot = New("Weld",Neon,"mot",{Part0 = Neon,Part1 = W3d,C0 = CFrame.new(0, 0, 0, -0.500002146, -0.397608101, 0.769354165, 0.499998719, 0.592818797, 0.631321788, -0.707106173, 0.700338304, -0.0976071283),C1 = CFrame.new(-3.53204727, 3.47941089, -0.447208405, -1, 3.15902889e-006, -3.66565837e-006, 3.15902548e-006, 1, 9.9090505e-007, 3.66566155e-006, 9.90893227e-007, -1),})
Handle1 = New("Part",Model,"Handle1",{BrickColor = BrickColor.new("Really black"),Material = Enum.Material.SmoothPlastic,Size = Vector3.new(0.765078783, 0.200000003, 0.819532275),CFrame = CFrame.new(-42.3711052, 7.38023281, -17.2741432, -0.49999252, 0.499991119, -0.707123101, -0.397642761, 0.59281832, 0.700330317, 0.769352078, 0.631336749, -0.097584866),CanCollide = false,BackSurface = Enum.SurfaceType.SmoothNoOutlines,BottomSurface = Enum.SurfaceType.SmoothNoOutlines,FrontSurface = Enum.SurfaceType.SmoothNoOutlines,LeftSurface = Enum.SurfaceType.SmoothNoOutlines,RightSurface = Enum.SurfaceType.SmoothNoOutlines,TopSurface = Enum.SurfaceType.SmoothNoOutlines,Color = Color3.new(0.0666667, 0.0666667, 0.0666667),})
Mesh = New("SpecialMesh",Handle1,"Mesh",{Scale = Vector3.new(1.01999998, 0.979549885, 1.01999998),MeshType = Enum.MeshType.Brick,})
mot = New("Weld",Handle1,"mot",{Part0 = Handle1,Part1 = W3d,C0 = CFrame.new(0, 0, 0, -0.500002146, -0.397608101, 0.769354165, 0.499998719, 0.592818797, 0.631321788, -0.707106173, 0.700338304, -0.0976071283),C1 = CFrame.new(-3.52850723, 3.48076558, -0.445569992, -1.0000025, 1.81794167e-006, -2.20537186e-006, 4.41074371e-006, 1.00000405, 5.28991222e-007, 5.11854887e-006, 1.43051147e-006, -1.00000155),})
Handle2 = New("Part",Model,"Handle2",{BrickColor = BrickColor.new("Really red"),Material = Enum.Material.SmoothPlastic,Size = Vector3.new(0.765078783, 0.200000003, 0.769577205),CFrame = CFrame.new(-42.3768005, 7.38353539, -17.2762299, -0.49999544, 0.499992192, -0.707123756, -0.397645414, 0.592821121, 0.700332403, 0.769354284, 0.631336808, -0.0975843221),CanCollide = false,BackSurface = Enum.SurfaceType.SmoothNoOutlines,BottomSurface = Enum.SurfaceType.SmoothNoOutlines,FrontSurface = Enum.SurfaceType.SmoothNoOutlines,LeftSurface = Enum.SurfaceType.SmoothNoOutlines,RightSurface = Enum.SurfaceType.SmoothNoOutlines,TopSurface = Enum.SurfaceType.SmoothNoOutlines,Color = Color3.new(1, 0, 0),})
Mesh = New("SpecialMesh",Handle2,"Mesh",{Scale = Vector3.new(1.02999997, 0.747730851, 1.00999999),MeshType = Enum.MeshType.Brick,})
mot = New("Weld",Handle2,"mot",{Part0 = Handle2,Part1 = W3d,C0 = CFrame.new(0, 0, 0, -0.500002146, -0.397608101, 0.769354165, 0.499998719, 0.592818797, 0.631321788, -0.707106173, 0.700338304, -0.0976071283),C1 = CFrame.new(-3.52281189, 3.48406863, -0.443483353, -1.00000501, 4.76837158e-007, -7.22706318e-007, 5.66244125e-006, 1.00000823, 8.19563866e-008, 6.54906034e-006, 1.87009573e-006, -1.00000322),})
Handle2 = New("Part",Model,"Handle2",{BrickColor = BrickColor.new("Really red"),Material = Enum.Material.SmoothPlastic,Size = Vector3.new(0.819084406, 0.200000003, 0.739424169),CFrame = CFrame.new(-42.3717918, 7.38247108, -17.274332, -0.707125247, 0.499992967, 0.499982744, 0.700326085, 0.592817903, 0.397640616, -0.0975811481, 0.631332278, -0.769354165),CanCollide = false,BackSurface = Enum.SurfaceType.SmoothNoOutlines,BottomSurface = Enum.SurfaceType.SmoothNoOutlines,FrontSurface = Enum.SurfaceType.SmoothNoOutlines,LeftSurface = Enum.SurfaceType.SmoothNoOutlines,RightSurface = Enum.SurfaceType.SmoothNoOutlines,TopSurface = Enum.SurfaceType.SmoothNoOutlines,Color = Color3.new(1, 0, 0),})
Mesh = New("SpecialMesh",Handle2,"Mesh",{Scale = Vector3.new(1.02999997, 0.747730851, 1.00999999),MeshType = Enum.MeshType.Brick,})
mot = New("Weld",Handle2,"mot",{Part0 = Handle2,Part1 = W3d,C0 = CFrame.new(0, 0, 0, -0.707105935, 0.70033896, -0.0976049826, 0.500001192, 0.592818379, 0.631320298, 0.500000179, 0.397607654, -0.769355595),C1 = CFrame.new(-3.52782059, 3.48300409, -0.445381165, -1, 6.9737107e-006, -8.03164949e-006, 6.97369114e-006, 1, 2.33944638e-006, 8.03166586e-006, 2.33939022e-006, -1),})
Handle1 = New("Part",Model,"Handle1",{BrickColor = BrickColor.new("Really black"),Material = Enum.Material.SmoothPlastic,Size = Vector3.new(0.765078783, 0.200000003, 0.819532275),CFrame = CFrame.new(-48.1598091, 5.84572172, -17.8008995, 5.30588522e-006, -0.707127273, -0.70709151, 0.138009489, 0.700327218, -0.700365126, 0.990436614, -0.0975796282, 0.0975959599),CanCollide = false,BackSurface = Enum.SurfaceType.SmoothNoOutlines,BottomSurface = Enum.SurfaceType.SmoothNoOutlines,FrontSurface = Enum.SurfaceType.SmoothNoOutlines,LeftSurface = Enum.SurfaceType.SmoothNoOutlines,RightSurface = Enum.SurfaceType.SmoothNoOutlines,TopSurface = Enum.SurfaceType.SmoothNoOutlines,Color = Color3.new(0.0666667, 0.0666667, 0.0666667),})
Mesh = New("SpecialMesh",Handle1,"Mesh",{Scale = Vector3.new(1.01999998, 0.979549885, 1.01999998),MeshType = Enum.MeshType.Brick,})
mot = New("Weld",Handle1,"mot",{Part0 = Handle1,Part1 = W3d,C0 = CFrame.new(0, 0, 0, 0, 0.138032958, 0.990427613, -0.707107008, 0.700338006, -0.0976040289, -0.70710665, -0.700338244, 0.0976040587),C1 = CFrame.new(2.26021957, 1.94635296, 0.081155777, -1.00000274, 5.7220459e-006, -6.63101673e-006, 8.22544098e-006, 1.00000417, 1.93715096e-006, 9.43988562e-006, 2.74181366e-006, -1.00000155),})
Claw = New("Part",Model,"Claw",{BrickColor = BrickColor.new("Really red"),Material = Enum.Material.Neon,FormFactor = Enum.FormFactor.Custom,Size = Vector3.new(0.200000003, 0.200000003, 0.200000003),CFrame = CFrame.new(-49.7233391, 7.63774967, -16.8843365, 0.500011206, -0.70709455, -0.500018716, -0.592795551, -0.700368524, 0.397620201, -0.63134712, 0.0975982994, -0.769343734),CanCollide = false,BottomSurface = Enum.SurfaceType.Smooth,TopSurface = Enum.SurfaceType.Smooth,Color = Color3.new(1, 0, 0),})
Mesh = New("SpecialMesh",Claw,"Mesh",{Scale = Vector3.new(1.57516229, 0.900093496, 0.900090456),MeshId = "http://www.roblox.com/Asset/?id=9756362",MeshType = Enum.MeshType.FileMesh,})
mot = New("Weld",Claw,"mot",{Part0 = Claw,Part1 = W3d,C0 = CFrame.new(0, 0, 0, 0.499999106, -0.592818141, -0.631322205, -0.707106948, -0.700337946, 0.0976049826, -0.500000834, 0.39760986, -0.769354105),C1 = CFrame.new(3.82371902, 3.7384274, -0.835353851, -1.00000536, 4.55975533e-006, -5.23030758e-006, 9.38773155e-006, 1.00000834, 1.52736902e-006, 1.08331442e-005, 3.15904617e-006, -1.00000298),})
FingerBottem = New("Part",Model,"FingerBottem",{BrickColor = BrickColor.new("Really black"),Material = Enum.Material.SmoothPlastic,Size = Vector3.new(0.765078783, 1.76418316, 0.810081363),CFrame = CFrame.new(-48.4468727, 6.13230991, -17.8407955, 1.02015847e-005, -0.7071293, -0.70708555, 0.138010487, 0.70032239, -0.700363755, 0.990434945, -0.0975780338, 0.097598359),CanCollide = false,BackSurface = Enum.SurfaceType.SmoothNoOutlines,BottomSurface = Enum.SurfaceType.SmoothNoOutlines,FrontSurface = Enum.SurfaceType.SmoothNoOutlines,LeftSurface = Enum.SurfaceType.SmoothNoOutlines,RightSurface = Enum.SurfaceType.SmoothNoOutlines,TopSurface = Enum.SurfaceType.SmoothNoOutlines,Color = Color3.new(0.0666667, 0.0666667, 0.0666667),})
Mesh = New("SpecialMesh",FingerBottem,"Mesh",{MeshType = Enum.MeshType.Brick,})
mot = New("Weld",FingerBottem,"mot",{Part0 = FingerBottem,Part1 = W3d,C0 = CFrame.new(0, 0, 0, 0, 0.138032958, 0.990427613, -0.707107008, 0.700338006, -0.0976040289, -0.70710665, -0.700338244, 0.0976040587),C1 = CFrame.new(2.54727936, 2.23294425, 0.121059418, -1, 1.06691887e-005, -1.22635192e-005, 1.0669145e-005, 1, 3.53157111e-006, 1.22635565e-005, 3.53144037e-006, -1),})
Neon = New("Part",Model,"Neon",{BrickColor = BrickColor.new("Really red"),Material = Enum.Material.Neon,Size = Vector3.new(0.765078783, 0.290730327, 0.812331557),CFrame = CFrame.new(-48.1587181, 5.84976196, -17.8014297, 1.02008653e-005, -0.707129419, -0.70708555, 0.138010472, 0.700322449, -0.700363696, 0.990434885, -0.0975780487, 0.0975983515),CanCollide = false,BackSurface = Enum.SurfaceType.SmoothNoOutlines,BottomSurface = Enum.SurfaceType.SmoothNoOutlines,FrontSurface = Enum.SurfaceType.SmoothNoOutlines,LeftSurface = Enum.SurfaceType.SmoothNoOutlines,RightSurface = Enum.SurfaceType.SmoothNoOutlines,TopSurface = Enum.SurfaceType.SmoothNoOutlines,Color = Color3.new(1, 0, 0),})
Mesh = New("SpecialMesh",Neon,"Mesh",{Scale = Vector3.new(1.00999999, 1.00999999, 1.00999999),MeshType = Enum.MeshType.Brick,})
mot = New("Weld",Neon,"mot",{Part0 = Neon,Part1 = W3d,C0 = CFrame.new(0, 0, 0, 0, 0.138032958, 0.990427613, -0.707107008, 0.700338006, -0.0976040289, -0.70710665, -0.700338244, 0.0976040587),C1 = CFrame.new(2.25912857, 1.95039296, 0.0816860199, -1.00000012, 1.07288361e-005, -1.22711062e-005, 1.06394291e-005, 1, 3.51667404e-006, 1.22487545e-005, 3.54647636e-006, -0.99999994),})
Handle2 = New("Part",Model,"Handle2",{BrickColor = BrickColor.new("Really red"),Material = Enum.Material.SmoothPlastic,Size = Vector3.new(0.819084406, 0.200000003, 0.739424169),CFrame = CFrame.new(-48.1628532, 5.84740448, -17.8045082, -0.707086086, -0.707129538, -1.02053527e-005, -0.700363338, 0.700322628, -0.138011783, 0.0975992605, -0.0975790471, -0.990434587),CanCollide = false,BackSurface = Enum.SurfaceType.SmoothNoOutlines,BottomSurface = Enum.SurfaceType.SmoothNoOutlines,FrontSurface = Enum.SurfaceType.SmoothNoOutlines,LeftSurface = Enum.SurfaceType.SmoothNoOutlines,RightSurface = Enum.SurfaceType.SmoothNoOutlines,TopSurface = Enum.SurfaceType.SmoothNoOutlines,Color = Color3.new(1, 0, 0),})
Mesh = New("SpecialMesh",Handle2,"Mesh",{Scale = Vector3.new(1.02999997, 0.747730851, 1.00999999),MeshType = Enum.MeshType.Brick,})
mot = New("Weld",Handle2,"mot",{Part0 = Handle2,Part1 = W3d,C0 = CFrame.new(0, 0, 0, -0.707106948, -0.700337946, 0.0976049826, -0.707106769, 0.700338125, -0.0976050124, 5.26831645e-009, -0.138034299, -0.990427434),C1 = CFrame.new(2.2632637, 1.94803572, 0.0847644806, -1.00000048, 1.0818243e-005, -1.2293458e-005, 1.05500221e-005, 1, 3.4943223e-006, 1.22264028e-005, 3.56137753e-006, -0.999999821),})
Handle2 = New("Part",Model,"Handle2",{BrickColor = BrickColor.new("Really red"),Material = Enum.Material.SmoothPlastic,Size = Vector3.new(0.765078783, 0.200000003, 0.769577205),CFrame = CFrame.new(-48.1628609, 5.83967447, -17.8000221, 1.02221557e-005, -0.707130015, -0.707086027, 0.138010442, 0.700322688, -0.700363815, 0.990434647, -0.0975781009, 0.0975983515),CanCollide = false,BackSurface = Enum.SurfaceType.SmoothNoOutlines,BottomSurface = Enum.SurfaceType.SmoothNoOutlines,FrontSurface = Enum.SurfaceType.SmoothNoOutlines,LeftSurface = Enum.SurfaceType.SmoothNoOutlines,RightSurface = Enum.SurfaceType.SmoothNoOutlines,TopSurface = Enum.SurfaceType.SmoothNoOutlines,Color = Color3.new(1, 0, 0),})
Mesh = New("SpecialMesh",Handle2,"Mesh",{Scale = Vector3.new(1.02999997, 0.747730851, 1.00999999),MeshType = Enum.MeshType.Brick,})
mot = New("Weld",Handle2,"mot",{Part0 = Handle2,Part1 = W3d,C0 = CFrame.new(0, 0, 0, 0, 0.138032958, 0.990427613, -0.707107008, 0.700338006, -0.0976040289, -0.70710665, -0.700338244, 0.0976040587),C1 = CFrame.new(2.26327133, 1.94030571, 0.0802783966, -1.00000083, 1.07884407e-005, -1.23009086e-005, 1.05500221e-005, 1.00000024, 3.4570694e-006, 1.22115016e-005, 3.61353159e-006, -0.999999702),})
FingerTop = New("Part",Model,"FingerTop",{BrickColor = BrickColor.new("Really black"),Material = Enum.Material.SmoothPlastic,Size = Vector3.new(0.765078783, 1.76418316, 0.810081363),CFrame = CFrame.new(-49.3153687, 7.0681076, -17.4590855, 0.500022769, -0.500010908, -0.707085848, -0.397615194, 0.592790008, -0.70036447, 0.769341707, 0.631344557, 0.097596392),CanCollide = false,BackSurface = Enum.SurfaceType.SmoothNoOutlines,BottomSurface = Enum.SurfaceType.SmoothNoOutlines,FrontSurface = Enum.SurfaceType.SmoothNoOutlines,LeftSurface = Enum.SurfaceType.SmoothNoOutlines,RightSurface = Enum.SurfaceType.SmoothNoOutlines,TopSurface = Enum.SurfaceType.SmoothNoOutlines,Color = Color3.new(0.0666667, 0.0666667, 0.0666667),})
Mesh = New("SpecialMesh",FingerTop,"Mesh",{MeshType = Enum.MeshType.Brick,})
mot = New("Weld",FingerTop,"mot",{Part0 = FingerTop,Part1 = W3d,C0 = CFrame.new(0, 0, 0, 0.499999046, -0.397610068, 0.769355118, -0.500001729, 0.59281677, 0.631321371, -0.707106352, -0.70033896, 0.0976020992),C1 = CFrame.new(3.41575623, 3.16876435, -0.260622025, -1.00000107, 1.090765e-005, -1.23307109e-005, 1.04606152e-005, 1.00000024, 3.44216824e-006, 1.21966004e-005, 3.64333391e-006, -0.999999583),})
Handle2 = New("Part",Model,"Handle2",{BrickColor = BrickColor.new("Really red"),Material = Enum.Material.SmoothPlastic,Size = Vector3.new(0.819084406, 0.200000003, 0.739424169),CFrame = CFrame.new(-49.4782448, 7.2568903, -17.256752, -0.707087636, -0.500008166, -0.500023127, -0.700362623, 0.592791975, 0.39761591, 0.0975983366, 0.631345093, -0.76934129),CanCollide = false,BackSurface = Enum.SurfaceType.SmoothNoOutlines,BottomSurface = Enum.SurfaceType.SmoothNoOutlines,FrontSurface = Enum.SurfaceType.SmoothNoOutlines,LeftSurface = Enum.SurfaceType.SmoothNoOutlines,RightSurface = Enum.SurfaceType.SmoothNoOutlines,TopSurface = Enum.SurfaceType.SmoothNoOutlines,Color = Color3.new(1, 0, 0),})
Mesh = New("SpecialMesh",Handle2,"Mesh",{Scale = Vector3.new(1.02999997, 0.747730851, 1.00999999),MeshType = Enum.MeshType.Brick,})
mot = New("Weld",Handle2,"mot",{Part0 = Handle2,Part1 = W3d,C0 = CFrame.new(0, 0, 0, -0.707108021, -0.700336993, 0.0976039991, -0.499998957, 0.592818618, 0.631321788, -0.499999434, 0.397610754, -0.769354522),C1 = CFrame.new(3.57862854, 3.35755515, -0.462949753, -1.00000119, 1.07884407e-005, -1.23381615e-005, 1.05500221e-005, 1.00000036, 3.40491533e-006, 1.22338533e-005, 3.63588333e-006, -0.999999821),})
Handle2 = New("Part",Model,"Handle2",{BrickColor = BrickColor.new("Really red"),Material = Enum.Material.SmoothPlastic,Size = Vector3.new(0.765078783, 0.200000003, 0.769577205),CFrame = CFrame.new(-49.4797096, 7.25177002, -17.2578106, 0.500024259, -0.500009179, -0.707089722, -0.397615761, 0.592793405, -0.700362325, 0.769341707, 0.631343663, 0.0975991189),CanCollide = false,BackSurface = Enum.SurfaceType.SmoothNoOutlines,BottomSurface = Enum.SurfaceType.SmoothNoOutlines,FrontSurface = Enum.SurfaceType.SmoothNoOutlines,LeftSurface = Enum.SurfaceType.SmoothNoOutlines,RightSurface = Enum.SurfaceType.SmoothNoOutlines,TopSurface = Enum.SurfaceType.SmoothNoOutlines,Color = Color3.new(1, 0, 0),})
Mesh = New("SpecialMesh",Handle2,"Mesh",{Scale = Vector3.new(1.02999997, 0.747730851, 1.00999999),MeshType = Enum.MeshType.Brick,})
mot = New("Weld",Handle2,"mot",{Part0 = Handle2,Part1 = W3d,C0 = CFrame.new(0, 0, 0, 0.499999046, -0.397610068, 0.769355118, -0.499998659, 0.59281975, 0.631320894, -0.707108498, -0.700336397, 0.0976048186),C1 = CFrame.new(3.58009338, 3.3524344, -0.461891174, -1.0000037, 1.10268593e-005, -1.2435019e-005, 1.02818012e-005, 1.00000095, 3.19629908e-006, 1.19954348e-005, 3.90410423e-006, -0.999999344),})
Handle1 = New("Part",Model,"Handle1",{BrickColor = BrickColor.new("Really black"),Material = Enum.Material.SmoothPlastic,Size = Vector3.new(0.765078783, 0.200000003, 0.819532275),CFrame = CFrame.new(-49.4762535, 7.25768757, -17.2570343, 0.50002569, -0.500010431, -0.707091331, -0.397616386, 0.592793703, -0.700362742, 0.769341469, 0.631343067, 0.0975991562),CanCollide = false,BackSurface = Enum.SurfaceType.SmoothNoOutlines,BottomSurface = Enum.SurfaceType.SmoothNoOutlines,FrontSurface = Enum.SurfaceType.SmoothNoOutlines,LeftSurface = Enum.SurfaceType.SmoothNoOutlines,RightSurface = Enum.SurfaceType.SmoothNoOutlines,TopSurface = Enum.SurfaceType.SmoothNoOutlines,Color = Color3.new(0.0666667, 0.0666667, 0.0666667),})
Mesh = New("SpecialMesh",Handle1,"Mesh",{Scale = Vector3.new(1.01999998, 0.979549885, 1.01999998),MeshType = Enum.MeshType.Brick,})
mot = New("Weld",Handle1,"mot",{Part0 = Handle1,Part1 = W3d,C0 = CFrame.new(0, 0, 0, 0.499999046, -0.397610068, 0.769355118, -0.499998659, 0.59281975, 0.631320894, -0.707108498, -0.700336397, 0.0976048186),C1 = CFrame.new(3.57663727, 3.35835218, -0.462667465, -1.0000062, 1.12652779e-005, -1.26510859e-005, 1.01029873e-005, 1.00000167, 2.87592411e-006, 1.18538737e-005, 4.17232513e-006, -0.999998808),})
Handle1 = New("Part",Model,"Handle1",{BrickColor = BrickColor.new("Really black"),Material = Enum.Material.SmoothPlastic,Size = Vector3.new(0.765078783, 0.200000003, 0.819532275),CFrame = CFrame.new(-44.4891891, 0.978224754, -17.7153168, 1.06555899e-005, 0.500031948, 0.866017878, 0.138009846, -0.857729793, 0.495242804, 0.990433097, 0.119514406, -0.0690175369),CanCollide = false,BackSurface = Enum.SurfaceType.SmoothNoOutlines,BottomSurface = Enum.SurfaceType.SmoothNoOutlines,FrontSurface = Enum.SurfaceType.SmoothNoOutlines,LeftSurface = Enum.SurfaceType.SmoothNoOutlines,RightSurface = Enum.SurfaceType.SmoothNoOutlines,TopSurface = Enum.SurfaceType.SmoothNoOutlines,Color = Color3.new(0.0666667, 0.0666667, 0.0666667),})
Mesh = New("SpecialMesh",Handle1,"Mesh",{Scale = Vector3.new(1.01999998, 0.979549885, 1.01999998),MeshType = Enum.MeshType.Brick,})
mot = New("Weld",Handle1,"mot",{Part0 = Handle1,Part1 = W3d,C0 = CFrame.new(0, 0, 0, 0, 0.138032958, 0.990427613, 0.499999821, -0.857735693, 0.119540073, 0.866025507, 0.495213598, -0.0690164492),C1 = CFrame.new(-1.41030884, -2.9211905, -0.00456428528, -1.00000858, 1.14440918e-005, -1.28298998e-005, 9.89437103e-006, 1.00000238, 2.55554914e-006, 1.16825104e-005, 4.50760126e-006, -0.999998271),})
Claw = New("Part",Model,"Claw",{BrickColor = BrickColor.new("Really red"),Material = Enum.Material.Neon,FormFactor = Enum.FormFactor.Custom,Size = Vector3.new(0.200000003, 0.200000003, 0.200000003),CFrame = CFrame.new(-43.4054718, -0.840126991, -16.2956963, -0.353578418, 0.8660115, 0.353564948, 0.508913517, 0.495241046, -0.70409584, -0.784854591, -0.0690190643, -0.615831077),CanCollide = false,BottomSurface = Enum.SurfaceType.Smooth,TopSurface = Enum.SurfaceType.Smooth,Color = Color3.new(1, 0, 0),})
Mesh = New("SpecialMesh",Claw,"Mesh",{Scale = Vector3.new(1.57516229, 0.900093496, 0.900090456),MeshId = "http://www.roblox.com/Asset/?id=9756362",MeshType = Enum.MeshType.FileMesh,})
mot = New("Weld",Claw,"mot",{Part0 = Claw,Part1 = W3d,C0 = CFrame.new(0, 0, 0, -0.353553176, 0.508904219, -0.784867346, 0.866025507, 0.495213479, -0.0690178275, 0.353553385, -0.704116583, -0.615808249),C1 = CFrame.new(-2.49398804, -4.73951721, -1.42423058, -1, 9.56649728e-006, -1.15780313e-005, 9.5664418e-006, 1, 4.76104515e-006, 1.15780767e-005, 4.76093419e-006, -1),})
FingerBottem = New("Part",Model,"FingerBottem",{BrickColor = BrickColor.new("Really black"),Material = Enum.Material.SmoothPlastic,Size = Vector3.new(0.765078783, 1.76418316, 0.810081363),CFrame = CFrame.new(-44.2867393, 0.627879858, -17.6665001, 9.80359346e-006, 0.500027359, 0.866013348, 0.138011485, -0.857728243, 0.495241195, 0.99043411, 0.119515151, -0.0690176487),CanCollide = false,BackSurface = Enum.SurfaceType.SmoothNoOutlines,BottomSurface = Enum.SurfaceType.SmoothNoOutlines,FrontSurface = Enum.SurfaceType.SmoothNoOutlines,LeftSurface = Enum.SurfaceType.SmoothNoOutlines,RightSurface = Enum.SurfaceType.SmoothNoOutlines,TopSurface = Enum.SurfaceType.SmoothNoOutlines,Color = Color3.new(0.0666667, 0.0666667, 0.0666667),})
Mesh = New("SpecialMesh",FingerBottem,"Mesh",{MeshType = Enum.MeshType.Brick,})
