--fixed the regular shot and move anims
Meshes = {Blast = "20329976", Crown = "1323306", Ring = "3270017", Claw = "10681506", Crystal = "9756362", Coil = "9753878", Cloud = "1095708"}
clangsounds = {"199149119", "199149109", "199149072", "199149025", "199148971"}
hitsounds = {"199149137", "199149186", "199149221", "199149235", "199149269", "199149297"}
blocksounds = {"199148933", "199148947"}
armorsounds = {"199149321", "199149338", "199149367", "199149409", "199149452"}
woosh = {Heavy1 = "320557353", Heavy2 = "320557382", Heavy3 = "320557453", Heavy4 = "199144226", Heavy5 = "203691447", Heavy6 = "203691467", Heavy7 = "203691492", Light1 = "320557413", Light2 = "320557487", Light3 = "199145095", Light4 = "199145146", Light5 = "199145887", Light6 = "199145913", Light7 = "199145841", Medium1 = "320557518", Medium2 = "320557537", Medium3 = "320557563", Medium4 = "199145204"}
music = {Breaking = "179281636", FinalReckoning = "357375770", NotDeadYet = "346175829", Intense = "151514610", JumpP1 = "160536628", JumpP2 = "60536666", SonsOfWar = "158929777", WrathOfSea = "165520893", ProtectorsOfEarth = "160542922", SkyTitans = "179282324", ArchAngel = "144043274", Anticipation = "168614529", TheMartyred = "186849544", AwakeP1 = "335631255", AwakeP2 = "335631297", ReadyAimFireP1 = "342455387", ReadyAimFireP2 = "342455399", DarkLordP1 = "209567483", DarkLordP2 = "209567529", BloodDrainP1 = "162914123", BloodDrainP2 = "162914203", DanceOfSwords = "320473062", Opal = "286415112", Calamity = "190454307", Hypnotica = "155968128", Nemisis = "160453802", Breathe = "276963903", GateToTheRift = "270655227", InfernalBeserking = "244143404", Trust = "246184492", AwakeningTheProject = "245121821", BloodPain = "242545577", Chaos = "247241693", NightmareFictionHighStake = "248062278", TheWhiteWeapon = "247236446", Gale = "256851659", ImperialCode = "256848383", Blitzkrieg = "306431437", RhapsodyRage = "348690251", TheGodFist = "348541501", BattleForSoul = "321185592", TheDarkColossus = "305976780", EmpireOfAngels = "302580452", Kronos = "302205297", Exorcist = "299796054", CrimsonFlames = "297799220", UltimatePower = "295753229", DrivingInTheDark = "295753229", AscendToPower = "293860654", GodOfTheSun = "293612495", DarkRider = "293861765", Vengeance = "293375555", SoundOfWar = "293376196", HellsCrusaders = "293012202", Legend = "293011823", RisingSouls = "290524959"}
misc = {GroundSlam = "199145477", LaserSlash = "199145497", RailGunFire = "199145534", Charge1 = "199145659", Charge2 = "169380469", Charge3 = "169380479", EmptyGun = "203691822", GunShoot = "203691837", Stomp1 = "200632875", Stomp2 = "200632561", TelsaCannonCharge = "169445572", TelsaCannonShoot = "169445602", AncientHymm = "245313442"}
wait(0.016666666666667)
Player = game:GetService("Players").LocalPlayer
Character = Player.Character
PlayerGui = Player.PlayerGui
Backpack = Player.Backpack
Torso = Character.Torso
Head = Character.Head
Humanoid = Character.Humanoid
m = Instance.new("Model", Character)
LeftArm = Character["Left Arm"]
LeftLeg = Character["Left Leg"]
RightArm = Character["Right Arm"]
RightLeg = Character["Right Leg"]
LS = Torso["Left Shoulder"]
LH = Torso["Left Hip"]
RS = Torso["Right Shoulder"]
RH = Torso["Right Hip"]
Face = Head.face
Neck = Torso.Neck
attacktype = 1
vt = Vector3.new
cf = CFrame.new
euler = CFrame.fromEulerAnglesXYZ
angles = CFrame.Angles
cloaked = false
necko = cf(0, 1, 0, -1, 0, 0, 0, 0, 1, 0, 1, 0)
necko2 = cf(0, -0.5, 0, -1, 0, 0, 0, 0, 1, 0, 1, 0)
LHC0 = cf(-1, -1, 0, 0, 0, -1, 0, 1, 0, 1, 0, 0)
LHC1 = cf(-0.5, 1, 0, 0, 0, -1, 0, 1, 0, 1, 0, 0)
RHC0 = cf(1, -1, 0, 0, 0, 1, 0, 1, 0, -1, 0, 0)
RHC1 = cf(0.5, 1, 0, 0, 0, 1, 0, 1, 0, -1, 0, 0)
RootPart = Character.HumanoidRootPart
RootJoint = RootPart.RootJoint
RootCF = euler(-1.57, 0, 3.14)
attack = false
attackdebounce = false
deb = false
equipped = true
hand = false
MMouse = nil
combo = 0
mana = 0
trispeed = 0.2
attackmode = "none"
local idle = 0
local Anim = "Idle"
local gun = false
local shoot = false
player = nil
mana = 0
mouse = Player:GetMouse()
RSH = nil
RW = Instance.new("Weld")
LW = Instance.new("Weld")
RH = Torso["Right Hip"]
LH = Torso["Left Hip"]
RSH = Torso["Right Shoulder"]
LSH = Torso["Left Shoulder"]
TorsoColor = Torso.BrickColor
Colorpart1 = Torso.BrickColor.r
Colorpart2 = Torso.BrickColor.g
Colorpart3 = Torso.BrickColor.b
NoOutline = function(Part)
  Part.TopSurface = 10
end

player = Player
ch = Character
RSH = ch.Torso["Right Shoulder"]
LSH = ch.Torso["Left Shoulder"]
RSH.Parent = nil
LSH.Parent = nil
RW.Name = "Right Shoulder"
RW.Part0 = ch.Torso
RW.C0 = cf(1.5, 0.5, 0)
RW.C1 = cf(0, 0.5, 0)
RW.Part1 = ch["Right Arm"]
RW.Parent = ch.Torso
LW.Name = "Left Shoulder"
LW.Part0 = ch.Torso
LW.C0 = cf(-1.5, 0.5, 0)
LW.C1 = cf(0, 0.5, 0)
LW.Part1 = ch["Left Arm"]
LW.Parent = ch.Torso
Player = game:GetService("Players").LocalPlayer
Character = Player.Character
Mouse = Player:GetMouse()
Bulletcount = 6
local weldBetween = function(a, b)
  local weldd = Instance.new("ManualWeld")
  weldd.Part0 = a
  weldd.Part1 = b
  weldd.C0 = CFrame.new()
  weldd.C1 = b.CFrame:inverse() * a.CFrame
  weldd.Parent = a
  return weldd
end

it = Instance.new
nooutline = function(part)
  part.TopSurface = 10
end

part = function(formfactor, parent, material, reflectance, transparency, brickcolor, name, size)
  local fp = it("Part")
  fp.formFactor = formfactor
  fp.Parent = parent
  fp.Reflectance = reflectance
  fp.Transparency = transparency
  fp.CanCollide = false
  fp.Locked = true
  fp.BrickColor = BrickColor.new(tostring(brickcolor))
  fp.Name = name
  fp.Size = size
  fp.Position = Character.Torso.Position
  nooutline(fp)
  fp.Material = material
  fp:BreakJoints()
  return fp
end

mesh = function(Mesh, part, meshtype, meshid, offset, scale)
  local mesh = it(Mesh)
  mesh.Parent = part
  if Mesh == "SpecialMesh" then
    mesh.MeshType = meshtype
    mesh.MeshId = meshid
  end
  mesh.Offset = offset
  mesh.Scale = scale
  return mesh
end

weld = function(parent, part0, part1, c0, c1)
  local weld = it("Weld")
  weld.Parent = parent
  weld.Part0 = part0
  weld.Part1 = part1
  weld.C0 = c0
  weld.C1 = c1
  return weld
end

GunHandle = part(Enum.FormFactor.Custom, m, Enum.Material.SmoothPlastic, 0, 0, "Institutional white", "Handle", Vector3.new(0.381150067, 0.381150067, 0.381150067))
GunHandleweld = weld(m, Character["Right Arm"], GunHandle, CFrame.new(0, 0, 0, 1, 0, 0, 0, 1, 0, 0, 0, 1), CFrame.new(0.268424988, -0.889885187, -1.09672546e-005, 1.33454066e-007, 0.342020243, -0.939692557, -2.71807494e-007, -0.939692557, -0.342020243, -1, 3.01059487e-007, -3.24421308e-008))
mesh("SpecialMesh", GunHandle, Enum.MeshType.Brick, "", Vector3.new(0, 0, 0), Vector3.new(0.5, 1.10000002, 0.899999976))
Part = part(Enum.FormFactor.Custom, m, Enum.Material.SmoothPlastic, 0, 0, "Institutional white", "Part", Vector3.new(0.381150067, 0.381150067, 0.381150067))
Partweld = weld(m, GunHandle, Part, CFrame.new(0, 0, 0, 1, 0, 0, 0, 1, 0, 0, 0, 1), CFrame.new(9.53674316e-007, -0.953024864, 0.129212379, -4.37114096e-008, 1.59872116e-014, -1, -0.939692676, 0.342020005, 4.10753103e-008, 0.342020005, 0.939692676, -1.49501655e-008))
mesh("SpecialMesh", Part, Enum.MeshType.Torso, "", Vector3.new(0, 0, 0), Vector3.new(0.899999976, 1, 1.10000002))
Part = part(Enum.FormFactor.Custom, m, Enum.Material.SmoothPlastic, 0, 0, TorsoColor, "Part", Vector3.new(0.381150067, 0.381150067, 0.381150067))
Partweld = weld(m, GunHandle, Part, CFrame.new(0, 0, 0, 1, 0, 0, 0, 1, 0, 0, 0, 1), CFrame.new(-4.17971992, 0.11357975, 0, 0.939692616, 0.342020094, 2.63613131e-009, -0.342020094, 0.939692616, 1.4950194e-008, 2.6361171e-009, -1.49502029e-008, 1))
mesh("SpecialMesh", Part, Enum.MeshType.Brick, "", Vector3.new(0, 0, 0), Vector3.new(7.5, 1, 1))
Part = part(Enum.FormFactor.Custom, m, Enum.Material.SmoothPlastic, 0, 0, "Institutional white", "Part", Vector3.new(0.381150067, 0.381150067, 0.381150067))
Partweld = weld(m, GunHandle, Part, CFrame.new(0, 0, 0, 1, 0, 0, 0, 1, 0, 0, 0, 1), CFrame.new(4.76837158e-007, 0.0182886124, -1.77848053, 8.56958948e-009, 1.90287484e-008, -1, -0.342020094, 0.939692616, 1.4950194e-008, 0.939692616, 0.342020094, 1.45609942e-008))
mesh("SpecialMesh", Part, Enum.MeshType.FileMesh, "http://www.roblox.com/asset/?id=9756362", Vector3.new(0, 0, 0), Vector3.new(0.600000024, 0.403200001, 0.403200001))
Part = part(Enum.FormFactor.Custom, m, Enum.Material.SmoothPlastic, 0, 0, "Institutional white", "Part", Vector3.new(0.381150067, 0.381150067, 0.381150067))
Partweld = weld(m, GunHandle, Part, CFrame.new(0, 0, 0, 1, 0, 0, 0, 1, 0, 0, 0, 1), CFrame.new(4.76837158e-007, 0.0182931423, 5.51375294, 1.32045113e-008, -1.71789978e-007, 1, -0.342020392, 0.939692497, 1.65945977e-007, -0.939692497, -0.342020392, -4.63474912e-008))
mesh("SpecialMesh", Part, Enum.MeshType.Cylinder, "", Vector3.new(0, 0, 0), Vector3.new(1.00999999, 0.100000001, 0.100000001))
Part = part(Enum.FormFactor.Custom, m, Enum.Material.SmoothPlastic, 0, 0, "Institutional white", "Part", Vector3.new(0.381150067, 0.381150067, 0.381150067))
Partweld = weld(m, GunHandle, Part, CFrame.new(0, 0, 0, 1, 0, 0, 0, 1, 0, 0, 0, 1), CFrame.new(4.76837158e-007, 0.11357975, 5.51375103, 1.32045113e-008, -1.71789978e-007, 1, -0.342020392, 0.939692497, 1.65945977e-007, -0.939692497, -0.342020392, -4.63474912e-008))
mesh("SpecialMesh", Part, Enum.MeshType.Cylinder, "", Vector3.new(0, 0, 0), Vector3.new(1.00999999, 0.100000001, 0.100000001))
Part = part(Enum.FormFactor.Custom, m, Enum.Material.SmoothPlastic, 0, 0, "Institutional white", "Part", Vector3.new(0.381150067, 0.381150067, 0.381150067))
Partweld = weld(m, GunHandle, Part, CFrame.new(0, 0, 0, 1, 0, 0, 0, 1, 0, 0, 0, 1), CFrame.new(4.76837158e-007, 0.208868504, 5.51374912, 1.32045113e-008, -1.71789978e-007, 1, -0.342020392, 0.939692497, 1.65945977e-007, -0.939692497, -0.342020392, -4.63474912e-008))
mesh("SpecialMesh", Part, Enum.MeshType.Cylinder, "", Vector3.new(0, 0, 0), Vector3.new(1.00999999, 0.100000001, 0.100000001))
Part = part(Enum.FormFactor.Custom, m, Enum.Material.SmoothPlastic, 0, 0, "Institutional white", "Part", Vector3.new(0.381150067, 0.381150067, 0.381150067))
Partweld = weld(m, GunHandle, Part, CFrame.new(0, 0, 0, 1, 0, 0, 0, 1, 0, 0, 0, 1), CFrame.new(0, 0.208867311, 2.84569836, 1.32045113e-008, -1.71789978e-007, 1, -0.342020392, 0.939692497, 1.65945977e-007, -0.939692497, -0.342020392, -4.63474912e-008))
mesh("SpecialMesh", Part, Enum.MeshType.Cylinder, "", Vector3.new(0, 0, 0), Vector3.new(1.00999999, 0.100000001, 0.100000001))
Part = part(Enum.FormFactor.Custom, m, Enum.Material.SmoothPlastic, 0, 0, "Institutional white", "Part", Vector3.new(0.381150067, 0.381150067, 0.381150067))
Partweld = weld(m, GunHandle, Part, CFrame.new(0, 0, 0, 1, 0, 0, 0, 1, 0, 0, 0, 1), CFrame.new(0, 0.0182921886, 2.84569836, 1.32045113e-008, -1.71789978e-007, 1, -0.342020392, 0.939692497, 1.65945977e-007, -0.939692497, -0.342020392, -4.63474912e-008))
mesh("SpecialMesh", Part, Enum.MeshType.Cylinder, "", Vector3.new(0, 0, 0), Vector3.new(1.00999999, 0.100000001, 0.100000001))
Part = part(Enum.FormFactor.Custom, m, Enum.Material.SmoothPlastic, 0, 0, "Institutional white", "Part", Vector3.new(0.381150067, 0.381150067, 0.381150067))
Partweld = weld(m, GunHandle, Part, CFrame.new(0, 0, 0, 1, 0, 0, 0, 1, 0, 0, 0, 1), CFrame.new(0, 0.113578558, 2.84569359, 1.32045113e-008, -1.71789978e-007, 1, -0.342020392, 0.939692497, 1.65945977e-007, -0.939692497, -0.342020392, -4.63474912e-008))
mesh("SpecialMesh", Part, Enum.MeshType.Cylinder, "", Vector3.new(0, 0, 0), Vector3.new(1.00999999, 0.100000001, 0.100000001))
Part = part(Enum.FormFactor.Custom, m, Enum.Material.SmoothPlastic, 0, 0, "Institutional white", "Part", Vector3.new(0.381150067, 0.381150067, 0.381150067))
Partweld = weld(m, GunHandle, Part, CFrame.new(0, 0, 0, 1, 0, 0, 0, 1, 0, 0, 0, 1), CFrame.new(0, 0.113579512, 4.17971992, 1.32045113e-008, -1.71789978e-007, 1, -0.342020392, 0.939692497, 1.65945977e-007, -0.939692497, -0.342020392, -4.63474912e-008))
mesh("SpecialMesh", Part, Enum.MeshType.Cylinder, "", Vector3.new(0, 0, 0), Vector3.new(1.00999999, 0.25, 0.25))
Part = part(Enum.FormFactor.Custom, m, Enum.Material.SmoothPlastic, 0, 0, "Institutional white", "Part", Vector3.new(0.381150067, 0.381150067, 0.381150067))
Partweld = weld(m, GunHandle, Part, CFrame.new(0, 0, 0, 1, 0, 0, 0, 1, 0, 0, 0, 1), CFrame.new(0, 0.113581657, 4.94202137, 1.32045113e-008, -1.71789978e-007, 1, -0.342020392, 0.939692497, 1.65945977e-007, -0.939692497, -0.342020392, -4.63474912e-008))
mesh("SpecialMesh", Part, Enum.MeshType.Cylinder, "", Vector3.new(0, 0, 0), Vector3.new(1.00999999, 0.25, 0.25))
Part = part(Enum.FormFactor.Custom, m, Enum.Material.SmoothPlastic, 0, 0, "Institutional white", "Part", Vector3.new(0.381150067, 0.381150067, 0.381150067))
Partweld = weld(m, GunHandle, Part, CFrame.new(0, 0, 0, 1, 0, 0, 0, 1, 0, 0, 0, 1), CFrame.new(0, 0.113580942, 3.41741848, 1.32045113e-008, -1.71789978e-007, 1, -0.342020392, 0.939692497, 1.65945977e-007, -0.939692497, -0.342020392, -4.63474912e-008))
mesh("SpecialMesh", Part, Enum.MeshType.Cylinder, "", Vector3.new(0, 0, 0), Vector3.new(1.00999999, 0.25, 0.25))
Part = part(Enum.FormFactor.Custom, m, Enum.Material.SmoothPlastic, 0, 0, "Institutional white", "Part", Vector3.new(0.381150067, 0.381150067, 0.381150067))
Partweld = weld(m, GunHandle, Part, CFrame.new(0, 0, 0, 1, 0, 0, 0, 1, 0, 0, 0, 1), CFrame.new(-1.66413498, 0.113578558, 0, 0.939692616, 0.342020094, 7.61535688e-008, -0.342020094, 0.939692616, -3.01059487e-007, -1.74529333e-007, 2.56857305e-007, 1))
mesh("SpecialMesh", Part, Enum.MeshType.Brick, "", Vector3.new(0, 0, 0), Vector3.new(6, 1.10000002, 0.899999976))
Part = part(Enum.FormFactor.Custom, m, Enum.Material.SmoothPlastic, 0, 0, "Institutional white", "Part", Vector3.new(0.381150067, 0.381150067, 0.381150067))
Partweld = weld(m, GunHandle, Part, CFrame.new(0, 0, 0, 1, 0, 0, 0, 1, 0, 0, 0, 1), CFrame.new(-1.99341202, -0.442775249, 0, 0.996194661, 0.0871559829, 1.52967971e-007, -0.0871559829, 0.996194661, -2.82404528e-007, -1.76999123e-007, 2.67997791e-007, 1))
mesh("SpecialMesh", Part, Enum.MeshType.Brick, "", Vector3.new(0, 0, 0), Vector3.new(0.5, 1.10000002, 0.899999976))
Part = part(Enum.FormFactor.Custom, m, Enum.Material.SmoothPlastic, 0, 0, "Institutional white", "Part", Vector3.new(0.381150067, 0.381150067, 0.381150067))
Partweld = weld(m, GunHandle, Part, CFrame.new(0, 0, 0, 1, 0, 0, 0, 1, 0, 0, 0, 1), CFrame.new(-1.71560287, -0.943623543, 0, 0.984807849, -0.173647612, 2.22336723e-007, 0.173647612, 0.984807849, -2.44504179e-007, -1.76501374e-007, 2.79397881e-007, 1))
mesh("SpecialMesh", Part, Enum.MeshType.Brick, "", Vector3.new(0, 0, 0), Vector3.new(0.5, 1.10000002, 0.899999976))
Part = part(Enum.FormFactor.Custom, m, Enum.Material.SmoothPlastic, 0, 0, "Institutional white", "Part", Vector3.new(0.381150067, 0.381150067, 0.381150067))
Partweld = weld(m, GunHandle, Part, CFrame.new(0, 0, 0, 1, 0, 0, 0, 1, 0, 0, 0, 1), CFrame.new(-1.31763077, -1.35550165, 0, 0.906307995, -0.422617674, 2.79532543e-007, 0.422617674, 0.906307995, -1.89941261e-007, -1.73070049e-007, 2.90280695e-007, 1))
mesh("SpecialMesh", Part, Enum.MeshType.Brick, "", Vector3.new(0, 0, 0), Vector3.new(0.5, 1.10000002, 0.899999976))
Part = part(Enum.FormFactor.Custom, m, Enum.Material.SmoothPlastic, 0, 0, "Institutional white", "Part", Vector3.new(0.381150067, 0.381150067, 0.381150067))
Partweld = weld(m, GunHandle, Part, CFrame.new(0, 0, 0, 1, 0, 0, 0, 1, 0, 0, 0, 1), CFrame.new(-0.826614857, -1.65033817, 0, 0.766044676, -0.642787278, 3.20657591e-007, 0.642787278, 0.766044676, -1.22434102e-007, -1.66938946e-007, 2.99904627e-007, 1))
mesh("SpecialMesh", Part, Enum.MeshType.Brick, "", Vector3.new(0, 0, 0), Vector3.new(0.5, 1.10000002, 0.899999976))
Part = part(Enum.FormFactor.Custom, m, Enum.Material.SmoothPlastic, 0, 0, "Institutional white", "Part", Vector3.new(0.381150067, 0.381150067, 0.381150067))
Partweld = weld(m, GunHandle, Part, CFrame.new(0, 0, 0, 1, 0, 0, 0, 1, 0, 0, 0, 1), CFrame.new(-0.237905979, -1.80804634, 0, 0.573577225, -0.819151521, 3.42909118e-007, 0.819151521, 0.573577225, -4.65834837e-008, -1.58525921e-007, 3.07613732e-007, 1))
mesh("SpecialMesh", Part, Enum.MeshType.Brick, "", Vector3.new(0, 0, 0), Vector3.new(0.5, 1.10000002, 0.899999976))
Part = part(Enum.FormFactor.Custom, m, Enum.Material.SmoothPlastic, 0, 0, "Institutional white", "Part", Vector3.new(0.381150067, 0.381150067, 0.381150067))
Partweld = weld(m, GunHandle, Part, CFrame.new(0, 0, 0, 1, 0, 0, 0, 1, 0, 0, 0, 1), CFrame.new(1.21473026, 1.17686081, 0, -0.422618568, -0.906307578, 2.33652415e-007, -0.906307578, 0.422618568, -2.35821346e-007, 1.14980821e-007, -3.11423435e-007, -1))
mesh("SpecialMesh", Part, Enum.MeshType.Brick, "", Vector3.new(0, 0, 0), Vector3.new(0.5, 1.10000002, 0.899999976))
Part = part(Enum.FormFactor.Custom, m, Enum.Material.SmoothPlastic, 0, 0, "Institutional white", "Part", Vector3.new(0.381150067, 0.381150067, 0.381150067))
Partweld = weld(m, GunHandle, Part, CFrame.new(0, 0, 0, 1, 0, 0, 0, 1, 0, 0, 0, 1), CFrame.new(1.4658556, 0.484131813, 0, -0.819152176, -0.573576212, 9.02945203e-008, -0.573576212, 0.819152176, -2.99197779e-007, 9.7647785e-008, -2.96879307e-007, -1))
mesh("SpecialMesh", Part, Enum.MeshType.Brick, "", Vector3.new(0, 0, 0), Vector3.new(0.5, 1.10000002, 0.899999976))
Part = part(Enum.FormFactor.Custom, m, Enum.Material.SmoothPlastic, 0, 0, "Institutional white", "Part", Vector3.new(0.381150067, 0.381150067, 0.381150067))
Partweld = weld(m, GunHandle, Part, CFrame.new(0, 0, 0, 1, 0, 0, 0, 1, 0, 0, 0, 1), CFrame.new(0.689001441, 1.65122223, 0, 0.0871550441, -0.99619472, 3.2611581e-007, -0.99619472, -0.0871550441, -1.0925686e-007, 1.37263726e-007, -3.15352565e-007, -1))
mesh("SpecialMesh", Part, Enum.MeshType.Brick, "", Vector3.new(0, 0, 0), Vector3.new(0.5, 1.10000002, 0.899999976))
Part = part(Enum.FormFactor.Custom, m, Enum.Material.SmoothPlastic, 0, 0, "Institutional white", "Part", Vector3.new(0.381150067, 0.381150067, 0.381150067))
Partweld = weld(m, GunHandle, Part, CFrame.new(0, 0, 0, 1, 0, 0, 0, 1, 0, 0, 0, 1), CFrame.new(1.38589287, 0.847026825, 0, -0.642787814, -0.766044259, 1.66145298e-007, -0.766044259, 0.642787814, -2.76946309e-007, 1.05356911e-007, -3.05292332e-007, -1))
mesh("SpecialMesh", Part, Enum.MeshType.Brick, "", Vector3.new(0, 0, 0), Vector3.new(0.5, 1.10000002, 0.899999976))
Part = part(Enum.FormFactor.Custom, m, Enum.Material.SmoothPlastic, 0, 0, "Institutional white", "Part", Vector3.new(0.381150067, 0.381150067, 0.381150067))
Partweld = weld(m, GunHandle, Part, CFrame.new(0, 0, 0, 1, 0, 0, 0, 1, 0, 0, 0, 1), CFrame.new(0.964036465, 1.4511528, 0, -0.173648596, -0.98480773, 2.88215375e-007, -0.98480773, 0.173648596, -1.78625584e-007, 1.25863636e-007, -3.14854816e-007, -1))
mesh("SpecialMesh", Part, Enum.MeshType.Brick, "", Vector3.new(0, 0, 0), Vector3.new(0.5, 1.10000002, 0.899999976))
Part = part(Enum.FormFactor.Custom, m, Enum.Material.SmoothPlastic, 0, 0, TorsoColor, "Part", Vector3.new(0.381150067, 0.381150067, 0.381150067))
Partweld = weld(m, GunHandle, Part, CFrame.new(0, 0, 0, 1, 0, 0, 0, 1, 0, 0, 0, 1), CFrame.new(4.76837158e-007, 0.0182888508, -1.77848053, 8.56958948e-009, 1.90287484e-008, -1, -0.342020094, 0.939692616, 1.4950194e-008, 0.939692616, 0.342020094, 1.45609942e-008))
mesh("SpecialMesh", Part, Enum.MeshType.Cylinder, "", Vector3.new(0, 0, 0), Vector3.new(0.910000026, 1.5, 1.5))
Part = part(Enum.FormFactor.Custom, m, Enum.Material.SmoothPlastic, 0, 0, "Institutional white", "Part", Vector3.new(0.381150067, 0.381150067, 0.381150067))
Partweld = weld(m, GunHandle, Part, CFrame.new(0, 0, 0, 1, 0, 0, 0, 1, 0, 0, 0, 1), CFrame.new(0.670000553, -0.0719742775, -5.36790085, 1.33454066e-007, -2.71807494e-007, -1, -0.342020601, 0.939692438, -3.01059487e-007, 0.939692438, 0.342020601, 3.24420135e-008))
mesh("SpecialMesh", Part, Enum.MeshType.FileMesh, "http://www.roblox.com/asset/?id=92135524", Vector3.new(0, 0, 0), Vector3.new(0.190575033, 0.190575033, 0.190575033))
Part = part(Enum.FormFactor.Custom, m, Enum.Material.SmoothPlastic, 0, 0, "Institutional white", "Part", Vector3.new(0.381150067, 0.381150067, 0.381150067))
Partweld = weld(m, GunHandle, Part, CFrame.new(0, 0, 0, 1, 0, 0, 0, 1, 0, 0, 0, 1), CFrame.new(-0.659999847, -0.0719754696, -5.36789989, 1.33454066e-007, -2.71807494e-007, -1, -0.342020392, 0.939692497, -3.01059487e-007, 0.939692497, 0.342020392, 3.24420846e-008))
mesh("SpecialMesh", Part, Enum.MeshType.FileMesh, "http://www.roblox.com/asset/?id=92135508", Vector3.new(0, 0, 0), Vector3.new(0.190575033, 0.190575033, 0.190575033))
Part = part(Enum.FormFactor.Custom, m, Enum.Material.SmoothPlastic, 0, 0, "Institutional white", "Part", Vector3.new(0.381150067, 0.381150067, 0.381150067))
Partweld = weld(m, GunHandle, Part, CFrame.new(0, 0, 0, 1, 0, 0, 0, 1, 0, 0, 0, 1), CFrame.new(-0.4897995, 0.0615938902, 0, 0.965925753, 0.258819044, 1.48945745e-009, -0.258819044, 0.965925753, 1.13133343e-008, 1.48941481e-009, -1.13133485e-008, 1))
mesh("SpecialMesh", Part, Enum.MeshType.Brick, "", Vector3.new(0, 0, 0), Vector3.new(0.5, 1.10000002, 0.899999976))
Part = part(Enum.FormFactor.Custom, m, Enum.Material.SmoothPlastic, 0, 0, "Institutional white", "Part", Vector3.new(0.381150067, 0.381150067, 0.381150067))
Partweld = weld(m, GunHandle, Part, CFrame.new(0, 0, 0, 1, 0, 0, 0, 1, 0, 0, 0, 1), CFrame.new(-0.323446274, 0.0280549526, 0, 0.98480773, 0.173648268, 6.64051925e-010, -0.173648268, 0.98480773, 7.59049534e-009, 6.64112321e-010, -7.59047314e-009, 1))
mesh("SpecialMesh", Part, Enum.MeshType.Brick, "", Vector3.new(0, 0, 0), Vector3.new(0.5, 1.10000002, 0.899999976))
Part = part(Enum.FormFactor.Custom, m, Enum.Material.SmoothPlastic, 0, 0, "Institutional white", "Part", Vector3.new(0.381150067, 0.381150067, 0.381150067))
Partweld = weld(m, GunHandle, Part, CFrame.new(0, 0, 0, 1, 0, 0, 0, 1, 0, 0, 0, 1), CFrame.new(-0.172198296, 0.0073826313, 0, 0.996194661, 0.0871557742, 1.66355818e-010, -0.0871557742, 0.996194661, 3.80969301e-009, 1.66313185e-010, -3.80967968e-009, 1))
mesh("SpecialMesh", Part, Enum.MeshType.Brick, "", Vector3.new(0, 0, 0), Vector3.new(0.5, 1.10000002, 0.899999976))
Part = part(Enum.FormFactor.Custom, m, Enum.Material.SmoothPlastic, 0, 0, "Institutional white", "Part", Vector3.new(0.381150067, 0.381150067, 0.381150067))
Partweld = weld(m, GunHandle, Part, CFrame.new(0, 0, 0, 1, 0, 0, 0, 1, 0, 0, 0, 1), CFrame.new(0.172844887, 0.00577545166, 0, 0.99619472, -0.0871556699, 1.66338054e-010, 0.0871556699, 0.99619472, -3.80969656e-009, 1.66338054e-010, 3.80970278e-009, 1))
mesh("SpecialMesh", Part, Enum.MeshType.Brick, "", Vector3.new(0, 0, 0), Vector3.new(0.5, 1.10000002, 0.899999976))
Part = part(Enum.FormFactor.Custom, m, Enum.Material.SmoothPlastic, 0, 0, "Institutional white", "Part", Vector3.new(0.381150067, 0.381150067, 0.381150067))
Partweld = weld(m, GunHandle, Part, CFrame.new(0, 0, 0, 1, 0, 0, 0, 1, 0, 0, 0, 1), CFrame.new(0.345030785, 0.0304279327, 0, 0.98480773, -0.173648208, 6.64124755e-010, 0.173648208, 0.98480773, -7.59039764e-009, 6.64048372e-010, 7.59040564e-009, 1))
mesh("SpecialMesh", Part, Enum.MeshType.Brick, "", Vector3.new(0, 0, 0), Vector3.new(0.5, 1.10000002, 0.899999976))
Part = part(Enum.FormFactor.Custom, m, Enum.Material.SmoothPlastic, 0, 0, "Institutional white", "Part", Vector3.new(0.381150067, 0.381150067, 0.381150067))
Partweld = weld(m, GunHandle, Part, CFrame.new(0, 0, 0, 1, 0, 0, 0, 1, 0, 0, 0, 1), CFrame.new(0.515238762, 0.0700221062, 0, 0.965925813, -0.258818954, 1.48945389e-009, 0.258818954, 0.965925813, -1.13132934e-008, 1.48938284e-009, 1.13132979e-008, 1))
mesh("SpecialMesh", Part, Enum.MeshType.Brick, "", Vector3.new(0, 0, 0), Vector3.new(0.5, 1.10000002, 0.899999976))
Part = part(Enum.FormFactor.Custom, m, Enum.Material.SmoothPlastic, 0, 0, "Institutional white", "Part", Vector3.new(0.381150067, 0.381150067, 0.381150067))
Partweld = weld(m, GunHandle, Part, CFrame.new(0, 0, 0, 1, 0, 0, 0, 1, 0, 0, 0, 1), CFrame.new(0.682182312, 0.126252174, 0, 0.939692676, -0.342019945, 2.63611533e-009, 0.342019945, 0.939692676, -1.49501673e-008, 2.63610644e-009, 1.49501904e-008, 1))
mesh("SpecialMesh", Part, Enum.MeshType.Brick, "", Vector3.new(0, 0, 0), Vector3.new(0.5, 1.10000002, 0.899999976))
Part = part(Enum.FormFactor.Custom, m, Enum.Material.SmoothPlastic, 0, 0, "Institutional white", "Part", Vector3.new(0.381150067, 0.381150067, 0.381150067))
Partweld = weld(m, GunHandle, Part, CFrame.new(0, 0, 0, 1, 0, 0, 0, 1, 0, 0, 0, 1), CFrame.new(4.76837158e-007, 0.323209524, -4.17972374, -4.37114096e-008, 1.59872116e-014, -1, -0.342020094, 0.939692616, 1.4950194e-008, 0.939692616, 0.342020094, -4.10752889e-008))
mesh("SpecialMesh", Part, Enum.MeshType.FileMesh, "http://www.roblox.com/asset/?id=9756362", Vector3.new(0, 0, 0), Vector3.new(0.190575033, 0.57172507, 0.190575033))
Part = part(Enum.FormFactor.Custom, m, Enum.Material.SmoothPlastic, 0, 0, "Institutional white", "Part", Vector3.new(0.381150067, 0.381150067, 0.381150067))
Partweld = weld(m, GunHandle, Part, CFrame.new(0, 0, 0, 1, 0, 0, 0, 1, 0, 0, 0, 1), CFrame.new(9.53674316e-007, 0.323212624, -4.94202137, -4.37114096e-008, 1.59872116e-014, -1, -0.342020094, 0.939692616, 1.4950194e-008, 0.939692616, 0.342020094, -4.10752889e-008))
mesh("SpecialMesh", Part, Enum.MeshType.FileMesh, "http://www.roblox.com/asset/?id=9756362", Vector3.new(0, 0, 0), Vector3.new(0.190575033, 0.57172507, 0.190575033))
Part = part(Enum.FormFactor.Custom, m, Enum.Material.SmoothPlastic, 0, 0, "Institutional white", "Part", Vector3.new(0.381150067, 0.381150067, 0.381150067))
Partweld = weld(m, GunHandle, Part, CFrame.new(0, 0, 0, 1, 0, 0, 0, 1, 0, 0, 0, 1), CFrame.new(4.76837158e-007, 0.323210716, -3.41741848, -4.37114096e-008, 1.59872116e-014, -1, -0.342020094, 0.939692616, 1.4950194e-008, 0.939692616, 0.342020094, -4.10752889e-008))
mesh("SpecialMesh", Part, Enum.MeshType.FileMesh, "http://www.roblox.com/asset/?id=9756362", Vector3.new(0, 0, 0), Vector3.new(0.190575033, 0.57172507, 0.190575033))
Part = part(Enum.FormFactor.Custom, m, Enum.Material.SmoothPlastic, 0, 0, "Institutional white", "Part", Vector3.new(0.381150067, 0.381150067, 0.381150067))
Partweld = weld(m, GunHandle, Part, CFrame.new(0, 0, 0, 1, 0, 0, 0, 1, 0, 0, 0, 1), CFrame.new(0, 0.132636786, -2.46454144, -4.37114096e-008, 1.59872116e-014, -1, -0.342020094, 0.939692616, 1.4950194e-008, 0.939692616, 0.342020094, -4.10752889e-008))
mesh("SpecialMesh", Part, Enum.MeshType.FileMesh, "http://www.roblox.com/asset/?id=9756362", Vector3.new(0, 0, 0), Vector3.new(0.381150067, 0.952875078, 0.476437539))
Part = part(Enum.FormFactor.Custom, m, Enum.Material.SmoothPlastic, 0, 0, "Institutional white", "Part", Vector3.new(0.381150067, 0.381150067, 0.381150067))
Partweld = weld(m, GunHandle, Part, CFrame.new(0, 0, 0, 1, 0, 0, 0, 1, 0, 0, 0, 1), CFrame.new(4.76837158e-007, 0.0182888508, -1.77848053, 8.56958948e-009, 1.90287484e-008, -1, -0.342020094, 0.939692616, 1.4950194e-008, 0.939692616, 0.342020094, 1.45609924e-008))
mesh("SpecialMesh", Part, Enum.MeshType.FileMesh, "http://www.roblox.com/asset/?id=9756362", Vector3.new(0, 0, 0), Vector3.new(0.238218769, 1.90575016, 0.285862535))
Part = part(Enum.FormFactor.Custom, m, Enum.Material.SmoothPlastic, 0, 0, "Institutional white", "Part", Vector3.new(0.381150067, 0.381150067, 0.381150067))
Partweld = weld(m, GunHandle, Part, CFrame.new(0, 0, 0, 1, 0, 0, 0, 1, 0, 0, 0, 1), CFrame.new(0, -0.128981352, -0.489798546, -4.37113954e-008, 2.13162821e-014, -1, -0.258819014, 0.965925753, 1.13133352e-008, 0.965925753, 0.258819014, -4.22219593e-008))
mesh("SpecialMesh", Part, Enum.MeshType.FileMesh, "http://www.roblox.com/asset/?id=9756362", Vector3.new(0, 0, 0), Vector3.new(0.247747526, 0.476437539, 0.381150067))
Part = part(Enum.FormFactor.Custom, m, Enum.Material.SmoothPlastic, 0, 0, "Institutional white", "Part", Vector3.new(0.381150067, 0.381150067, 0.381150067))
Partweld = weld(m, GunHandle, Part, CFrame.new(0, 0, 0, 1, 0, 0, 0, 1, 0, 0, 0, 1), CFrame.new(0, -0.183193088, -0.172199249, -4.37114096e-008, 1.77635684e-014, -1, -0.0871557742, 0.996194661, 3.80972143e-009, 0.996194661, 0.0871557742, -4.3545068e-008))
mesh("SpecialMesh", Part, Enum.MeshType.FileMesh, "http://www.roblox.com/asset/?id=9756362", Vector3.new(0, 0, 0), Vector3.new(0.247747526, 0.476437539, 0.381150067))
Part = part(Enum.FormFactor.Custom, m, Enum.Material.SmoothPlastic, 0, 0, "Institutional white", "Part", Vector3.new(0.381150067, 0.381150067, 0.381150067))
Partweld = weld(m, GunHandle, Part, CFrame.new(0, 0, 0, 1, 0, 0, 0, 1, 0, 0, 0, 1), CFrame.new(0, -0.108569622, 0.172843933, 1.33454066e-007, -2.71807494e-007, -1, 0.0871556997, 0.996194661, -2.59141927e-007, 0.996194661, -0.0871556997, 1.56635821e-007))
mesh("SpecialMesh", Part, Enum.MeshType.Cylinder, "", Vector3.new(0, 0, 0), Vector3.new(1.00999999, 0.100000001, 0.100000001))
Part = part(Enum.FormFactor.Custom, m, Enum.Material.SmoothPlastic, 0, 0, "Institutional white", "Part", Vector3.new(0.381150067, 0.381150067, 0.381150067))
Partweld = weld(m, GunHandle, Part, CFrame.new(0, 0, 0, 1, 0, 0, 0, 1, 0, 0, 0, 1), CFrame.new(0, 0.175938845, -0.489797592, 1.33454066e-007, -2.71807494e-007, -1, -0.258819014, 0.965925753, -2.97086331e-007, 0.965925753, 0.258819014, 5.85577808e-008))
mesh("SpecialMesh", Part, Enum.MeshType.Cylinder, "", Vector3.new(0, 0, 0), Vector3.new(1.00999999, 0.100000001, 0.100000001))
Part = part(Enum.FormFactor.Custom, m, Enum.Material.SmoothPlastic, 0, 0, "Institutional white", "Part", Vector3.new(0.381150067, 0.381150067, 0.381150067))
Partweld = weld(m, GunHandle, Part, CFrame.new(0, 0, 0, 1, 0, 0, 0, 1, 0, 0, 0, 1), CFrame.new(0, -0.0604324341, -0.48746109, 1.33454066e-007, -2.71807494e-007, -1, -0.258819014, 0.965925753, -2.97086331e-007, 0.965925753, 0.258819014, 5.85577808e-008))
mesh("SpecialMesh", Part, Enum.MeshType.Cylinder, "", Vector3.new(0, 0, 0), Vector3.new(1.00999999, 0.100000001, 0.100000001))
SwordHandle = part(Enum.FormFactor.Custom, m, Enum.Material.SmoothPlastic, 0, 0, "Institutional white", "SwordHandle", Vector3.new(0.381150067, 0.381150067, 0.381150067))
SwordHandleweld = weld(m, GunHandle, SwordHandle, CFrame.new(0, 0, 0, 1, 0, 0, 0, 1, 0, 0, 0, 1), CFrame.new(-4.17971992, 0.11357975, 0, 0.939692616, 0.342020094, 2.63613131e-009, -0.342020094, 0.939692616, 1.4950194e-008, 2.6361171e-009, -1.49502029e-008, 1))
mesh("SpecialMesh", SwordHandle, Enum.MeshType.Brick, "", Vector3.new(0, 0, 0), Vector3.new(7.5999999, 1.10000002, 0.899999976))
BulletHole = part(Enum.FormFactor.Custom, m, Enum.Material.SmoothPlastic, 0, 0, "Really black", "BulletHole", Vector3.new(0.381150067, 0.381150067, 0.381150067))
BulletHoleweld = weld(m, GunHandle, BulletHole, CFrame.new(0, 0, 0, 1, 0, 0, 0, 1, 0, 0, 0, 1), CFrame.new(-5.61284924, 0.113579512, 0, 0.939692616, 0.342020094, 2.63613131e-009, -0.342020094, 0.939692616, 1.4950194e-008, 2.6361171e-009, -1.49502029e-008, 1))
mesh("SpecialMesh", BulletHole, Enum.MeshType.Cylinder, "", Vector3.new(0, 0, 0), Vector3.new(0.100000001, 0.75, 0.75))
Part = part(Enum.FormFactor.Custom, m, Enum.Material.SmoothPlastic, 0, 0, "Dark stone grey", "Part", Vector3.new(0.381150067, 0.381150067, 0.381150067))
Partweld = weld(m, GunHandle, Part, CFrame.new(0, 0, 0, 1, 0, 0, 0, 1, 0, 0, 0, 1), CFrame.new(-5.61094379, 0.113578796, 0, 0.939692616, 0.342020094, 2.63613131e-009, -0.342020094, 0.939692616, 1.4950194e-008, 2.6361171e-009, -1.49502029e-008, 1))
mesh("SpecialMesh", Part, Enum.MeshType.Cylinder, "", Vector3.new(0, 0, 0), Vector3.new(0.100000001, 0.899999976, 0.899999976))
Part = part(Enum.FormFactor.Custom, m, Enum.Material.SmoothPlastic, 0, 0, TorsoColor, "Part", Vector3.new(0.381150067, 0.381150067, 0.381150067))
Partweld = weld(m, GunHandle, Part, CFrame.new(0, 0, 0, 1, 0, 0, 0, 1, 0, 0, 0, 1), CFrame.new(0.515238762, 0.0700221062, 0, 0.965925813, -0.258818954, 1.48945389e-009, 0.258818954, 0.965925813, -1.13132934e-008, 1.48938284e-009, 1.13132979e-008, 1))
mesh("SpecialMesh", Part, Enum.MeshType.Brick, "", Vector3.new(0, 0, 0), Vector3.new(0.5, 1.20000005, 1))
Part = part(Enum.FormFactor.Custom, m, Enum.Material.SmoothPlastic, 0, 0, "Institutional white", "Part", Vector3.new(0.381150067, 0.381150067, 0.381150067))
Partweld = weld(m, GunHandle, Part, CFrame.new(0, 0, 0, 1, 0, 0, 0, 1, 0, 0, 0, 1), CFrame.new(0, -0.184798479, 0.17284584, 1.33454066e-007, -2.71807494e-007, -1, 0.0871556997, 0.996194661, -2.59141927e-007, 0.996194661, -0.0871556997, 1.56635821e-007))
mesh("SpecialMesh", Part, Enum.MeshType.FileMesh, "http://www.roblox.com/asset/?id=9756362", Vector3.new(0, 0, 0), Vector3.new(0.247747526, 0.476437539, 0.381150067))
Part = part(Enum.FormFactor.Custom, m, Enum.Material.SmoothPlastic, 0, 0, "Institutional white", "Part", Vector3.new(0.381150067, 0.381150067, 0.381150067))
Partweld = weld(m, GunHandle, Part, CFrame.new(0, 0, 0, 1, 0, 0, 0, 1, 0, 0, 0, 1), CFrame.new(0, -0.120551586, 0.515238762, 1.33454066e-007, -2.71807494e-007, -1, 0.258818954, 0.965925813, -2.28005462e-007, 0.965925813, -0.258818954, 1.99255666e-007))
mesh("SpecialMesh", Part, Enum.MeshType.FileMesh, "http://www.roblox.com/asset/?id=9756362", Vector3.new(0, 0, 0), Vector3.new(0.247747526, 0.476437539, 0.381150067))
Part = part(Enum.FormFactor.Custom, m, Enum.Material.SmoothPlastic, 0, 0, "Institutional white", "Part", Vector3.new(0.381150067, 0.381150067, 0.381150067))
Partweld = weld(m, GunHandle, Part, CFrame.new(0, 0, 0, 1, 0, 0, 0, 1, 0, 0, 0, 1), CFrame.new(0, 0.184368134, 0.515237808, 1.33454066e-007, -2.71807494e-007, -1, 0.258818954, 0.965925813, -2.28005462e-007, 0.965925813, -0.258818954, 1.99255666e-007))
mesh("SpecialMesh", Part, Enum.MeshType.Cylinder, "", Vector3.new(0, 0, 0), Vector3.new(1.00999999, 0.100000001, 0.100000001))
Part = part(Enum.FormFactor.Custom, m, Enum.Material.SmoothPlastic, 0, 0, "Institutional white", "Part", Vector3.new(0.381150067, 0.381150067, 0.381150067))
Partweld = weld(m, GunHandle, Part, CFrame.new(0, 0, 0, 1, 0, 0, 0, 1, 0, 0, 0, 1), CFrame.new(0, -0.0443205833, 0.515239716, 1.33454066e-007, -2.71807494e-007, -1, 0.258818954, 0.965925813, -2.28005462e-007, 0.965925813, -0.258818954, 1.99255666e-007))
mesh("SpecialMesh", Part, Enum.MeshType.Cylinder, "", Vector3.new(0, 0, 0), Vector3.new(1.00999999, 0.100000001, 0.100000001))
Part = part(Enum.FormFactor.Custom, m, Enum.Material.SmoothPlastic, 0, 0, TorsoColor, "Part", Vector3.new(0.381150067, 0.381150067, 0.381150067))
Partweld = weld(m, GunHandle, Part, CFrame.new(0, 0, 0, 1, 0, 0, 0, 1, 0, 0, 0, 1), CFrame.new(-0.4897995, 0.061593771, 0, 0.965925753, 0.258819014, 1.02269169e-007, -0.258819014, 0.965925753, -2.97086331e-007, -1.75676021e-007, 2.60494147e-007, 1))
mesh("SpecialMesh", Part, Enum.MeshType.Brick, "", Vector3.new(0, 0, 0), Vector3.new(0.5, 1.20000005, 1))
Part = part(Enum.FormFactor.Custom, m, Enum.Material.SmoothPlastic, 0, 0, TorsoColor, "Part", Vector3.new(0.381150067, 0.381150067, 0.381150067))
Partweld = weld(m, GunHandle, Part, CFrame.new(0, 0, 0, 1, 0, 0, 0, 1, 0, 0, 0, 1), CFrame.new(-0.172198296, 0.00738239288, 0, 0.996194661, 0.0871557742, 1.66355818e-010, -0.0871557742, 0.996194661, 3.80969301e-009, 1.66313185e-010, -3.80967968e-009, 1))
mesh("SpecialMesh", Part, Enum.MeshType.Brick, "", Vector3.new(0, 0, 0), Vector3.new(0.5, 1.20000005, 1))
Part = part(Enum.FormFactor.Custom, m, Enum.Material.SmoothPlastic, 0, 0, "Institutional white", "Part", Vector3.new(0.381150067, 0.381150067, 0.381150067))
Partweld = weld(m, GunHandle, Part, CFrame.new(0, 0, 0, 1, 0, 0, 0, 1, 0, 0, 0, 1), CFrame.new(0, 0.121727228, -0.172197342, 1.33454066e-007, -2.71807494e-007, -1, -0.0871557742, 0.996194661, -2.82404471e-007, 0.996194661, 0.0871557742, 1.09256646e-007))
mesh("SpecialMesh", Part, Enum.MeshType.Cylinder, "", Vector3.new(0, 0, 0), Vector3.new(1.00999999, 0.100000001, 0.100000001))
Part = part(Enum.FormFactor.Custom, m, Enum.Material.SmoothPlastic, 0, 0, "Institutional white", "Part", Vector3.new(0.381150067, 0.381150067, 0.381150067))
Partweld = weld(m, GunHandle, Part, CFrame.new(0, 0, 0, 1, 0, 0, 0, 1, 0, 0, 0, 1), CFrame.new(0, -0.106962085, -0.172197342, 1.33454066e-007, -2.71807494e-007, -1, -0.0871557742, 0.996194661, -2.82404471e-007, 0.996194661, 0.0871557742, 1.09256646e-007))
mesh("SpecialMesh", Part, Enum.MeshType.Cylinder, "", Vector3.new(0, 0, 0), Vector3.new(1.00999999, 0.100000001, 0.100000001))
Part = part(Enum.FormFactor.Custom, m, Enum.Material.SmoothPlastic, 0, 0, TorsoColor, "Part", Vector3.new(0.381150067, 0.381150067, 0.381150067))
Partweld = weld(m, GunHandle, Part, CFrame.new(0, 0, 0, 1, 0, 0, 0, 1, 0, 0, 0, 1), CFrame.new(0.172844887, 0.00577545166, 0, 0.99619472, -0.0871556699, 1.66338054e-010, 0.0871556699, 0.99619472, -3.80969656e-009, 1.66338054e-010, 3.80970278e-009, 1))
mesh("SpecialMesh", Part, Enum.MeshType.Brick, "", Vector3.new(0, 0, 0), Vector3.new(0.5, 1.20000005, 1))
Part = part(Enum.FormFactor.Custom, m, Enum.Material.SmoothPlastic, 0, 0, "Institutional white", "Part", Vector3.new(0.381150067, 0.381150067, 0.381150067))
Partweld = weld(m, GunHandle, Part, CFrame.new(0, 0, 0, 1, 0, 0, 0, 1, 0, 0, 0, 1), CFrame.new(0, 0.120121241, 0.17284584, 1.33454066e-007, -2.71807494e-007, -1, 0.0871556997, 0.996194661, -2.59141927e-007, 0.996194661, -0.0871556997, 1.56635821e-007))
mesh("SpecialMesh", Part, Enum.MeshType.Cylinder, "", Vector3.new(0, 0, 0), Vector3.new(1.00999999, 0.100000001, 0.100000001))
Part = part(Enum.FormFactor.Custom, m, Enum.Material.SmoothPlastic, 0, 0, TorsoColor, "Part", Vector3.new(0.381150067, 0.381150067, 0.381150067))
Partweld = weld(m, GunHandle, Part, CFrame.new(0, 0, 0, 1, 0, 0, 0, 1, 0, 0, 0, 1), CFrame.new(-4.76837158e-007, 0.856247663, 1.77848053, 2.58338559e-007, -5.6264372e-007, -1, 0.342020243, -0.939692557, 6.1706919e-007, -0.939692557, -0.342020243, -5.03233153e-008))
mesh("SpecialMesh", Part, Enum.MeshType.Sphere, "", Vector3.new(0, 0, 0), Vector3.new(1.5, 1, 1.5))
Part = part(Enum.FormFactor.Custom, m, Enum.Material.SmoothPlastic, 0, 0, "Institutional white", "Part", Vector3.new(0.381150067, 0.381150067, 0.381150067))
Partweld = weld(m, GunHandle, Part, CFrame.new(0, 0, 0, 1, 0, 0, 0, 1, 0, 0, 0, 1), CFrame.new(-4.76837158e-007, 0.856247425, 1.77848053, 2.58338559e-007, -5.6264372e-007, -1, 0.342020243, -0.939692557, 6.1706919e-007, -0.939692557, -0.342020243, -5.03233153e-008))
mesh("SpecialMesh", Part, Enum.MeshType.Sphere, "", Vector3.new(0, 0, 0), Vector3.new(1.75, 0.75, 1.75))
Part = part(Enum.FormFactor.Custom, m, Enum.Material.SmoothPlastic, 0, 0, TorsoColor, "Part", Vector3.new(0.381150067, 0.381150067, 0.381150067))
Partweld = weld(m, GunHandle, Part, CFrame.new(0, 0, 0, 1, 0, 0, 0, 1, 0, 0, 0, 1), CFrame.new(-4.76837158e-007, 0.856247425, 1.77848053, 2.58338559e-007, -5.6264372e-007, -1, 0.342020243, -0.939692557, 6.1706919e-007, -0.939692557, -0.342020243, -5.03233153e-008))
mesh("SpecialMesh", Part, Enum.MeshType.Sphere, "", Vector3.new(0, 0, 0), Vector3.new(2, 0.5, 2))
Part = part(Enum.FormFactor.Custom, m, Enum.Material.SmoothPlastic, 0, 0, "Institutional white", "Part", Vector3.new(0.381150067, 0.381150067, 0.381150067))
Partweld = weld(m, GunHandle, Part, CFrame.new(0, 0, 0, 1, 0, 0, 0, 1, 0, 0, 0, 1), CFrame.new(-4.76837158e-007, 0.856247425, 1.77848053, 2.58338559e-007, -5.6264372e-007, -1, 0.342020243, -0.939692557, 6.1706919e-007, -0.939692557, -0.342020243, -5.03233153e-008))
mesh("SpecialMesh", Part, Enum.MeshType.Sphere, "", Vector3.new(0, 0, 0), Vector3.new(2.25, 0.25, 2.25))
Part = part(Enum.FormFactor.Custom, m, Enum.Material.SmoothPlastic, 0, 0, "Institutional white", "Part", Vector3.new(0.381150067, 0.381150067, 0.381150067))
