local p = game.Players.LocalPlayer
local char = p.Character
local mouse = p:GetMouse()
local larm = char["Left Arm"]
local rarm = char["Right Arm"]
local lleg = char["Left Leg"]
local rleg = char["Right Leg"]
local hed = char.Head
local torso = char.Torso
local hum = char.Humanoid
local cam = game.Workspace.CurrentCamera
local root = char.HumanoidRootPart

local particleemitter = Instance.new("ParticleEmitter", torso)
particleemitter.VelocitySpread = 180
particleemitter.LockedToPart = true
particleemitter.Lifetime = NumberRange.new(0.1)
particleemitter.Speed = NumberRange.new(2)
particleemitter.Size = NumberSequence.new({NumberSequenceKeypoint.new(0, 1), NumberSequenceKeypoint.new(1, 5.563)})
particleemitter.RotSpeed = NumberRange.new(-45, 45)
particleemitter.Rate = 100
particleemitter.Rotation = NumberRange.new(-45, 45)
particleemitter.Transparency = NumberSequence.new({NumberSequenceKeypoint.new(0, 0), NumberSequenceKeypoint.new(0.701, 0), NumberSequenceKeypoint.new(1, 1)})
particleemitter.LightEmission = 0
particleemitter.Color = ColorSequence.new(Color3.new(255, 0, 0), Color3.new(0, 0, 255))

s = Instance.new('Sound',char)
s.SoundId = "rbxassetid://367193208" -- 356686094 = megalotrousle,414711562 = here we are,367193208 = SharaX DDYD
s.Volume=3
s.Pitch = 1
s.Looped = true
s:Play()
local deb = false
local shot = 0
local debris=game:service"Debris"
local l = game:GetService("Lighting")
local rs = game:GetService("RunService").RenderStepped
hum.MaxHealth = math.huge
hum.Health = math.huge
ptz = {0.8, 0.85, 0.9, 0.95, 1, 1.05, 1.1}
math.randomseed(os.time())
for i,v in pairs (hed:GetChildren()) do
        if v:IsA("Sound") then
                v:Destroy()
        end
end


----------------------------------------------------
Debounces = {
CanAttack = true;
NoIdl = false;
Slashing = false;
Slashed = false;
RPunch = false;
RPunched = false;
LPunch = false;
LPunched = false;
}
local Touche = {char.Name, }
----------------------------------------------------
hed.face.Texture = "rbxassetid://257837512"
----------------------------------------------------
ypcall(function()
char.Shirt:Destroy()
char.Pants:Destroy()
shirt = Instance.new("Shirt", char)
shirt.Name = "Shirt"
pants = Instance.new("Pants", char)
pants.Name = "Pants"
char.Shirt.ShirtTemplate = "rbxassetid://345371561"
char.Pants.PantsTemplate = "rbxassetid://345372241"
end)
----------------------------------------------------
function lerp(a, b, t) -- Linear interpolation
        return a + (b - a)*t
end

function slerp(a, b, t) --Spherical interpolation
        dot = a:Dot(b)
        if dot > 0.99999 or dot < -0.99999 then
                return t <= 0.5 and a or b
        else
                r = math.acos(dot)
                return (a*math.sin((1 - t)*r) + b*math.sin(t*r)) / math.sin(r)
        end
end

function matrixInterpolate(a, b, t)
        local ax, ay, az, a00, a01, a02, a10, a11, a12, a20, a21, a22 = a:components()
        local bx, by, bz, b00, b01, b02, b10, b11, b12, b20, b21, b22 = b:components()
        local v0 = lerp(Vector3.new(ax, ay, az), Vector3.new(bx , by , bz), t) -- Position
        local v1 = slerp(Vector3.new(a00, a01, a02), Vector3.new(b00, b01, b02), t) -- Vector  right
        local v2 = slerp(Vector3.new(a10, a11, a12), Vector3.new(b10, b11, b12), t) -- Vector  up
        local v3 = slerp(Vector3.new(a20, a21, a22), Vector3.new(b20, b21, b22), t) -- Vector  back
        local t = v1:Dot(v2)
        if not (t < 0 or t == 0 or t > 0) then         -- Failsafe
                return CFrame.new()
        end
        return CFrame.new(
        v0.x, v0.y, v0.z,
        v1.x, v1.y, v1.z,
        v2.x, v2.y, v2.z,
        v3.x, v3.y, v3.z)
end
----------------------------------------------------
function genWeld(a,b)
    local w = Instance.new("Weld",a)
    w.Part0 = a
    w.Part1 = b
    return w
end
function weld(a, b)
    local weld = Instance.new("Weld")
    weld.Name = "W"
    weld.Part0 = a
    weld.Part1 = b
    weld.C0 = a.CFrame:inverse() * b.CFrame
    weld.Parent = a
    return weld;
end
----------------------------------------------------
function Lerp(c1,c2,al)
local com1 = {c1.X,c1.Y,c1.Z,c1:toEulerAnglesXYZ()}
local com2 = {c2.X,c2.Y,c2.Z,c2:toEulerAnglesXYZ()}
for i,v in pairs(com1) do
com1[i] = v+(com2[i]-v)*al
end
return CFrame.new(com1[1],com1[2],com1[3]) * CFrame.Angles(select(4,unpack(com1)))
end
----------------------------------------------------
newWeld = function(wp0, wp1, wc0x, wc0y, wc0z)
local wld = Instance.new("Weld", wp1)
wld.Part0 = wp0
wld.Part1 = wp1
wld.C0 = CFrame.new(wc0x, wc0y, wc0z)
end
----------------------------------------------------
function weld5(part0, part1, c0, c1)
    weeld=Instance.new("Weld", part0)
    weeld.Part0=part0
    weeld.Part1=part1
    weeld.C0=c0
    weeld.C1=c1
    return weeld
end
----------------------------------------------------
function HasntTouched(plrname)
local ret = true
for _, v in pairs(Touche) do
if v == plrname then
ret = false
end
end
return ret
end
----------------------------------------------------
newWeld(torso, larm, -1.5, 0.5, 0)
larm.Weld.C1 = CFrame.new(0, 0.5, 0)
newWeld(torso, rarm, 1.5, 0.5, 0)
rarm.Weld.C1 = CFrame.new(0, 0.5, 0)
newWeld(torso, hed, 0, 1.5, 0)
newWeld(torso, lleg, -0.5, -1, 0)
lleg.Weld.C1 = CFrame.new(0, 1, 0)
newWeld(torso, rleg, 0.5, -1, 0)
rleg.Weld.C1 = CFrame.new(0, 1, 0)
newWeld(root, torso, 0, -1, 0)
torso.Weld.C1 = CFrame.new(0, -1, 0)
----------------------------------------------------
--[[z = Instance.new("Sound", char)
z.SoundId = "rbxassetid://303570180"--303570180
z.Looped = true
z.Pitch = 1
z.Volume = 1
wait(.1)
z:Play()]]
----------------------------------------------------
local Transforming = true
hum.WalkSpeed = 0
local fx = Instance.new("Part",torso)
fx.Anchored = true
fx.Material = "Neon"
fx.CanCollide = false
fx.Locked = true
fx.Transparency = 1
fx.Material = "SmoothPlastic"
fx.Size = Vector3.new(1,1,1)
fx.TopSurface = "SmoothNoOutlines"
fx.BottomSurface = "SmoothNoOutlines"
fx.BrickColor = BrickColor.new("Really black")
fxm = Instance.new("SpecialMesh",fx)
fxm.MeshId = "http://www.roblox.com/asset/?id=9982590" --9982590
fxm.Scale = Vector3.new(1,1,1)
for i = 1, 20 do rs:wait()
        fx.Transparency = fx.Transparency - (1/20)
        fx.CFrame = torso.CFrame
        fxm.Scale = fxm.Scale + Vector3.new(0.5,0.5,0.5)
        rs:wait()
end
----------------------------------------------------
lleg.Transparency = 0
rleg.Transparency = 0
larm.Transparency = 1
rarm.Transparency = 1
torso.Transparency = 0
----------------------------------------------------------------- Left Arm -----------------------------------------------------------------
larm1 = Instance.new("Part", char)
larm1.Name = "Middle"
larm1.BrickColor = BrickColor.new("Royal purple")
larm1.Size = Vector3.new(1, 2, 1)
larm1.CanCollide = false
larm1.BottomSurface = "Smooth"
larm1.TopSurface = "Smooth"
larm1.Material = "Neon"
Weld = Instance.new("Weld",larm) 
Weld.Part0 = larm
Weld.C0 = CFrame.new(1.50225258, 0.0474791527, -0.0102558136, -0.999930143, -0.0050761546, -0.0106693096, -0.00506608794, 0.999986708, -0.000970000518, 0.0106740929, -0.00091586099, -0.999942601)	
Weld.Part1 = larm1
Weld.C1 = CFrame.new(1.50225258, 0.0474791527, -0.0102558136, -0.999930143, -0.0050761546, -0.0106693096, -0.00506608794, 0.999986708, -0.000970000518, 0.0106740929, -0.00091586099, -0.999942601)

larm2 = Instance.new("Part", char)
larm2.BrickColor = BrickColor.new("Really black")
larm2.Size = Vector3.new(1, 0.4, 1)
larm2.CanCollide = false
larm2.BottomSurface = "Smooth"
larm2.TopSurface = "Smooth"
Weld = Instance.new("Weld",larm) 
Weld.Part0 = larm
Weld.C0 = CFrame.new(1.50225258, 0.0474791527, -0.0102558136, -0.999930143, -0.0050761546, -0.0106693096, -0.00506608794, 0.999986708, -0.000970000518, 0.0106740929, -0.00091586099, -0.999942601)	
Weld.Part1 = larm2
Weld.C1 = CFrame.new(-0.452633858, -0.349740982, -1.50225353, -0.00506608887, 0.999986708, -0.00096991309, -0.0106740929, 0.000915773562, 0.999942601, 0.999930143, 0.0050761546, 0.0106693096)

larm3 = Instance.new("Part", char)
larm3.BrickColor = BrickColor.new("Really black")
larm3.Size = Vector3.new(1, 0.4, 1)
larm3.CanCollide = false
larm3.BottomSurface = "Smooth"
larm3.TopSurface = "Smooth"
Weld = Instance.new("Weld",larm) 
Weld.Part0 = larm
Weld.C0 = CFrame.new(1.50225258, 0.0474791527, -0.0102558136, -0.999930143, -0.0050761546, -0.0106693096, -0.00506608794, 0.999986708, -0.000970000518, 0.0106740929, -0.00091586099, -0.999942601)	
Weld.Part1 = larm3
Weld.C1 = CFrame.new(-0.452513218, -1.90224648, -0.0102577209, -0.00506604509, 0.999986708, -0.000969912624, 0.999930143, 0.00507611083, 0.0106693096, 0.0106740929, -0.000915773562, -0.999942601)	

larm4 = Instance.new("Part", char)
larm4.BrickColor = BrickColor.new("Really black")
larm4.Size = Vector3.new(1, 0.4, 1)
larm4.CanCollide = false
larm4.BottomSurface = "Smooth"
larm4.TopSurface = "Smooth"
Weld = Instance.new("Weld",larm) 
Weld.Part0 = larm
Weld.C0 = CFrame.new(1.50225258, 0.0474791527, -0.0102558136, -0.999930143, -0.0050761546, -0.0106693096, -0.00506608794, 0.999986708, -0.000970000518, 0.0106740929, -0.00091586099, -0.999942601)	
Weld.Part1 = larm4
Weld.C1 = CFrame.new(-0.452511787, -0.41024971, 1.50225258, -0.00506623974, 0.999986708, -0.000969914719, 0.0106740929, -0.000915773562, -0.999942601, -0.999930143, -0.00507630548, -0.0106693096)	

larm5 = Instance.new("Part", char)
larm5.BrickColor = BrickColor.new("Really black")
larm5.Size = Vector3.new(1, 0.4, 1)
larm5.CanCollide = false
larm5.BottomSurface = "Smooth"
larm5.TopSurface = "Smooth"
Weld = Instance.new("Weld",larm) 
Weld.Part0 = larm
Weld.C0 = CFrame.new(1.50225258, 0.0474791527, -0.0102558136, -0.999930143, -0.0050761546, -0.0106693096, -0.00506608794, 0.999986708, -0.000970000518, 0.0106740929, -0.00091586099, -0.999942601)	
Weld.Part1 = larm5
Weld.C1 = CFrame.new(-1.50225163, -0.762512684, 0.0102577209, 0.999930143, 0.0050761546, 0.0106693534, -0.00506608794, 0.999986708, -0.000970000518, -0.0106741367, 0.000915860757, 0.999942601)

larm6 = Instance.new("Part", char)
larm6.BrickColor = BrickColor.new("Really black")
larm6.Size = Vector3.new(1, 0.4, 1)
larm6.CanCollide = false
larm6.BottomSurface = "Smooth"
larm6.TopSurface = "Smooth"
Mesh = Instance.new("SpecialMesh", larm6)
Mesh.MeshType = "Brick"
Mesh.Scale = Vector3.new(1.1, 1.1, 1.1)
Weld = Instance.new("Weld",larm) 
Weld.Part0 = larm
Weld.C0 = CFrame.new(1.50225258, 0.0474791527, -0.0102558136, -0.999930143, -0.0050761546, -0.0106693096, -0.00506608794, 0.999986708, -0.000970000518, 0.0106740929, -0.00091586099, -0.999942601)	
Weld.Part1 = larm6
Weld.C1 = CFrame.new(0.0102558136, 0.847481251, 1.50225353, -0.0106740929, 0.00091586099, 0.999942601, -0.00506608794, 0.999986708, -0.000970000518, -0.999930143, -0.0050761546, -0.0106693096)

larm7 = Instance.new("Part", char)
larm7.BrickColor = BrickColor.new("New Yeller")
larm7.Size = Vector3.new(0.5, 0.3, 2)
larm7.CanCollide = false
larm7.BottomSurface = "Smooth"
larm7.TopSurface = "Smooth"
larm7.Material = "Neon"
larm7.Transparency = 1
mesh7 = Instance.new('SpecialMesh', larm7)
mesh7.MeshId = "http://www.roblox.com/asset/?id=156292355"
mesh7.Scale = Vector3.new(1, 8, 2)
Weld = Instance.new("Weld",larm) 
Weld.Part0 = larm
Weld.C0 = CFrame.new(1.50225258, 0.0474791527, -0.0102558136, -0.999930143, -0.0050761546, -0.0106693096, -0.00506608794, 0.999986708, -0.000970000518, 0.0106740929, -0.00091586099, -0.999942601)	
Weld.Part1 = larm7
Weld.C1 = CFrame.new(-0.339956284, 1.83238316, 1.50933075, 0.11770986, 0.484406531, 0.866887927, -0.967169523, 0.253912479, -0.0105566857, -0.225227386, -0.837184966, 0.498391271)

larm8 = Instance.new("Part", char)
larm8.BrickColor = BrickColor.new("Really black")
larm8.Size = Vector3.new(1, 0.4, 1)
larm8.CanCollide = false
larm8.BottomSurface = "Smooth"
larm8.TopSurface = "Smooth"
Weld = Instance.new("Weld",larm) 
Weld.Part0 = larm
Weld.C0 = CFrame.new(1.50225258, 0.0474791527, -0.0102558136, -0.999930143, -0.0050761546, -0.0106693096, -0.00506608794, 0.999986708, -0.000970000518, 0.0106740929, -0.00091586099, -0.999942601)	
Weld.Part1 = larm8
Weld.C1 = CFrame.new(0.247514963, -0.0102424622, 1.58225441, -0.00506623974, 0.999986708, -0.000969914719, 0.0106740929, -0.000915773562, -0.999942601, -0.999930143, -0.00507630548, -0.0106693096)	
----------------------------------------------------------------- Right Arm -----------------------------------------------------------------
rarm1 = Instance.new("Part", char)
rarm1.Name = "Middle"
rarm1.BrickColor = BrickColor.new("Royal purple")
rarm1.Size = Vector3.new(1, 2, 1)
rarm1.CanCollide = false
rarm1.BottomSurface = "Smooth"
rarm1.TopSurface = "Smooth"
rarm1.Material = "Neon"
Weld = Instance.new("Weld",rarm) 
Weld.Part0 = rarm
Weld.C0 = CFrame.new(-1.50168228, 0.0418539047, -0.00368309021, -0.999974012, 0.00369570963, 0.00619300362, 0.00366159948, 0.999978125, -0.00550886011, -0.00621323194, -0.00548603525, -0.999965668)	
Weld.Part1 = rarm1
Weld.C1 = CFrame.new(-1.50168228, 0.0418539047, -0.00368309021, -0.999974012, 0.00369570963, 0.00619300362, 0.00366159948, 0.999978125, -0.00550886011, -0.00621323194, -0.00548603525, -0.999965668)	

rarm2 = Instance.new("Part", char)
rarm2.BrickColor = BrickColor.new("Really black")
rarm2.Size = Vector3.new(1, 0.4, 1)
rarm2.CanCollide = false
rarm2.BottomSurface = "Smooth"
rarm2.TopSurface = "Smooth"
Weld = Instance.new("Weld",rarm) 
Weld.Part0 = rarm
Weld.C0 = CFrame.new(-1.50168228, 0.0418539047, -0.00368309021, -0.999974012, 0.00369570963, 0.00619300362, 0.00366159948, 0.999978125, -0.00550886011, -0.00621323194, -0.00548603525, -0.999965668)	
Weld.Part1 = rarm2
Weld.C1 = CFrame.new(-0.458259583, -0.356315613, 1.50168037, 0.00366159994, 0.999978125, -0.00550877256, 0.00621323148, 0.00548594771, 0.999965668, 0.999974012, -0.00369570963, -0.00619300362)

rarm3 = Instance.new("Part", char)
rarm3.BrickColor = BrickColor.new("Really black")
rarm3.Size = Vector3.new(1, 0.4, 1)
rarm3.CanCollide = false
rarm3.BottomSurface = "Smooth"
rarm3.TopSurface = "Smooth"
Weld = Instance.new("Weld",rarm) 
Weld.Part0 = rarm
Weld.C0 = CFrame.new(-1.50168228, 0.0418539047, -0.00368309021, -0.999974012, 0.00369570963, 0.00619300362, 0.00366159948, 0.999978125, -0.00550886011, -0.00621323194, -0.00548603525, -0.999965668)	
Weld.Part1 = rarm3
Weld.C1 = CFrame.new(-1.50168133, -0.768137932, -0.00367927551, -0.999974012, 0.00369570986, 0.00619304739, 0.00366159948, 0.999978125, -0.00550886011, -0.00621327572, -0.00548603525, -0.999965668)

rarm4 = Instance.new("Part", char)
rarm4.BrickColor = BrickColor.new("Really black")
rarm4.Size = Vector3.new(1, 0.4, 1)
rarm4.CanCollide = false
rarm4.BottomSurface = "Smooth"
rarm4.TopSurface = "Smooth"
Weld = Instance.new("Weld",rarm) 
Weld.Part0 = rarm
Weld.C0 = CFrame.new(-1.50168228, 0.0418539047, -0.00368309021, -0.999974012, 0.00369570963, 0.00619300362, 0.00366159948, 0.999978125, -0.00550886011, -0.00621323194, -0.00548603525, -0.999965668)	
Weld.Part1 = rarm4
Weld.C1 = CFrame.new(-0.00368309021, 1.8716774, 0.458146095, -0.00621323194, -0.00548603525, -0.999965668, 0.999974012, -0.0036957534, -0.00619300315, -0.00366164325, -0.999978125, 0.00550886057)

rarm5 = Instance.new("Part", char)
rarm5.BrickColor = BrickColor.new("Really black")
rarm5.Size = Vector3.new(1, 0.4, 1)
rarm5.CanCollide = false
rarm5.BottomSurface = "Smooth"
rarm5.TopSurface = "Smooth"
Mesh = Instance.new("SpecialMesh", rarm5)
Mesh.MeshType = "Brick"
Mesh.Scale = Vector3.new(1.1, 1.1, 1.1)
Weld = Instance.new("Weld",rarm) 
Weld.Part0 = rarm
Weld.C0 = CFrame.new(-1.50168228, 0.0418539047, -0.00368309021, -0.999974012, 0.00369570963, 0.00619300362, 0.00366159948, 0.999978125, -0.00550886011, -0.00621323194, -0.00548603525, -0.999965668)	
Weld.Part1 = rarm5
Weld.C1 = CFrame.new(0.00368118286, 0.841855764, -1.50168228, 0.00621323194, 0.00548603525, 0.999965668, 0.00366159948, 0.999978125, -0.00550886011, -0.999974012, 0.00369570963, 0.00619300362)

rarm6 = Instance.new("Part", char)
rarm6.BrickColor = BrickColor.new("Really black")
rarm6.Size = Vector3.new(1, 0.4, 1)
rarm6.CanCollide = false
rarm6.BottomSurface = "Smooth"
rarm6.TopSurface = "Smooth"
Weld = Instance.new("Weld",rarm) 
Weld.Part0 = rarm
Weld.C0 = CFrame.new(-1.50168228, 0.0418539047, -0.00368309021, -0.999974012, 0.00369570963, 0.00619300362, 0.00366159948, 0.999978125, -0.00550886011, -0.00621323194, -0.00548603525, -0.999965668)	
Weld.Part1 = rarm6
Weld.C1 = CFrame.new(-1.50168133, -0.403675079, 0.458138466, -0.999974012, 0.00369575364, 0.00619304692, -0.00621327572, -0.00548603525, -0.999965668, -0.00366164325, -0.999978125, 0.00550886057)

rarm7 = Instance.new("Part", char)
rarm7.BrickColor = BrickColor.new("New Yeller")
rarm7.Size = Vector3.new(0.5, 0.3, 2)
rarm7.CanCollide = false
rarm7.Transparency = 1
rarm7.BottomSurface = "Smooth"
rarm7.TopSurface = "Smooth"
mesh7 = Instance.new('SpecialMesh', rarm7)
mesh7.MeshId = "http://www.roblox.com/asset/?id=156292355"
mesh7.Scale = Vector3.new(1, 8, 2)
Weld = Instance.new("Weld",rarm) 
Weld.Part0 = rarm
Weld.C0 = CFrame.new(-1.50168228, 0.0418539047, -0.00368309021, -0.999974012, 0.00369570963, 0.00619300362, 0.00366159948, 0.999978125, -0.00550886011, -0.00621323194, -0.00548603525, -0.999965668)	
Weld.Part1 = rarm7
Weld.C1 = CFrame.new(0.344418526, -1.80139351, -1.50391006, 0.122256897, -0.48818168, -0.864136577, -0.966848493, -0.25524351, 0.00740774209, -0.224181563, 0.834583461, -0.503202915)

rarm8 = Instance.new("Part", char)
rarm8.BrickColor = BrickColor.new("Really black")
rarm8.Size = Vector3.new(1, 0.4, 1)
rarm8.CanCollide = false
rarm8.BottomSurface = "Smooth"
rarm8.TopSurface = "Smooth"
Weld = Instance.new("Weld",rarm) 
Weld.Part0 = rarm
Weld.C0 = CFrame.new(-1.50168228, 0.0418539047, -0.00368309021, -0.999974012, 0.00369570963, 0.00619300362, 0.00366159948, 0.999978125, -0.00550886011, -0.00621323194, -0.00548603525, -0.999965668)	
Weld.Part1 = rarm8
Weld.C1 = CFrame.new(0.241888285, -0.00366973877, -1.56167889, 0.00366144883, 0.999978125, -0.00550877163, -0.00621323148, -0.00548594771, -0.999965668, -0.999974012, 0.00369555852, 0.00619300455)
----------------------------------------------------
GroundWave1 = function()
	local HandCF = CFrame.new(root.Position - Vector3.new(0,3,0)) * CFrame.Angles(math.rad(90), math.rad(0), math.rad(0))
	local Colors = {"Toothpaste", "Really black"}
		local wave = Instance.new("Part", torso)
		wave.BrickColor = BrickColor.new('Really red')
		wave.Anchored = true
		wave.CanCollide = false
		wave.Locked = true
		wave.Size = Vector3.new(1, 1, 1)
		wave.TopSurface = "Smooth"
		wave.BottomSurface = "Smooth"
		wave.Transparency = 0.35
		wave.CFrame = HandCF
		wm = Instance.new("SpecialMesh", wave)
		wm.MeshId = "rbxassetid://3270017"
		coroutine.wrap(function()
		for i = 1, 30, 1 do
		wm.Scale = Vector3.new(10 + i*20.4, 10 + i*20.4, 1)
		wave.Size = wm.Scale
		wave.CFrame = HandCF
		wave.Transparency = i/10
		wait()
		end
		wait()
		wave:Destroy()
	end)()
end
----------------------------------------------------
GroundWave = function()
        if Transforming == true then
                local wave = Instance.new("Part", torso)
                wave.BrickColor = BrickColor.new("Really black")
                wave.Anchored = true
                wave.CanCollide = false
                wave.Locked = true
                wave.Size = Vector3.new(1, 1, 1)
                wave.TopSurface = "Smooth"
                wave.BottomSurface = "Smooth"
                wave.Transparency = 0.35
                wave.CFrame = fx.CFrame
                wm = Instance.new("SpecialMesh", wave)
                wm.MeshType = "Sphere"
                wm.Scale = Vector3.new(1,1,1)
                coroutine.wrap(function()
                for i = 1, 18, 1 do
                wm.Scale = Vector3.new(8 + i*8, 8 + i*8, 8 + i*8)
                --wave.Size = wm.Scale
                wave.CFrame = fx.CFrame
                wave.Transparency = i/001
		wait()
                end
                wait()
                wave:Destroy()
        end)()
        elseif Transforming == false then
        wait()
        end
end

for i = 1, 100 do rs:wait()
        fx.CFrame = torso.CFrame
end

Spawn(function()
	while wait(1) do
		GroundWave()
	end
end)

wait(4)

Transforming = false

for i = 1, 20 do rs:wait()
        fx.Transparency = fx.Transparency + (1/20)
        fx.CFrame = torso.CFrame
        fxm.Scale = fxm.Scale + Vector3.new(0.5,0.5,0.5)
        rs:wait()
end

local HandCF = CFrame.new(root.Position - Vector3.new(0,3,0)) * CFrame.Angles(math.rad(90), math.rad(0), math.rad(0))
        local wave = Instance.new("Part", torso)
        wave.BrickColor = BrickColor.new("Institutional white")
        wave.Anchored = true
        wave.CanCollide = false
        wave.Locked = true
        wave.Size = Vector3.new(1, 1, 1)
        wave.TopSurface = "Smooth"
        wave.BottomSurface = "Smooth"
        wave.Transparency = 0.35
        wave.CFrame = HandCF
        wm = Instance.new("SpecialMesh", wave)
        wm.MeshId = "rbxassetid://3270017"
        coroutine.wrap(function()
        for i = 1, 14, 1 do
        wm.Scale = Vector3.new(10 + i*10.1, 10 + i*10.1, 10)
        wave.Size = wm.Scale
        wave.CFrame = HandCF
        wave.Transparency = i/14
        wait()
        end
        wait()
        wave:Destroy()
end)()
hum.WalkSpeed = 16
----------------------------------------------------
Blast = function()
	local Colors = {"Toothpaste", "Really black"}
		local wave = Instance.new("Part", torso)
		wave.BrickColor = BrickColor.new(Colors[math.random(1,#Colors)])
		wave.Anchored = true
		wave.CanCollide = false
		wave.Locked = true
		wave.Size = Vector3.new(1, 1, 1)
		wave.TopSurface = "Smooth"
		wave.BottomSurface = "Smooth"
		wave.Transparency = 0.35
		wave.CFrame = rarm.CFrame
		wm = Instance.new("SpecialMesh", wave)
		wm.MeshType = "Sphere"
		wm.Scale = Vector3.new(1,1,1)
		z = Instance.new("Sound",wave)
		z.SoundId = "rbxassetid://237035051"
		z.Volume = 1
		z.Pitch = .9
		z:Play()
		coroutine.wrap(function()
		for i = 1, 30, 1 do
		wave.Size = Vector3.new(1 + i*4, 1 + i*4, 1 + i*4)
		--wave.Size = wm.Scale
		wave.CFrame = rarm.CFrame
		wave.Transparency = (1/14)
		rs:wait()
		end
		rs:wait()
		wave:Destroy()
		z:Destroy()
	end)()
end
----------------------------------------------------
rarm.Touched:connect(function(ht)
    hit = ht.Parent
    if ht and hit:IsA("Model") then
            if hit:FindFirstChild("Humanoid") then
                if hit.Name ~= p.Name then
                    if Debounces.RPunch == true and Debounces.RPunched == false then
                            Debounces.RPunched = true
                                hit:FindFirstChild("Humanoid"):TakeDamage(math.random(5,8))
                                    if Debounces.ks==true then
                                    z = Instance.new("Sound",hed)
                                    z.SoundId = "rbxassetid://169380525"
                                                                        z.Pitch = ptz[math.random(1,#ptz)]
                                    z.Volume = 1
                                    z:Play()
                                    end
                            wait(.2)
                            Debounces.RPunched = false
                    end
                end
            end
    elseif ht and hit:IsA("Hat") then
        if hit.Parent.Name ~= p.Name then
            if hit.Parent:FindFirstChild("Humanoid") then
                   if Debounces.RPunch == true and Debounces.RPunched == false then
                            Debounces.RPunched = true
                            hit.Parent:FindFirstChild("Humanoid"):TakeDamage(math.random(5,8))
                                    if Debounces.ks==true then
                                    z = Instance.new("Sound",hed)
                                    z.SoundId = "rbxassetid://169380525"
                                                                        z.Pitch = ptz[math.random(1,#ptz)]
                                    z.Volume = 1
                                    z:Play()
                                    end
                            wait(.2)
                Debounces.RPunched = false
                                end
            end
        end
    end
end)
larm.Touched:connect(function(ht)
    hit = ht.Parent
    if ht and hit:IsA("Model") then
            if hit:FindFirstChild("Humanoid") then
                if hit.Name ~= p.Name then
                    if Debounces.LPunch == true and Debounces.LPunched == false then
                            Debounces.LPunched = true
                                hit:FindFirstChild("Humanoid"):TakeDamage(math.random(4,8))
                                    if Debounces.ks2==true then
                                    z = Instance.new("Sound",hed)
                                    z.SoundId = "rbxassetid://169380525"
                                                                        z.Pitch = ptz[math.random(1,#ptz)]
                                    z.Volume = 1
                                    z:Play()
                                    end
                            wait(.2)
                        Debounces.LPunched = false
                    end
                end
            end
    elseif ht and hit:IsA("Hat") then
        if hit.Parent.Name ~= p.Name then
            if hit.Parent:FindFirstChild("Humanoid") then
                   if Debounces.LPunch == true and Debounces.LPunched == false then
                            Debounces.LPunched = true
                            hit.Parent:FindFirstChild("Humanoid"):TakeDamage(math.random(4,8))
                                    if Debounces.ks2==true then
                                    z = Instance.new("Sound",hed)
                                    z.SoundId = "rbxassetid://169380525"
                                                                        z.Pitch = ptz[math.random(1,#ptz)]
                                    z.Volume = 1
                                    z:Play()
                                    end
                            wait(.2)
                Debounces.LPunched = false
                                end
            end
        end
    end
end)
----------------------------------------------------
mod4 = Instance.new("Model",char)

ptez = {0.7, 0.8, 0.9, 1}

function FindNearestTorso(Position,Distance,SinglePlayer)
    if SinglePlayer then return(SinglePlayer.Torso.CFrame.p -Position).magnitude < Distance end
        local List = {}
        for i,v in pairs(workspace:GetChildren())do
            if v:IsA("Model")then
                if v:findFirstChild("Torso")then
                    if v ~= char then
                        if(v.Torso.Position -Position).magnitude <= Distance then
                            table.insert(List,v)
                        end
                    end
                end
            end
        end
    return List
end

function Punch()
    part=Instance.new('Part',mod4)
    part.Anchored=true
    part.CanCollide=false
    part.FormFactor='Custom'
    part.Size=Vector3.new(.2,.2,.2)
    part.CFrame=root.CFrame*CFrame.new(0,1.5,-2.4)*CFrame.Angles(math.rad(0),0,0)
    part.Transparency=.7
    part.BrickColor=BrickColor.new('Toothpaste')
    mesh=Instance.new('SpecialMesh',part)
    mesh.MeshId='http://www.roblox.com/asset/?id=3270017'
    mesh.Scale=Vector3.new(3,3,3)
    part2=Instance.new('Part',mod4)
    part2.Anchored=true
    part2.CanCollide=false
    part2.FormFactor='Custom'
    part2.Size=Vector3.new(.2,.2,.2)
    part2.CFrame=root.CFrame*CFrame.new(0,1.5,-2.4)*CFrame.Angles(math.rad(90),0,0)
    part2.Transparency=.7
    part2.BrickColor=BrickColor.new('Toothpaste')
    mesh2=Instance.new('SpecialMesh',part2)
    mesh2.MeshId='http://www.roblox.com/asset/?id=20329976'
    mesh2.Scale=Vector3.new(3,1.5,3)
    for i,v in pairs(FindNearestTorso(torso.CFrame.p,4))do
        if v:FindFirstChild('Humanoid') then
            v.Humanoid:TakeDamage(math.random(2,6))
        end
    end
    coroutine.resume(coroutine.create(function()
        for i=0,0.62,0.4 do
            wait()
            part.CFrame=part.CFrame
            part.Transparency=i
            mesh.Scale=mesh.Scale+Vector3.new(0.4,0.4,0.4)
            part2.CFrame=part2.CFrame
            part2.Transparency=i
            mesh2.Scale=mesh2.Scale+Vector3.new(0.4,0.2,0.4)
            end
        part.Parent=nil
        part2.Parent=nil
    end))
end
----------------------------------------------------
rarm.Touched:connect(function(ht)
    hit = ht.Parent
    if ht and hit:IsA("Model") then
            if hit:FindFirstChild("Humanoid") then
                if hit.Name ~= p.Name then
                    if Debounces.RPunch == true and Debounces.RPunched == false then
                            Debounces.RPunched = true
                                hit:FindFirstChild("Humanoid"):TakeDamage(math.random(5,8))
                                    if Debounces.ks==true then
                                    z = Instance.new("Sound",hed)
                                    z.SoundId = "rbxassetid://169380525"
									z.Pitch = ptz[math.random(1,#ptz)]
                                    z.Volume = 1
                                    z:Play()
                                    end
                            wait(.2)
                            Debounces.RPunched = false
                    end
                end
            end
    elseif ht and hit:IsA("Hat") then
        if hit.Parent.Name ~= p.Name then
            if hit.Parent:FindFirstChild("Humanoid") then
                   if Debounces.RPunch == true and Debounces.RPunched == false then
                            Debounces.RPunched = true
                            hit.Parent:FindFirstChild("Humanoid"):TakeDamage(math.random(5,8))
                                    if Debounces.ks==true then
                                    z = Instance.new("Sound",hed)
                                    z.SoundId = "rbxassetid://169380525"
									z.Pitch = ptz[math.random(1,#ptz)]
                                    z.Volume = 1
                                    z:Play()
                                    end
                            wait(.2)
                Debounces.RPunched = false
				end
            end
        end
    end
end)
larm.Touched:connect(function(ht)
    hit = ht.Parent
    if ht and hit:IsA("Model") then
            if hit:FindFirstChild("Humanoid") then
                if hit.Name ~= p.Name then
                    if Debounces.LPunch == true and Debounces.LPunched == false then
                            Debounces.LPunched = true
                                hit:FindFirstChild("Humanoid"):TakeDamage(math.random(4,8))
                                    if Debounces.ks2==true then
                                    z = Instance.new("Sound",hed)
                                    z.SoundId = "rbxassetid://169380525"
									z.Pitch = ptz[math.random(1,#ptz)]
                                    z.Volume = 1
                                    z:Play()
                                    end
                            wait(.2)
                            Debounces.LPunched = false
                    end
                end
            end
    elseif ht and hit:IsA("Hat") then
        if hit.Parent.Name ~= p.Name then
            if hit.Parent:FindFirstChild("Humanoid") then
                   if Debounces.LPunch == true and Debounces.LPunched == false then
                            Debounces.LPunched = true
                            hit.Parent:FindFirstChild("Humanoid"):TakeDamage(math.random(4,8))
                                    if Debounces.ks2==true then
                                    z = Instance.new("Sound",hed)
                                    z.SoundId = "rbxassetid://169380525"
									z.Pitch = ptz[math.random(1,#ptz)]
                                    z.Volume = 1
                                    z:Play()
                                    end
                            wait(.2)
                Debounces.LPunched = false
				end
            end
        end
    end
end)
----------------------------------------------------
local player = game.Players.LocalPlayer
local pchar = player.Character
local mouse = player:GetMouse()
local cam = workspace.CurrentCamera

local rad = math.rad

local keysDown = {}
local flySpeed = 0
local MAX_FLY_SPEED = 150

local canFly = false
local flyToggled = false

local forward, side = 0, 0
local lastForward, lastSide = 0, 0

local floatBP = Instance.new("BodyPosition")
floatBP.maxForce = Vector3.new(0, math.huge, 0)
local flyBV = Instance.new("BodyVelocity")
flyBV.maxForce = Vector3.new(9e9, 9e9, 9e9)
local turnBG = Instance.new("BodyGyro")
turnBG.maxTorque = Vector3.new(math.huge, math.huge, math.huge)

mouse.KeyDown:connect(function(key)
        keysDown[key] = true

        if key == "f" then
                flyToggled = not flyToggled

        if not flyToggled then
                stanceToggle = "Normal"
                floatBP.Parent = nil
                flyBV.Parent = nil
                turnBG.Parent = nil
                root.Velocity = Vector3.new()
                pchar.Humanoid.PlatformStand = false
        end
end

end)
mouse.KeyUp:connect(function(key)
        keysDown[key] = nil
end)

local function updateFly()

        if not flyToggled then return end

        lastForward = forward
        lastSide = side

        forward = 0
        side = 0

        if keysDown.w then
                forward = forward + 1
        end
        if keysDown.s then
                forward = forward - 1
        end
        if keysDown.a then
                side = side - 1
        end
        if keysDown.d then
                side = side + 1
        end

        canFly = (forward ~= 0 or side ~= 0)

        if canFly then
                stanceToggle = "Floating"
                turnBG.Parent = root
                floatBP.Parent = nil
                flyBV.Parent = root

                flySpeed = flySpeed + 1 + (flySpeed / MAX_FLY_SPEED)
                if flySpeed > MAX_FLY_SPEED then flySpeed = MAX_FLY_SPEED end
        else
                floatBP.position = root.Position
                floatBP.Parent = root

                flySpeed = flySpeed - 1
                if flySpeed < 0 then flySpeed = 0 end
        end

        local camCF = cam.CoordinateFrame
        local in_forward = canFly and forward or lastForward
        local in_side = canFly and side or lastSide

        flyBV.velocity = ((camCF.lookVector * in_forward) + (camCF * CFrame.new(in_side,
in_forward * 0.2, 0).p) - camCF.p) * flySpeed

        turnBG.cframe = camCF * CFrame.Angles(-rad(forward * (flySpeed / MAX_FLY_SPEED)), 0, 0)
end

game:service'RunService'.RenderStepped:connect(function()
        if flyToggled then
                pchar.Humanoid.PlatformStand = true
        end
        updateFly()
end)
-------------------------------
mouse.KeyDown:connect(function(key)
	if key == "q" then
larm1.BrickColor = BrickColor.new("Cyan")
rarm1.BrickColor = BrickColor.new("Cyan")
wait(0.9)
larm1.BrickColor = BrickColor.new("Really red")
rarm1.BrickColor = BrickColor.new("Really red")
		if Debounces.CanAttack == true then
			Debounces.CanAttack = false
			Debounces.NoIdl = true
			Debounces.on = true
			function FindNearestTorso(Position,Distance,SinglePlayer)
				if SinglePlayer then return(SinglePlayer.Torso.CFrame.p -Position).magnitude < Distance end
					local List = {}
					for i,v in pairs(workspace:GetChildren())do
						if v:IsA("Model")then
							if v:findFirstChild("Torso")then
								if v ~= char then
									if(v.Torso.Position -Position).magnitude <= Distance then
										table.insert(List,v)
									end
								end
							end
						end
					end
				return List
			end
	z = Instance.new("Sound",hed)
	z.SoundId = "rbxassetid://401604539"
	z.Pitch = 1
	z.Volume = 1
	wait(0.2)
	z:Play()
	sp = Instance.new("Part",rarm)
	sp.Anchored = true
	sp.CanCollide = false
	sp.Locked = true
	sp.Transparency = 0
	sp.Material = "Neon"
	sp.Size = Vector3.new(1,1,1)
	sp.TopSurface = "SmoothNoOutlines"
	sp.BottomSurface = "SmoothNoOutlines"
	sp.BrickColor = BrickColor.new("Toothpaste")
	spm = Instance.new("SpecialMesh",sp)
	spm.MeshId = "http://www.roblox.com/asset/?id=9756362"
	spm.Scale = Vector3.new(21,21,21)
	sp2 = Instance.new("Part", rarm)
	sp2.Name = "Energy"
	sp2.BrickColor = BrickColor.new("Toothpaste")
	sp2.Size = Vector3.new(1, 1, 1)
	sp2.Shape = "Ball"
	sp2.CanCollide = false
	sp2.Anchored = true
	sp2.Locked = true
	sp2.TopSurface = 0
	sp2.BottomSurface = 0
	sp2.Transparency = 1
	spm2 = Instance.new("SpecialMesh",sp2)
	spm2.MeshId = "rbxassetid://9756362"
	spm2.Scale = Vector3.new(2,2,2)
	for i = 1, 20 do
		spm.Scale = spm.Scale - Vector3.new(1,1,1)
		sp.CFrame = root.CFrame*CFrame.new(0,1,-2)
		rarm.Weld.C0 = Lerp(rarm.Weld.C0, CFrame.new(1.5,0.62,0)*CFrame.Angles(math.rad(-6),math.rad(-6),math.rad(8)), 0.4)
		larm.Weld.C0 = Lerp(larm.Weld.C0, CFrame.new(-1.5,0.62,0)*CFrame.Angles(math.rad(-6),math.rad(6),math.rad(-8)), 0.4)
		hed.Weld.C0 = Lerp(hed.Weld.C0, CFrame.new(0,1.5,-.2)*CFrame.Angles(math.rad(-14),math.rad(0),0), 0.4)
		torso.Weld.C0 = Lerp(torso.Weld.C0, CFrame.new(0, 0, 0) * CFrame.Angles(0, math.rad(0), math.rad(0)), 0.4)
		lleg.Weld.C0 = Lerp(lleg.Weld.C0, CFrame.new(-0.5, -1, 0) * CFrame.Angles(0, 0, math.rad(-8)), 0.4)
		rleg.Weld.C0 = Lerp(rleg.Weld.C0, CFrame.new(0.5, -1, 0) * CFrame.Angles(0, 0, math.rad(8)), 0.4)
		if Debounces.on == false then break end
		rs:wait()
	end
	for i = 1, 100, 20 do rs:wait()
		sp.CFrame = root.CFrame*CFrame.new(0,1,-2)
	end
	for i = 1, 20 do
		sp.CFrame = root.CFrame*CFrame.new(0,1,-2)
		rarm.Weld.C0 = Lerp(rarm.Weld.C0, CFrame.new(1.5,0.62,0)*CFrame.Angles(math.rad(0),math.rad(0),math.rad(8)), 0.4)
		larm.Weld.C0 = Lerp(larm.Weld.C0, CFrame.new(-1.5,0.62,.2)*CFrame.Angles(math.rad(90),math.rad(0),math.rad(-40)), 0.4)
		hed.Weld.C0 = Lerp(hed.Weld.C0, CFrame.new(0,1.5,-.2)*CFrame.Angles(math.rad(10),math.rad(-30),0), 0.4)
		torso.Weld.C0 = Lerp(torso.Weld.C0, CFrame.new(0, 0, 0) * CFrame.Angles(0, math.rad(40), math.rad(0)), 0.4)
		lleg.Weld.C0 = Lerp(lleg.Weld.C0, CFrame.new(-0.5, -1, 0) * CFrame.Angles(0, 0, math.rad(-8)), 0.4)
		rleg.Weld.C0 = Lerp(rleg.Weld.C0, CFrame.new(0.5, -1, 0) * CFrame.Angles(0, 0, math.rad(8)), 0.4)
		if Debounces.on == false then break end
		rs:wait()
	end
	sp.Transparency = 1
	for i = 1, 20 do
		rarm.Weld.C0 = Lerp(rarm.Weld.C0, CFrame.new(1.5,0.62,0)*CFrame.Angles(math.rad(0),math.rad(0),math.rad(8)), 0.4)
		larm.Weld.C0 = Lerp(larm.Weld.C0, CFrame.new(-1.2,0.62,-.2)*CFrame.Angles(math.rad(90),math.rad(0),math.rad(40)), 0.4)
		hed.Weld.C0 = Lerp(hed.Weld.C0, CFrame.new(0,1.5,-.2)*CFrame.Angles(math.rad(-14),math.rad(50),0), 0.4)
		torso.Weld.C0 = Lerp(torso.Weld.C0, CFrame.new(0, 0, 0) * CFrame.Angles(0, math.rad(-50), math.rad(0)), 0.4)
		lleg.Weld.C0 = Lerp(lleg.Weld.C0, CFrame.new(-0.5, -1, 0) * CFrame.Angles(0, 0, math.rad(-8)), 0.4)
		rleg.Weld.C0 = Lerp(rleg.Weld.C0, CFrame.new(0.5, -1, 0) * CFrame.Angles(0, 0, math.rad(8)), 0.4)
		if Debounces.on == false then break end
		rs:wait()
	end
	wait(1)
	sp.Transparency = 0
	sp2.Transparency = 0.84
	for i = 1, 20 do
		--spm.Scale = spm.Scale - Vector3.new(1,1,1)
		sp.CFrame = rarm.CFrame*CFrame.new(0,-1,0)
		sp2.CFrame = sp.CFrame * CFrame.new(0,0,0) * CFrame.Angles(math.rad(-i), math.rad(-i), math.rad(i))
		rarm.Weld.C0 = Lerp(rarm.Weld.C0, CFrame.new(1.5,0.55,0)*CFrame.Angles(math.rad(110),math.rad(-6),math.rad(140)), 0.4)
		larm.Weld.C0 = Lerp(larm.Weld.C0, CFrame.new(-1.5,0.55,0)*CFrame.Angles(math.rad(80),math.rad(6),math.rad(-40)), 0.2)
		hed.Weld.C0 = Lerp(hed.Weld.C0, CFrame.new(0,1.5,-.2)*CFrame.Angles(math.rad(0),math.rad(30),0), 0.2)
