--// Vortex Gauntlets created by SavageMunkey
--// Thx for ideas and help: dangerspookycanyon(3 Attack Ideas, Body Suit Prototypes),georgeyeo(RayCast help), AltairStarMaster(like 99999999 attack ideas), and others
Plr = game.Players.LocalPlayer
Char = Plr.Character
Mouse = Plr:GetMouse()
local sine,change = 0,1
------------------------
local OverallHealth = 100 --// Only thing you need to change #1
local Energy = 5000--// Only thing you need to change #2
local PrimaryColor,SecondaryColor,ThirdColor = 'Really black','Pearl','Really black' --// Only thing[s] you need to change #3
local NO_OP = false --// Only thing you need to change #4, Btw this will (if true, take damage from the player maxhealth/the set damage instead of taking only the set amount)
--// so if the players maxhealth == 50,000 and you have NO_OP == true and the set damage == 15 then it would do 50,000/15==(3333.333>) instead of just 15 dmaage 
------------------------
RageMode = false --// Don't touch, is for variable																	           	 ---
------------------------
game:FindService'SoundService':ClearAllChildren()
local mx = Energy
--game:FindService'SoundService'.AmbientReverb = 'ConcertHall'
local anglefor = 0
local candash = true
Keyz = {
A = false;
B = false;
C = false;
D = false;
E = false;
F = false;
G = false;
H = false;
I = false;
J = false;
K = false;
L = false;
M = false;
N = false;
O = false;
P = false;
Q = false;
R = false;
S = false;
T = false;
U = false;
V = false;
W = false;
X = false;
Y = false;
Z = false;
};
Flyin = false
local ra,la,ts,hd,ll,rl,root,humanoid = Char:FindFirstChild'Right Arm',Char:FindFirstChild'Left Arm',Char:FindFirstChild'Torso',Char:FindFirstChild'Head',Char:FindFirstChild'Left Leg',Char:FindFirstChild'Right Leg',Char:FindFirstChild'HumanoidRootPart',Char:FindFirstChild'Humanoid'
local rarm,larm,hed,torso,hroot,lleg,hum,rleg,mouse = ra,la,hd,ts,root,ll,humanoid,rl,Mouse
local Falling,DS,MS,Attacking,Stance,State,LastState = false,false,false,false,'Standing','Idle','Idle'
DS = false
local canslam = true
local DebounceFallin = false
local DebounceState,DebounceHit,DebounceKey,EctDebounce = false,false,false,false
pcall(function() hed['Running']:Destroy() end)
local lRS = game["Run Service"].RenderStepped
local sRS = game["Run Service"].Stepped or game["Run Service"].Heartbeat
local lrs,rs = lRS,sRS
local ds,dh,dk,ed = DebounceState,DebounceHit,DebounceKey,EctDebounce
local DBP = false

Weld = function(P0,P1,CF)
	local W = Instance.new('Weld',P1)
	W.Part0 = P0
	W.Part1 = P1
	W.C1 = CF
	return W
end;

NewSound = function(Parent, Id, Pitch ,Volume)
local Sound = Instance.new('Sound',Parent)
Sound.Volume = Volume
Sound.Pitch = Pitch
Sound.SoundId = 'rbxassetid://'..Id
return Sound
end;
----

----
wait()
hw = Weld(torso,hed,CFrame.new(0,-1.5,0));
torr = Weld(root,torso,CFrame.new(0,0,0));
raw = Weld(torso,rarm,CFrame.new(-1.5,0,0));
law = Weld(torso,larm,CFrame.new(1.5,0,0));
rlw = Weld(torso,rleg,CFrame.new(-.5,2,0));
llw = Weld(torso,lleg,CFrame.new(.5,2,0));
----
clerp = function(c1,c2,al)
local com1 = {c1.X,c1.Y,c1.Z,c1:toEulerAnglesXYZ()}
local com2 = {c2.X,c2.Y,c2.Z,c2:toEulerAnglesXYZ()}
for i,v in pairs(com1) do 
com1[i] = v+(com2[i]-v)*al
end
return CFrame.new(com1[1],com1[2],com1[3]) * CFrame.Angles(select(4,unpack(com1)))--]]
end
lerp = function(c1,c2,al)
return c1:lerp(c2,al)
end

New = function(Object, Parent, Name, Data)
	local Object = Instance.new(Object)
	delay(.1,function()
	if Object:IsA'Part' then
	Object.CanCollide = false
	Object.Locked = true
	end;end)
	for Index, Value in pairs(Data or {}) do
		Object[Index] = Value
	end
	Object.Parent = Parent
	Object.Name = Name
	return Object
end

----// Right Claw	
VortexGauntlet = New("Model",Char,"VortexGauntlet",{})
Main = New("Part",VortexGauntlet,"Main",{BrickColor = BrickColor.new(PrimaryColor),Material = Enum.Material.SmoothPlastic,FormFactor = Enum.FormFactor.Custom,Size = Vector3.new(1.00999999, 1.40999997, 1.02999997),CFrame = CFrame.new(1.61502337, 3.22481394, 48.3949738, 0.999984324, -6.55651093e-007, 1.94078893e-007, -6.85453415e-007, 0.999982893, -1.23327482e-008, 1.92187144e-007, 3.23780114e-008, 0.999988735),})
Mesh = New("BlockMesh",Main,"Mesh",{})
Part1 = New("Part",VortexGauntlet,"Part1",{BrickColor = BrickColor.new(SecondaryColor),Material = Enum.Material.Neon,FormFactor = Enum.FormFactor.Custom,Size = Vector3.new(1.14999998, 0.200000003, 1.14999998),CFrame = CFrame.new(1.61502361, 3.07982183, 48.3949699, 0.999952972, -1.99669012e-006, 5.80329356e-007, -2.02649153e-006, 0.99994868, 7.71190489e-009, 5.78437607e-007, 5.24213988e-008, 0.999966204),})
Mesh = New("BlockMesh",Part1,"Mesh",{})
mot = New("Motor",Part1,"mot",{Part0 = Part1,Part1 = Main,C0 = CFrame.new(0, 0, 0, 0.999984324, -6.85453415e-007, 1.92187144e-007, -6.55651093e-007, 0.999982893, 3.23780114e-008, 1.94078893e-007, -1.23327482e-008, 0.999988735),C1 = CFrame.new(1.1920929e-007, -0.144994497, -3.81469727e-006, 0.999984324, -6.85453415e-007, 1.92187144e-007, -6.55651093e-007, 0.999982893, 3.23780114e-008, 1.94078893e-007, -1.23327482e-008, 0.999988735),})
Part2 = New("Part",VortexGauntlet,"Part2",{BrickColor = BrickColor.new(SecondaryColor),Material = Enum.Material.Neon,FormFactor = Enum.FormFactor.Custom,Size = Vector3.new(1.14999998, 0.200000003, 1.14999998),CFrame = CFrame.new(1.6150229, 3.47980165, 48.3949699, 0.999952972, -1.99669012e-006, 5.80329356e-007, -2.02649153e-006, 0.99994868, 7.71190489e-009, 5.78437607e-007, 5.24213988e-008, 0.999966204),})
Mesh = New("BlockMesh",Part2,"Mesh",{})
mot = New("Motor",Part2,"mot",{Part0 = Part2,Part1 = Main,C0 = CFrame.new(0, 0, 0, 0.999984324, -6.85453415e-007, 1.92187144e-007, -6.55651093e-007, 0.999982893, 3.23780114e-008, 1.94078893e-007, -1.23327482e-008, 0.999988735),C1 = CFrame.new(-3.57627869e-007, 0.254992008, -3.81469727e-006, 0.999984324, -6.85453415e-007, 1.92187144e-007, -6.55651093e-007, 0.999982893, 3.23780114e-008, 1.94078893e-007, -1.23327482e-008, 0.999988735),})
Part3 = New("Part",VortexGauntlet,"Part3",{BrickColor = BrickColor.new(SecondaryColor),Material = Enum.Material.Neon,FormFactor = Enum.FormFactor.Custom,Size = Vector3.new(1.14999998, 0.200000003, 1.14999998),CFrame = CFrame.new(1.61502194, 3.87978125, 48.3949699, 0.999952972, -1.99669012e-006, 5.80329356e-007, -2.02649153e-006, 0.99994868, 7.71190489e-009, 5.78437607e-007, 5.24213988e-008, 0.999966204),})
Mesh = New("BlockMesh",Part3,"Mesh",{})
mot = New("Motor",Part3,"mot",{Part0 = Part3,Part1 = Main,C0 = CFrame.new(0, 0, 0, 0.999984324, -6.85453415e-007, 1.92187144e-007, -6.55651093e-007, 0.999982893, 3.23780114e-008, 1.94078893e-007, -1.23327482e-008, 0.999988735),C1 = CFrame.new(-9.53674316e-007, 0.654978514, -3.81469727e-006, 0.999984324, -6.85453415e-007, 1.92187144e-007, -6.55651093e-007, 0.999982893, 3.23780114e-008, 1.94078893e-007, -1.23327482e-008, 0.999988735),})
ClawPart = New("Part",VortexGauntlet,"ClawPart",{BrickColor = BrickColor.new(ThirdColor),Material = Enum.Material.Neon,FormFactor = Enum.FormFactor.Custom,Size = Vector3.new(0.429999411, 0.200000003, 0.200000003),CFrame = CFrame.new(1.10669136, 2.85156226, 48.4086037, -0.686683536, -0.000153818051, 0.726891577, -0.726885498, 0.000336891768, -0.686683595, -0.000140090138, -0.999965966, -0.000342367945),BackSurface = Enum.SurfaceType.Weld,BottomSurface = Enum.SurfaceType.Weld,FrontSurface = Enum.SurfaceType.Weld,LeftSurface = Enum.SurfaceType.Weld,RightSurface = Enum.SurfaceType.Weld,TopSurface = Enum.SurfaceType.Weld,})
Mesh = New("BlockMesh",ClawPart,"Mesh",{})
mot = New("Motor",ClawPart,"mot",{Part0 = ClawPart,Part1 = Main,C0 = CFrame.new(0, 0, 0, -0.686706066, -0.726911366, -0.000139813448, -0.000153436136, 0.000336923113, -0.999988496, 0.726913393, -0.686706126, -0.000342642685),C1 = CFrame.new(-0.50834024, -0.373258352, 0.0136299133, 0.999984324, -6.85453415e-007, 1.92187144e-007, -6.55651093e-007, 0.999982893, 3.23780114e-008, 1.94078893e-007, -1.23327482e-008, 0.999988735),})
ClawPart = New("Part",VortexGauntlet,"ClawPart",{BrickColor = BrickColor.new(ThirdColor),Material = Enum.Material.Neon,FormFactor = Enum.FormFactor.Custom,Size = Vector3.new(0.200000003, 0.420000017, 0.200000003),CFrame = CFrame.new(0.79824549, 2.13190103, 48.4086189, 0.000150710199, -0.291629434, 0.956479728, -0.000334032346, -0.956475139, -0.291631371, 0.999964535, -0.000275910104, -0.00024051439),BottomSurface = Enum.SurfaceType.Weld,TopSurface = Enum.SurfaceType.Weld,})
Mesh = New("SpecialMesh",ClawPart,"Mesh",{MeshType = Enum.MeshType.Wedge,})
mot = New("Motor",ClawPart,"mot",{Part0 = ClawPart,Part1 = Main,C0 = CFrame.new(0, 0, 0, 0.000150328196, -0.000334063574, 0.999987066, -0.291639835, -0.956508279, -0.000275784521, 0.956509411, -0.291640043, -0.000240883426),C1 = CFrame.new(-0.816791415, -1.09293222, 0.0136451721, 0.999984324, -6.85453415e-007, 1.92187144e-007, -6.55651093e-007, 0.999982893, 3.23780114e-008, 1.94078893e-007, -1.23327482e-008, 0.999988735),})
Cone = New("Part",VortexGauntlet,"Cone",{BrickColor = BrickColor.new(ThirdColor),Material = Enum.Material.Neon,Reflectance = 0.10000000149012,FormFactor = Enum.FormFactor.Plate,Size = Vector3.new(1, 0.800000012, 1),CFrame = CFrame.new(1.61002243, 2.51985645, 48.3899651, -0.999948561, 1.10265523e-006, 5.55474173e-007, 1.2814628e-006, -0.999944806, -1.77016783e-008, -5.53581231e-007, -2.70076601e-008, 0.999963343),})
Mesh = New("SpecialMesh",Cone,"Mesh",{Scale = Vector3.new(0.150000006, 0.800000012, 0.150000006),VertexColor = Vector3.new(3.00000003e+015, 2.99999995e+031, 3.00000003e+015),MeshId = "http://www.roblox.com/asset/?id=1033714",MeshType = Enum.MeshType.FileMesh,})
mot = New("Motor",Cone,"mot",{Part0 = Cone,Part1 = Main,C0 = CFrame.new(0, 0, 0, -0.999979913, -5.95949246e-008, -1.67331933e-007, -2.38406642e-007, -0.999979019, -6.96342894e-009, 1.6922408e-007, -3.77471778e-008, 0.999985874),C1 = CFrame.new(-0.00500154495, -0.704969406, -0.00500869751, 0.999984324, -6.85453415e-007, 1.92187144e-007, -6.55651093e-007, 0.999982893, 3.23780114e-008, 1.94078893e-007, -1.23327482e-008, 0.999988735),})
Cylinder = New("Part",VortexGauntlet,"Cylinder",{BrickColor = BrickColor.new(SecondaryColor),Material = Enum.Material.Neon,Reflectance = 0.10000000149012,FormFactor = Enum.FormFactor.Custom,Size = Vector3.new(1, 0.800000012, 1),CFrame = CFrame.new(1.61002088, 2.60985756, 48.3899651, -1.02815238e-006, -0.999947667, 5.55474173e-007, 0.999943912, 1.35596326e-006, -1.77016783e-008, 2.70076796e-008, -5.53580719e-007, 0.999963343),})
Mesh = New("SpecialMesh",Cylinder,"Mesh",{Scale = Vector3.new(0.200000003, 0.800000012, 0.200000003),VertexColor = Vector3.new(3.00000003e+015, 2.99999995e+031, 3.00000003e+015),MeshType = Enum.MeshType.Cylinder,})
mot = New("Motor",Cylinder,"mot",{Part0 = Cylinder,Part1 = Main,C0 = CFrame.new(0, 0, 0, 3.12910686e-007, 0.999978125, 6.96343605e-009, -0.999979019, 1.49093466e-008, -1.67331791e-007, 1.6922408e-007, -3.77471778e-008, 0.999985874),C1 = CFrame.new(-0.00500297546, -0.614966869, -0.00500869751, 0.999984324, -6.85453415e-007, 1.92187144e-007, -6.55651093e-007, 0.999982893, 3.23780114e-008, 1.94078893e-007, -1.23327482e-008, 0.999988735),})
ClawPart = New("Part",VortexGauntlet,"ClawPart",{BrickColor = BrickColor.new(ThirdColor),Material = Enum.Material.Neon,FormFactor = Enum.FormFactor.Custom,Size = Vector3.new(0.429999411, 0.200000003, 0.200000003),CFrame = CFrame.new(1.65483451, 2.53023887, 49.075016, 1.31079628e-006, -0.999882877, -0.0113237342, -0.966020584, 0.00292562018, -0.258228838, 0.258250505, 0.0109389573, -0.965978205),BackSurface = Enum.SurfaceType.Weld,BottomSurface = Enum.SurfaceType.Weld,FrontSurface = Enum.SurfaceType.Weld,LeftSurface = Enum.SurfaceType.Weld,RightSurface = Enum.SurfaceType.Weld,TopSurface = Enum.SurfaceType.Weld,})
Mesh = New("BlockMesh",ClawPart,"Mesh",{})
mot = New("Motor",ClawPart,"mot",{Part0 = ClawPart,Part1 = Main,C0 = CFrame.new(0, 0, 0, -8.45183479e-008, -0.966053605, 0.258256376, -0.999914229, 0.00292437896, 0.0109395888, -0.0113240639, -0.25823763, -0.966000021),C1 = CFrame.new(0.0398111343, -0.694586992, 0.680049896, 0.999984324, -6.85453415e-007, 1.92187144e-007, -6.55651093e-007, 0.999982893, 3.23780114e-008, 1.94078893e-007, -1.23327482e-008, 0.999988735),})
ClawPart = New("Part",VortexGauntlet,"ClawPart",{BrickColor = BrickColor.new(ThirdColor),Material = Enum.Material.Neon,FormFactor = Enum.FormFactor.Custom,Size = Vector3.new(0.429999411, 0.200000003, 0.200000003),CFrame = CFrame.new(1.65375209, 2.85618806, 48.9016113, 0.00494658109, -0.999882698, -0.010186431, -0.756301045, 0.00292500365, -0.654129505, 0.654131114, 0.0109393038, -0.756254077),BackSurface = Enum.SurfaceType.Weld,BottomSurface = Enum.SurfaceType.Weld,FrontSurface = Enum.SurfaceType.Weld,LeftSurface = Enum.SurfaceType.Weld,RightSurface = Enum.SurfaceType.Weld,TopSurface = Enum.SurfaceType.Weld,})
Mesh = New("BlockMesh",ClawPart,"Mesh",{})
mot = New("Motor",ClawPart,"mot",{Part0 = ClawPart,Part1 = Main,C0 = CFrame.new(0, 0, 0, 0.00494546909, -0.756326914, 0.654145896, -0.99991405, 0.00292376243, 0.0109399352, -0.0101873344, -0.654151917, -0.756271124),C1 = CFrame.new(0.0387289524, -0.368632078, 0.506641388, 0.999984324, -6.85453415e-007, 1.92187144e-007, -6.55651093e-007, 0.999982893, 3.23780114e-008, 1.94078893e-007, -1.23327482e-008, 0.999988735),})
ClawPart = New("Part",VortexGauntlet,"ClawPart",{BrickColor = BrickColor.new(ThirdColor),Material = Enum.Material.Neon,FormFactor = Enum.FormFactor.Custom,Size = Vector3.new(0.200000003, 0.420000017, 0.200000003),CFrame = CFrame.new(1.65484631, 2.12370038, 49.1781998, 0.999881506, -9.94669754e-005, -0.0113197053, -0.00292231143, -0.968337119, -0.249390081, -0.0109360376, 0.249413356, -0.96829623),BottomSurface = Enum.SurfaceType.Weld,TopSurface = Enum.SurfaceType.Weld,})
Mesh = New("SpecialMesh",ClawPart,"Mesh",{MeshType = Enum.MeshType.Wedge,})
mot = New("Motor",ClawPart,"mot",{Part0 = ClawPart,Part1 = Main,C0 = CFrame.new(0, 0, 0, 0.999912858, -0.00292107021, -0.0109366691, -0.000100865138, -0.968370259, 0.249419004, -0.0113200219, -0.249398604, -0.968318045),C1 = CFrame.new(0.0398226976, -1.10113239, 0.783233643, 0.999984324, -6.85453415e-007, 1.92187144e-007, -6.55651093e-007, 0.999982893, 3.23780114e-008, 1.94078893e-007, -1.23327482e-008, 0.999988735),})
ClawPart = New("Part",VortexGauntlet,"ClawPart",{BrickColor = BrickColor.new(ThirdColor),Material = Enum.Material.Neon,FormFactor = Enum.FormFactor.Custom,Size = Vector3.new(0.429999411, 0.200000003, 0.200000003),CFrame = CFrame.new(2.26175404, 2.52697635, 48.4085655, 0.21676904, 0.000153397676, -0.97616607, -0.976160765, -0.000339346559, -0.216765121, -0.000362583436, 0.999960423, 7.52870619e-005),BackSurface = Enum.SurfaceType.Weld,BottomSurface = Enum.SurfaceType.Weld,FrontSurface = Enum.SurfaceType.Weld,LeftSurface = Enum.SurfaceType.Weld,RightSurface = Enum.SurfaceType.Weld,TopSurface = Enum.SurfaceType.Weld,})
Mesh = New("BlockMesh",ClawPart,"Mesh",{})
mot = New("Motor",ClawPart,"mot",{Part0 = ClawPart,Part1 = Main,C0 = CFrame.new(0, 0, 0, 0.216774523, -0.976193905, -0.00036265573, 0.000153015761, -0.000339377963, 0.999982953, -0.976196945, -0.216773853, 7.56701775e-005),C1 = CFrame.new(0.646740317, -0.697849035, 0.0135917664, 0.999984324, -6.85453415e-007, 1.92187144e-007, -6.55651093e-007, 0.999982893, 3.23780114e-008, 1.94078893e-007, -1.23327482e-008, 0.999988735),})
ClawPart = New("Part",VortexGauntlet,"ClawPart",{BrickColor = BrickColor.new(ThirdColor),Material = Enum.Material.Neon,FormFactor = Enum.FormFactor.Custom,Size = Vector3.new(0.429999411, 0.200000003, 0.200000003),CFrame = CFrame.new(2.10240459, 2.8600359, 48.4088364, 0.621261835, 0.000153750705, -0.783532441, -0.783529282, -0.000340023485, -0.621255815, -0.000359814498, 0.999960542, -9.07382637e-005),BackSurface = Enum.SurfaceType.Weld,BottomSurface = Enum.SurfaceType.Weld,FrontSurface = Enum.SurfaceType.Weld,LeftSurface = Enum.SurfaceType.Weld,RightSurface = Enum.SurfaceType.Weld,TopSurface = Enum.SurfaceType.Weld,})
Mesh = New("BlockMesh",ClawPart,"Mesh",{})
mot = New("Motor",ClawPart,"mot",{Part0 = ClawPart,Part1 = Main,C0 = CFrame.new(0, 0, 0, 0.621280193, -0.783555269, -0.000360046863, 0.00015336879, -0.000340054947, 0.999983072, -0.783557832, -0.621278107, -9.04251865e-005),C1 = CFrame.new(0.48738873, -0.364784002, 0.0138626099, 0.999984324, -6.85453415e-007, 1.92187144e-007, -6.55651093e-007, 0.999982893, 3.23780114e-008, 1.94078893e-007, -1.23327482e-008, 0.999988735),})
ClawPart = New("Part",VortexGauntlet,"ClawPart",{BrickColor = BrickColor.new(ThirdColor),Material = Enum.Material.Neon,FormFactor = Enum.FormFactor.Custom,Size = Vector3.new(0.200000003, 0.420000017, 0.200000003),CFrame = CFrame.new(2.34746456, 2.11641502, 48.4083405, -0.000150418913, 0.207840621, -0.978104353, 0.000342616433, -0.978098989, -0.207835644, -0.999959588, -0.000364459294, 7.50037798e-005),BottomSurface = Enum.SurfaceType.Weld,TopSurface = Enum.SurfaceType.Weld,})
Mesh = New("SpecialMesh",ClawPart,"Mesh",{MeshType = Enum.MeshType.Wedge,})
mot = New("Motor",ClawPart,"mot",{Part0 = ClawPart,Part1 = Main,C0 = CFrame.new(0, 0, 0, -0.000150036911, 0.000342647952, -0.999982119, 0.207845837, -0.978132248, -0.000364528183, -0.978135228, -0.207844079, 7.53874556e-005),C1 = CFrame.new(0.732452035, -1.10841727, 0.0133666992, 0.999984324, -6.85453415e-007, 1.92187144e-007, -6.55651093e-007, 0.999982893, 3.23780114e-008, 1.94078893e-007, -1.23327482e-008, 0.999988735),})
ClawPart = New("Part",VortexGauntlet,"ClawPart",{BrickColor = BrickColor.new(ThirdColor),Material = Enum.Material.Neon,FormFactor = Enum.FormFactor.Custom,Size = Vector3.new(0.429999411, 0.200000003, 0.200000003),CFrame = CFrame.new(1.65306008, 2.53041506, 47.7222595, -0.00565980002, 0.999876678, 0.00980747957, -0.965705037, -0.00292715896, -0.259375572, -0.259334743, -0.0109386966, 0.965682745),BackSurface = Enum.SurfaceType.Weld,BottomSurface = Enum.SurfaceType.Weld,FrontSurface = Enum.SurfaceType.Weld,LeftSurface = Enum.SurfaceType.Weld,RightSurface = Enum.SurfaceType.Weld,TopSurface = Enum.SurfaceType.Weld,})
Mesh = New("BlockMesh",ClawPart,"Mesh",{})
mot = New("Motor",ClawPart,"mot",{Part0 = ClawPart,Part1 = Main,C0 = CFrame.new(0, 0, 0, -0.00566117326, -0.965738058, -0.259340554, 0.99990803, -0.00292591774, -0.010939328, 0.00980706606, -0.259384483, 0.96570456),C1 = CFrame.new(0.0380369425, -0.694410801, -0.672721863, 0.999984324, -6.85453415e-007, 1.92187144e-007, -6.55651093e-007, 0.999982893, 3.23780114e-008, 1.94078893e-007, -1.23327482e-008, 0.999988735),})
ClawPart = New("Part",VortexGauntlet,"ClawPart",{BrickColor = BrickColor.new(ThirdColor),Material = Enum.Material.Neon,FormFactor = Enum.FormFactor.Custom,Size = Vector3.new(0.429999411, 0.200000003, 0.200000003),CFrame = CFrame.new(1.65604961, 2.85616612, 47.8960381, -0.00937493891, 0.999876201, 0.00635162927, -0.755516708, -0.00292789866, -0.655023754, -0.654977262, -0.01093903, 0.755514741),BackSurface = Enum.SurfaceType.Weld,BottomSurface = Enum.SurfaceType.Weld,FrontSurface = Enum.SurfaceType.Weld,LeftSurface = Enum.SurfaceType.Weld,RightSurface = Enum.SurfaceType.Weld,TopSurface = Enum.SurfaceType.Weld,})
Mesh = New("BlockMesh",ClawPart,"Mesh",{})
mot = New("Motor",ClawPart,"mot",{Part0 = ClawPart,Part1 = Main,C0 = CFrame.new(0, 0, 0, -0.00937599409, -0.755542576, -0.654992044, 0.999907553, -0.00292665744, -0.0109396614, 0.00635065837, -0.655046165, 0.755531788),C1 = CFrame.new(0.0410267115, -0.368654013, -0.498939514, 0.999984324, -6.85453415e-007, 1.92187144e-007, -6.55651093e-007, 0.999982893, 3.23780114e-008, 1.94078893e-007, -1.23327482e-008, 0.999988735),})
ClawPart = New("Part",VortexGauntlet,"ClawPart",{BrickColor = BrickColor.new(ThirdColor),Material = Enum.Material.Neon,FormFactor = Enum.FormFactor.Custom,Size = Vector3.new(0.200000003, 0.420000017, 0.200000003),CFrame = CFrame.new(1.65066326, 2.1240201, 47.6186333, -0.999874711, -0.00557238981, 0.00985530019, 0.00293071126, -0.968032777, -0.250539839, 0.0109357554, -0.250500113, 0.968010366),BottomSurface = Enum.SurfaceType.Weld,TopSurface = Enum.SurfaceType.Weld,})
Mesh = New("SpecialMesh",ClawPart,"Mesh",{MeshType = Enum.MeshType.Wedge,})
mot = New("Motor",ClawPart,"mot",{Part0 = ClawPart,Part1 = Main,C0 = CFrame.new(0, 0, 0, -0.999906063, 0.00292947004, 0.0109363869, -0.00557376677, -0.968065917, -0.250505745, 0.00985489972, -0.250548452, 0.968032181),C1 = CFrame.new(0.0356398821, -1.10081267, -0.776348114, 0.999984324, -6.85453415e-007, 1.92187144e-007, -6.55651093e-007, 0.999982893, 3.23780114e-008, 1.94078893e-007, -1.23327482e-008, 0.999988735),})
ClawPart = New("Part",VortexGauntlet,"ClawPart",{BrickColor = BrickColor.new(ThirdColor),Material = Enum.Material.Neon,FormFactor = Enum.FormFactor.Custom,Size = Vector3.new(0.429999411, 0.200000003, 0.200000003),CFrame = CFrame.new(0.919124722, 2.53371048, 48.4086876, -0.300351858, -0.00015361057, 0.95376271, -0.953755617, 0.000337485195, -0.300355166, -0.000276322971, -0.999955058, -0.000246434589),BackSurface = Enum.SurfaceType.Weld,BottomSurface = Enum.SurfaceType.Weld,FrontSurface = Enum.SurfaceType.Weld,LeftSurface = Enum.SurfaceType.Weld,RightSurface = Enum.SurfaceType.Weld,TopSurface = Enum.SurfaceType.Weld,})
Mesh = New("BlockMesh",ClawPart,"Mesh",{})
mot = New("Motor",ClawPart,"mot",{Part0 = ClawPart,Part1 = Main,C0 = CFrame.new(0, 0, 0, -0.300362557, -0.953788638, -0.00027619407, -0.000153228655, 0.00033751654, -0.999977589, 0.953792274, -0.300364137, -0.000246802549),C1 = CFrame.new(-0.695910037, -0.691115856, 0.0137138367, 0.999984324, -6.85453415e-007, 1.92187144e-007, -6.55651093e-007, 0.999982893, 3.23780114e-008, 1.94078893e-007, -1.23327482e-008, 0.999988735),})
----// Left Claw
VortexGauntlet2 = New("Model",Char,"VortexGauntlet2",{})
Main2 = New("Part",VortexGauntlet2,"Main2",{BrickColor = BrickColor.new(PrimaryColor),Material = Enum.Material.SmoothPlastic,FormFactor = Enum.FormFactor.Custom,Size = Vector3.new(1.00999999, 1.40999997, 1.02999997),CFrame = CFrame.new(1.61502337, 3.22481394, 48.3949738, 0.999984324, -6.55651093e-007, 1.94078893e-007, -6.85453415e-007, 0.999982893, -1.23327482e-008, 1.92187144e-007, 3.23780114e-008, 0.999988735),})
Mesh = New("BlockMesh",Main2,"Mesh",{})
Part1a = New("Part",VortexGauntlet2,"Part1a = N",{BrickColor = BrickColor.new(SecondaryColor),Material = Enum.Material.Neon,FormFactor = Enum.FormFactor.Custom,Size = Vector3.new(1.14999998, 0.200000003, 1.14999998),CFrame = CFrame.new(1.61502361, 3.07982183, 48.3949699, 0.999952972, -1.99669012e-006, 5.80329356e-007, -2.02649153e-006, 0.99994868, 7.71190489e-009, 5.78437607e-007, 5.24213988e-008, 0.999966204),})
Mesh = New("BlockMesh",Part1a,"Mesh",{})
mot = New("Motor",Part1a,"mot",{Part0 = Part1a,Part1 = Main2,C0 = CFrame.new(0, 0, 0, 0.999984324, -6.85453415e-007, 1.92187144e-007, -6.55651093e-007, 0.999982893, 3.23780114e-008, 1.94078893e-007, -1.23327482e-008, 0.999988735),C1 = CFrame.new(1.1920929e-007, -0.144994497, -3.81469727e-006, 0.999984324, -6.85453415e-007, 1.92187144e-007, -6.55651093e-007, 0.999982893, 3.23780114e-008, 1.94078893e-007, -1.23327482e-008, 0.999988735),})
Part2a = New("Part",VortexGauntlet2,"Part2a",{BrickColor = BrickColor.new(SecondaryColor),Material = Enum.Material.Neon,FormFactor = Enum.FormFactor.Custom,Size = Vector3.new(1.14999998, 0.200000003, 1.14999998),CFrame = CFrame.new(1.6150229, 3.47980165, 48.3949699, 0.999952972, -1.99669012e-006, 5.80329356e-007, -2.02649153e-006, 0.99994868, 7.71190489e-009, 5.78437607e-007, 5.24213988e-008, 0.999966204),})
Mesh = New("BlockMesh",Part2a,"Mesh",{})
mot = New("Motor",Part2a,"mot",{Part0 = Part2a,Part1 = Main2,C0 = CFrame.new(0, 0, 0, 0.999984324, -6.85453415e-007, 1.92187144e-007, -6.55651093e-007, 0.999982893, 3.23780114e-008, 1.94078893e-007, -1.23327482e-008, 0.999988735),C1 = CFrame.new(-3.57627869e-007, 0.254992008, -3.81469727e-006, 0.999984324, -6.85453415e-007, 1.92187144e-007, -6.55651093e-007, 0.999982893, 3.23780114e-008, 1.94078893e-007, -1.23327482e-008, 0.999988735),})
Part3a = New("Part",VortexGauntlet2,"Part3a",{BrickColor = BrickColor.new(SecondaryColor),Material = Enum.Material.Neon,FormFactor = Enum.FormFactor.Custom,Size = Vector3.new(1.14999998, 0.200000003, 1.14999998),CFrame = CFrame.new(1.61502194, 3.87978125, 48.3949699, 0.999952972, -1.99669012e-006, 5.80329356e-007, -2.02649153e-006, 0.99994868, 7.71190489e-009, 5.78437607e-007, 5.24213988e-008, 0.999966204),})
Mesh = New("BlockMesh",Part3a,"Mesh",{})
mot = New("Motor",Part3a,"mot",{Part0 = Part3a,Part1 = Main2,C0 = CFrame.new(0, 0, 0, 0.999984324, -6.85453415e-007, 1.92187144e-007, -6.55651093e-007, 0.999982893, 3.23780114e-008, 1.94078893e-007, -1.23327482e-008, 0.999988735),C1 = CFrame.new(-9.53674316e-007, 0.654978514, -3.81469727e-006, 0.999984324, -6.85453415e-007, 1.92187144e-007, -6.55651093e-007, 0.999982893, 3.23780114e-008, 1.94078893e-007, -1.23327482e-008, 0.999988735),})
ClawPart2 = New("Part",VortexGauntlet2,"ClawPart2",{BrickColor = BrickColor.new(ThirdColor),Material = Enum.Material.Neon,FormFactor = Enum.FormFactor.Custom,Size = Vector3.new(0.429999411, 0.200000003, 0.200000003),CFrame = CFrame.new(1.10669136, 2.85156226, 48.4086037, -0.686683536, -0.000153818051, 0.726891577, -0.726885498, 0.000336891768, -0.686683595, -0.000140090138, -0.999965966, -0.000342367945),BackSurface = Enum.SurfaceType.Weld,BottomSurface = Enum.SurfaceType.Weld,FrontSurface = Enum.SurfaceType.Weld,LeftSurface = Enum.SurfaceType.Weld,RightSurface = Enum.SurfaceType.Weld,TopSurface = Enum.SurfaceType.Weld,})
Mesh = New("BlockMesh",ClawPart2,"Mesh",{})
mot = New("Motor",ClawPart2,"mot",{Part0 = ClawPart2,Part1 = Main2,C0 = CFrame.new(0, 0, 0, -0.686706066, -0.726911366, -0.000139813448, -0.000153436136, 0.000336923113, -0.999988496, 0.726913393, -0.686706126, -0.000342642685),C1 = CFrame.new(-0.50834024, -0.373258352, 0.0136299133, 0.999984324, -6.85453415e-007, 1.92187144e-007, -6.55651093e-007, 0.999982893, 3.23780114e-008, 1.94078893e-007, -1.23327482e-008, 0.999988735),})
ClawPart2 = New("Part",VortexGauntlet2,"ClawPart2",{BrickColor = BrickColor.new(ThirdColor),Material = Enum.Material.Neon,FormFactor = Enum.FormFactor.Custom,Size = Vector3.new(0.200000003, 0.420000017, 0.200000003),CFrame = CFrame.new(0.79824549, 2.13190103, 48.4086189, 0.000150710199, -0.291629434, 0.956479728, -0.000334032346, -0.956475139, -0.291631371, 0.999964535, -0.000275910104, -0.00024051439),BottomSurface = Enum.SurfaceType.Weld,TopSurface = Enum.SurfaceType.Weld,})
Mesh = New("SpecialMesh",ClawPart2,"Mesh",{MeshType = Enum.MeshType.Wedge,})
mot = New("Motor",ClawPart2,"mot",{Part0 = ClawPart2,Part1 = Main2,C0 = CFrame.new(0, 0, 0, 0.000150328196, -0.000334063574, 0.999987066, -0.291639835, -0.956508279, -0.000275784521, 0.956509411, -0.291640043, -0.000240883426),C1 = CFrame.new(-0.816791415, -1.09293222, 0.0136451721, 0.999984324, -6.85453415e-007, 1.92187144e-007, -6.55651093e-007, 0.999982893, 3.23780114e-008, 1.94078893e-007, -1.23327482e-008, 0.999988735),})
Cone2 = New("Part",VortexGauntlet2,"Cone2",{BrickColor = BrickColor.new(ThirdColor),Material = Enum.Material.Neon,Reflectance = 0.10000000149012,FormFactor = Enum.FormFactor.Plate,Size = Vector3.new(1, 0.800000012, 1),CFrame = CFrame.new(1.61002243, 2.51985645, 48.3899651, -0.999948561, 1.10265523e-006, 5.55474173e-007, 1.2814628e-006, -0.999944806, -1.77016783e-008, -5.53581231e-007, -2.70076601e-008, 0.999963343),})
Mesh = New("SpecialMesh",Cone2,"Mesh",{Scale = Vector3.new(0.150000006, 0.800000012, 0.150000006),VertexColor = Vector3.new(3.00000003e+015, 2.99999995e+031, 3.00000003e+015),MeshId = "http://www.roblox.com/asset/?id=1033714",MeshType = Enum.MeshType.FileMesh,})
mot = New("Motor",Cone2,"mot",{Part0 = Cone2,Part1 = Main2,C0 = CFrame.new(0, 0, 0, -0.999979913, -5.95949246e-008, -1.67331933e-007, -2.38406642e-007, -0.999979019, -6.96342894e-009, 1.6922408e-007, -3.77471778e-008, 0.999985874),C1 = CFrame.new(-0.00500154495, -0.704969406, -0.00500869751, 0.999984324, -6.85453415e-007, 1.92187144e-007, -6.55651093e-007, 0.999982893, 3.23780114e-008, 1.94078893e-007, -1.23327482e-008, 0.999988735),})
Cylinder2 = New("Part",VortexGauntlet2,"Cylinder",{BrickColor = BrickColor.new(SecondaryColor),Material = Enum.Material.Neon,Reflectance = 0.10000000149012,FormFactor = Enum.FormFactor.Custom,Size = Vector3.new(1, 0.800000012, 1),CFrame = CFrame.new(1.61002088, 2.60985756, 48.3899651, -1.02815238e-006, -0.999947667, 5.55474173e-007, 0.999943912, 1.35596326e-006, -1.77016783e-008, 2.70076796e-008, -5.53580719e-007, 0.999963343),})
Mesh = New("SpecialMesh",Cylinder2,"Mesh",{Scale = Vector3.new(0.200000003, 0.800000012, 0.200000003),VertexColor = Vector3.new(3.00000003e+015, 2.99999995e+031, 3.00000003e+015),MeshType = Enum.MeshType.Cylinder,})
mot = New("Motor",Cylinder2,"mot",{Part0 = Cylinder2,Part1 = Main2,C0 = CFrame.new(0, 0, 0, 3.12910686e-007, 0.999978125, 6.96343605e-009, -0.999979019, 1.49093466e-008, -1.67331791e-007, 1.6922408e-007, -3.77471778e-008, 0.999985874),C1 = CFrame.new(-0.00500297546, -0.614966869, -0.00500869751, 0.999984324, -6.85453415e-007, 1.92187144e-007, -6.55651093e-007, 0.999982893, 3.23780114e-008, 1.94078893e-007, -1.23327482e-008, 0.999988735),})
ClawPart2 = New("Part",VortexGauntlet2,"ClawPart2",{BrickColor = BrickColor.new(ThirdColor),Material = Enum.Material.Neon,FormFactor = Enum.FormFactor.Custom,Size = Vector3.new(0.429999411, 0.200000003, 0.200000003),CFrame = CFrame.new(1.65483451, 2.53023887, 49.075016, 1.31079628e-006, -0.999882877, -0.0113237342, -0.966020584, 0.00292562018, -0.258228838, 0.258250505, 0.0109389573, -0.965978205),BackSurface = Enum.SurfaceType.Weld,BottomSurface = Enum.SurfaceType.Weld,FrontSurface = Enum.SurfaceType.Weld,LeftSurface = Enum.SurfaceType.Weld,RightSurface = Enum.SurfaceType.Weld,TopSurface = Enum.SurfaceType.Weld,})
Mesh = New("BlockMesh",ClawPart2,"Mesh",{})
mot = New("Motor",ClawPart2,"mot",{Part0 = ClawPart2,Part1 = Main2,C0 = CFrame.new(0, 0, 0, -8.45183479e-008, -0.966053605, 0.258256376, -0.999914229, 0.00292437896, 0.0109395888, -0.0113240639, -0.25823763, -0.966000021),C1 = CFrame.new(0.0398111343, -0.694586992, 0.680049896, 0.999984324, -6.85453415e-007, 1.92187144e-007, -6.55651093e-007, 0.999982893, 3.23780114e-008, 1.94078893e-007, -1.23327482e-008, 0.999988735),})
ClawPart2 = New("Part",VortexGauntlet2,"ClawPart2",{BrickColor = BrickColor.new(ThirdColor),Material = Enum.Material.Neon,FormFactor = Enum.FormFactor.Custom,Size = Vector3.new(0.429999411, 0.200000003, 0.200000003),CFrame = CFrame.new(1.65375209, 2.85618806, 48.9016113, 0.00494658109, -0.999882698, -0.010186431, -0.756301045, 0.00292500365, -0.654129505, 0.654131114, 0.0109393038, -0.756254077),BackSurface = Enum.SurfaceType.Weld,BottomSurface = Enum.SurfaceType.Weld,FrontSurface = Enum.SurfaceType.Weld,LeftSurface = Enum.SurfaceType.Weld,RightSurface = Enum.SurfaceType.Weld,TopSurface = Enum.SurfaceType.Weld,})
Mesh = New("BlockMesh",ClawPart2,"Mesh",{})
mot = New("Motor",ClawPart2,"mot",{Part0 = ClawPart2,Part1 = Main2,C0 = CFrame.new(0, 0, 0, 0.00494546909, -0.756326914, 0.654145896, -0.99991405, 0.00292376243, 0.0109399352, -0.0101873344, -0.654151917, -0.756271124),C1 = CFrame.new(0.0387289524, -0.368632078, 0.506641388, 0.999984324, -6.85453415e-007, 1.92187144e-007, -6.55651093e-007, 0.999982893, 3.23780114e-008, 1.94078893e-007, -1.23327482e-008, 0.999988735),})
ClawPart2 = New("Part",VortexGauntlet2,"ClawPart2",{BrickColor = BrickColor.new(ThirdColor),Material = Enum.Material.Neon,FormFactor = Enum.FormFactor.Custom,Size = Vector3.new(0.200000003, 0.420000017, 0.200000003),CFrame = CFrame.new(1.65484631, 2.12370038, 49.1781998, 0.999881506, -9.94669754e-005, -0.0113197053, -0.00292231143, -0.968337119, -0.249390081, -0.0109360376, 0.249413356, -0.96829623),BottomSurface = Enum.SurfaceType.Weld,TopSurface = Enum.SurfaceType.Weld,})
Mesh = New("SpecialMesh",ClawPart2,"Mesh",{MeshType = Enum.MeshType.Wedge,})
mot = New("Motor",ClawPart2,"mot",{Part0 = ClawPart2,Part1 = Main2,C0 = CFrame.new(0, 0, 0, 0.999912858, -0.00292107021, -0.0109366691, -0.000100865138, -0.968370259, 0.249419004, -0.0113200219, -0.249398604, -0.968318045),C1 = CFrame.new(0.0398226976, -1.10113239, 0.783233643, 0.999984324, -6.85453415e-007, 1.92187144e-007, -6.55651093e-007, 0.999982893, 3.23780114e-008, 1.94078893e-007, -1.23327482e-008, 0.999988735),})
ClawPart2 = New("Part",VortexGauntlet2,"ClawPart2",{BrickColor = BrickColor.new(ThirdColor),Material = Enum.Material.Neon,FormFactor = Enum.FormFactor.Custom,Size = Vector3.new(0.429999411, 0.200000003, 0.200000003),CFrame = CFrame.new(2.26175404, 2.52697635, 48.4085655, 0.21676904, 0.000153397676, -0.97616607, -0.976160765, -0.000339346559, -0.216765121, -0.000362583436, 0.999960423, 7.52870619e-005),BackSurface = Enum.SurfaceType.Weld,BottomSurface = Enum.SurfaceType.Weld,FrontSurface = Enum.SurfaceType.Weld,LeftSurface = Enum.SurfaceType.Weld,RightSurface = Enum.SurfaceType.Weld,TopSurface = Enum.SurfaceType.Weld,})
Mesh = New("BlockMesh",ClawPart2,"Mesh",{})
mot = New("Motor",ClawPart2,"mot",{Part0 = ClawPart2,Part1 = Main2,C0 = CFrame.new(0, 0, 0, 0.216774523, -0.976193905, -0.00036265573, 0.000153015761, -0.000339377963, 0.999982953, -0.976196945, -0.216773853, 7.56701775e-005),C1 = CFrame.new(0.646740317, -0.697849035, 0.0135917664, 0.999984324, -6.85453415e-007, 1.92187144e-007, -6.55651093e-007, 0.999982893, 3.23780114e-008, 1.94078893e-007, -1.23327482e-008, 0.999988735),})
ClawPart2 = New("Part",VortexGauntlet2,"ClawPart2",{BrickColor = BrickColor.new(ThirdColor),Material = Enum.Material.Neon,FormFactor = Enum.FormFactor.Custom,Size = Vector3.new(0.429999411, 0.200000003, 0.200000003),CFrame = CFrame.new(2.10240459, 2.8600359, 48.4088364, 0.621261835, 0.000153750705, -0.783532441, -0.783529282, -0.000340023485, -0.621255815, -0.000359814498, 0.999960542, -9.07382637e-005),BackSurface = Enum.SurfaceType.Weld,BottomSurface = Enum.SurfaceType.Weld,FrontSurface = Enum.SurfaceType.Weld,LeftSurface = Enum.SurfaceType.Weld,RightSurface = Enum.SurfaceType.Weld,TopSurface = Enum.SurfaceType.Weld,})
Mesh = New("BlockMesh",ClawPart2,"Mesh",{})
mot = New("Motor",ClawPart2,"mot",{Part0 = ClawPart2,Part1 = Main2,C0 = CFrame.new(0, 0, 0, 0.621280193, -0.783555269, -0.000360046863, 0.00015336879, -0.000340054947, 0.999983072, -0.783557832, -0.621278107, -9.04251865e-005),C1 = CFrame.new(0.48738873, -0.364784002, 0.0138626099, 0.999984324, -6.85453415e-007, 1.92187144e-007, -6.55651093e-007, 0.999982893, 3.23780114e-008, 1.94078893e-007, -1.23327482e-008, 0.999988735),})
ClawPart2 = New("Part",VortexGauntlet2,"ClawPart2",{BrickColor = BrickColor.new(ThirdColor),Material = Enum.Material.Neon,FormFactor = Enum.FormFactor.Custom,Size = Vector3.new(0.200000003, 0.420000017, 0.200000003),CFrame = CFrame.new(2.34746456, 2.11641502, 48.4083405, -0.000150418913, 0.207840621, -0.978104353, 0.000342616433, -0.978098989, -0.207835644, -0.999959588, -0.000364459294, 7.50037798e-005),BottomSurface = Enum.SurfaceType.Weld,TopSurface = Enum.SurfaceType.Weld,})
Mesh = New("SpecialMesh",ClawPart2,"Mesh",{MeshType = Enum.MeshType.Wedge,})
mot = New("Motor",ClawPart2,"mot",{Part0 = ClawPart2,Part1 = Main2,C0 = CFrame.new(0, 0, 0, -0.000150036911, 0.000342647952, -0.999982119, 0.207845837, -0.978132248, -0.000364528183, -0.978135228, -0.207844079, 7.53874556e-005),C1 = CFrame.new(0.732452035, -1.10841727, 0.0133666992, 0.999984324, -6.85453415e-007, 1.92187144e-007, -6.55651093e-007, 0.999982893, 3.23780114e-008, 1.94078893e-007, -1.23327482e-008, 0.999988735),})
ClawPart2 = New("Part",VortexGauntlet2,"ClawPart2",{BrickColor = BrickColor.new(ThirdColor),Material = Enum.Material.Neon,FormFactor = Enum.FormFactor.Custom,Size = Vector3.new(0.429999411, 0.200000003, 0.200000003),CFrame = CFrame.new(1.65306008, 2.53041506, 47.7222595, -0.00565980002, 0.999876678, 0.00980747957, -0.965705037, -0.00292715896, -0.259375572, -0.259334743, -0.0109386966, 0.965682745),BackSurface = Enum.SurfaceType.Weld,BottomSurface = Enum.SurfaceType.Weld,FrontSurface = Enum.SurfaceType.Weld,LeftSurface = Enum.SurfaceType.Weld,RightSurface = Enum.SurfaceType.Weld,TopSurface = Enum.SurfaceType.Weld,})
Mesh = New("BlockMesh",ClawPart2,"Mesh",{})
mot = New("Motor",ClawPart2,"mot",{Part0 = ClawPart2,Part1 = Main2,C0 = CFrame.new(0, 0, 0, -0.00566117326, -0.965738058, -0.259340554, 0.99990803, -0.00292591774, -0.010939328, 0.00980706606, -0.259384483, 0.96570456),C1 = CFrame.new(0.0380369425, -0.694410801, -0.672721863, 0.999984324, -6.85453415e-007, 1.92187144e-007, -6.55651093e-007, 0.999982893, 3.23780114e-008, 1.94078893e-007, -1.23327482e-008, 0.999988735),})
ClawPart2 = New("Part",VortexGauntlet2,"ClawPart2",{BrickColor = BrickColor.new(ThirdColor),Material = Enum.Material.Neon,FormFactor = Enum.FormFactor.Custom,Size = Vector3.new(0.429999411, 0.200000003, 0.200000003),CFrame = CFrame.new(1.65604961, 2.85616612, 47.8960381, -0.00937493891, 0.999876201, 0.00635162927, -0.755516708, -0.00292789866, -0.655023754, -0.654977262, -0.01093903, 0.755514741),BackSurface = Enum.SurfaceType.Weld,BottomSurface = Enum.SurfaceType.Weld,FrontSurface = Enum.SurfaceType.Weld,LeftSurface = Enum.SurfaceType.Weld,RightSurface = Enum.SurfaceType.Weld,TopSurface = Enum.SurfaceType.Weld,})
Mesh = New("BlockMesh",ClawPart2,"Mesh",{})
mot = New("Motor",ClawPart2,"mot",{Part0 = ClawPart2,Part1 = Main2,C0 = CFrame.new(0, 0, 0, -0.00937599409, -0.755542576, -0.654992044, 0.999907553, -0.00292665744, -0.0109396614, 0.00635065837, -0.655046165, 0.755531788),C1 = CFrame.new(0.0410267115, -0.368654013, -0.498939514, 0.999984324, -6.85453415e-007, 1.92187144e-007, -6.55651093e-007, 0.999982893, 3.23780114e-008, 1.94078893e-007, -1.23327482e-008, 0.999988735),})
ClawPart2 = New("Part",VortexGauntlet2,"ClawPart2",{BrickColor = BrickColor.new(ThirdColor),Material = Enum.Material.Neon,FormFactor = Enum.FormFactor.Custom,Size = Vector3.new(0.200000003, 0.420000017, 0.200000003),CFrame = CFrame.new(1.65066326, 2.1240201, 47.6186333, -0.999874711, -0.00557238981, 0.00985530019, 0.00293071126, -0.968032777, -0.250539839, 0.0109357554, -0.250500113, 0.968010366),BottomSurface = Enum.SurfaceType.Weld,TopSurface = Enum.SurfaceType.Weld,})
Mesh = New("SpecialMesh",ClawPart2,"Mesh",{MeshType = Enum.MeshType.Wedge,})
mot = New("Motor",ClawPart2,"mot",{Part0 = ClawPart2,Part1 = Main2,C0 = CFrame.new(0, 0, 0, -0.999906063, 0.00292947004, 0.0109363869, -0.00557376677, -0.968065917, -0.250505745, 0.00985489972, -0.250548452, 0.968032181),C1 = CFrame.new(0.0356398821, -1.10081267, -0.776348114, 0.999984324, -6.85453415e-007, 1.92187144e-007, -6.55651093e-007, 0.999982893, 3.23780114e-008, 1.94078893e-007, -1.23327482e-008, 0.999988735),})
ClawPart2 = New("Part",VortexGauntlet2,"ClawPart2",{BrickColor = BrickColor.new(ThirdColor),Material = Enum.Material.Neon,FormFactor = Enum.FormFactor.Custom,Size = Vector3.new(0.429999411, 0.200000003, 0.200000003),CFrame = CFrame.new(0.919124722, 2.53371048, 48.4086876, -0.300351858, -0.00015361057, 0.95376271, -0.953755617, 0.000337485195, -0.300355166, -0.000276322971, -0.999955058, -0.000246434589),BackSurface = Enum.SurfaceType.Weld,BottomSurface = Enum.SurfaceType.Weld,FrontSurface = Enum.SurfaceType.Weld,LeftSurface = Enum.SurfaceType.Weld,RightSurface = Enum.SurfaceType.Weld,TopSurface = Enum.SurfaceType.Weld,})
Mesh = New("BlockMesh",ClawPart2,"Mesh",{})
mot = New("Motor",ClawPart2,"mot",{Part0 = ClawPart2,Part1 = Main2,C0 = CFrame.new(0, 0, 0, -0.300362557, -0.953788638, -0.00027619407, -0.000153228655, 0.00033751654, -0.999977589, 0.953792274, -0.300364137, -0.000246802549),C1 = CFrame.new(-0.695910037, -0.691115856, 0.0137138367, 0.999984324, -6.85453415e-007, 1.92187144e-007, -6.55651093e-007, 0.999982893, 3.23780114e-008, 1.94078893e-007, -1.23327482e-008, 0.999988735),})
----// RightLegBrace
RightLegBrace = New("Model",Char,"RightLegBrace",{})
