wait(1 / 60)
Effects = { }
local Player = game.Players.localPlayer
local Character = Player.Character
local Humanoid = Character.Humanoid
local mouse = Player:GetMouse()
local m = Instance.new('Model', Character)
m.Name = "WeaponModel"
local laughing = false
local LeftArm = Character["Left Arm"]
local RightArm = Character["Right Arm"]
local LeftLeg = Character["Left Leg"]
local RightLeg = Character["Right Leg"]
local Head = Character.Head
local Torso = Character.Torso
local cam = game.Workspace.CurrentCamera
local RootPart = Character.HumanoidRootPart
local RootJoint = RootPart.RootJoint
local equipped = false
local attack = false
local Anim = 'Idle'
local idle = 0
local attacktype = 1
local Torsovelocity = (RootPart.Velocity * Vector3.new(1, 0, 1)).magnitude 
local velocity = RootPart.Velocity.y
local sine = 0
local change = 1
local grabbed = false
local cn = CFrame.new
local mr = math.rad
local angles = CFrame.Angles
local ud = UDim2.new
local c3 = Color3.new

Keys = {
  ["1"] = "Q",
  ["2"] = "E",
  ["3"] = "R",
  ["4"] = "F"
}

Humanoid.Animator.Parent = nil
Character.Animate.Parent = nil

local newMotor = function(part0, part1, c0, c1)
	local w = Instance.new('Motor', part0)
	w.Part0 = part0
	w.Part1 = part1
	w.C0 = c0
	w.C1 = c1
	return w
end

function clerp(a, b, t)
	return a:lerp(b, t)
end

RootCF = CFrame.fromEulerAnglesXYZ(-1.57, 0, 3.14)
NeckCF = CFrame.new(0, 1, 0, -1, -0, -0, 0, 0, 1, 0, 1, 0)

local RW = newMotor(Torso, RightArm, CFrame.new(1.5, 0, 0), CFrame.new(0, 0, 0)) 
local LW = newMotor(Torso, LeftArm, CFrame.new(-1.5, 0, 0), CFrame.new(0, 0, 0))
local RH = newMotor(Torso, RightLeg, CFrame.new(.5, -2, 0), CFrame.new(0, 0, 0))
local LH = newMotor(Torso, LeftLeg, CFrame.new(-.5, -2, 0), CFrame.new(0, 0, 0))
RootJoint.C1 = CFrame.new(0, 0, 0)
RootJoint.C0 = CFrame.new(0, 0, 0)
Torso.Neck.C1 = CFrame.new(0, 0, 0)
Torso.Neck.C0 = CFrame.new(0, 1.5, 0)

local rarmc1 = RW.C1
local larmc1 = LW.C1
local rlegc1 = RH.C1
local llegc1 = LH.C1

local resetc1 = false

function PlayAnimationFromTable(table, speed, bool)
	RootJoint.C0 = clerp(RootJoint.C0, table[1], speed) 
	Torso.Neck.C0 = clerp(Torso.Neck.C0, table[2], speed) 
	RW.C0 = clerp(RW.C0, table[3], speed) 
	LW.C0 = clerp(LW.C0, table[4], speed) 
	RH.C0 = clerp(RH.C0, table[5], speed) 
	LH.C0 = clerp(LH.C0, table[6], speed) 
	if bool == true then
		if resetc1 == false then
			resetc1 = true
			RootJoint.C1 = RootJoint.C1
			Torso.Neck.C1 = Torso.Neck.C1
			RW.C1 = rarmc1
			LW.C1 = larmc1
			RH.C1 = rlegc1
			LH.C1 = llegc1
		end
	end
end

--[[Credits to SazErenos for his Artificial Heartbeat]]--

ArtificialHB = Instance.new("BindableEvent", script)
ArtificialHB.Name = "Heartbeat"

script:WaitForChild("Heartbeat")

frame = 1 / 35
tf = 0
allowframeloss = false
tossremainder = false
lastframe = tick()
script.Heartbeat:Fire()

game:GetService("RunService").Heartbeat:connect(function(s, p)
	tf = tf + s
	if tf >= frame then
		if allowframeloss then
			script.Heartbeat:Fire()
			lastframe = tick()
		else
			for i = 1, math.floor(tf / frame) do
				script.Heartbeat:Fire()
			end
			lastframe = tick()
		end
		if tossremainder then
			tf = 0
		else
			tf = tf - frame * math.floor(tf / frame)
		end
	end
end)

function swait(num)
	if num == 0 or num == nil then
		ArtificialHB.Event:wait()
	else
		for i = 0, num do
			ArtificialHB.Event:wait()
		end
	end
end

local RbxUtility = LoadLibrary("RbxUtility")
local Create = RbxUtility.Create

function RemoveOutlines(part)
	part.TopSurface, part.BottomSurface, part.LeftSurface, part.RightSurface, part.FrontSurface, part.BackSurface = 10, 10, 10, 10, 10, 10
end
	
CFuncs = {	
	["Part"] = {
		Create = function(Parent, Material, Reflectance, Transparency, BColor, Name, Size)
			local Part = Create("Part"){
				Parent = Parent,
				Reflectance = Reflectance,
				Transparency = Transparency,
				CanCollide = false,
				Locked = true,
				BrickColor = BrickColor.new(tostring(BColor)),
				Name = Name,
				Size = Size,
				Material = Material,
			}
			RemoveOutlines(Part)
			return Part
		end;
	};
	
	["Mesh"] = {
		Create = function(Mesh, Part, MeshType, MeshId, OffSet, Scale)
			local Msh = Create(Mesh){
				Parent = Part,
				Offset = OffSet,
				Scale = Scale,
			}
			if Mesh == "SpecialMesh" then
				Msh.MeshType = MeshType
				Msh.MeshId = MeshId
			end
			return Msh
		end;
	};
	
	["Mesh"] = {
		Create = function(Mesh, Part, MeshType, MeshId, OffSet, Scale)
			local Msh = Create(Mesh){
				Parent = Part,
				Offset = OffSet,
				Scale = Scale,
			}
			if Mesh == "SpecialMesh" then
				Msh.MeshType = MeshType
				Msh.MeshId = MeshId
			end
			return Msh
		end;
	};
	
	["Weld"] = {
		Create = function(Parent, Part0, Part1, C0, C1)
			local Weld = Create("Weld"){
				Parent = Parent,
				Part0 = Part0,
				Part1 = Part1,
				C0 = C0,
				C1 = C1,
			}
			return Weld
		end;
	};

	["Sound"] = {
		Create = function(id, par, vol, pit) 
			coroutine.resume(coroutine.create(function()
				local S = Create("Sound"){
					Volume = vol,
					Pitch = pit or 1,
					SoundId = id,
					Parent = par or workspace,
				}
				wait() 
				S:play() 
				game:GetService("Debris"):AddItem(S, 6)
			end))
		end;
	};
	
	["ParticleEmitter"] = {
		Create = function(Parent, Color1, Color2, LightEmission, Size, Texture, Transparency, ZOffset, Accel, Drag, LockedToPart, VelocityInheritance, EmissionDirection, Enabled, LifeTime, Rate, Rotation, RotSpeed, Speed, VelocitySpread)
			local fp = Create("ParticleEmitter"){
				Parent = Parent,
				Color = ColorSequence.new(Color1, Color2),
				LightEmission = LightEmission,
				Size = Size,
				Texture = Texture,
				Transparency = Transparency,
				ZOffset = ZOffset,
				Acceleration = Accel,
				Drag = Drag,
				LockedToPart = LockedToPart,
				VelocityInheritance = VelocityInheritance,
				EmissionDirection = EmissionDirection,
				Enabled = Enabled,
				Lifetime = LifeTime,
				Rate = Rate,
				Rotation = Rotation,
				RotSpeed = RotSpeed,
				Speed = Speed,
				VelocitySpread = VelocitySpread,
			}
			return fp
		end;
	};
}

function rayCast(Position, Direction, Range, Ignore)
	return game:service("Workspace"):FindPartOnRay(Ray.new(Position, Direction.unit * (Range or 999.999)), Ignore) 
end 

local function GetNearest(obj, distance)
	local last, lastx = distance + 1
	for i, v in pairs(workspace:GetChildren()) do
		if v:IsA'Model' and v ~= Character and v:findFirstChild('Humanoid') and v:findFirstChild('Torso') and v:findFirstChild('Humanoid').Health > 0 then
			local t = v.Torso
			local dist = (t.Position - obj.Position).magnitude
			if dist <= distance then
				if dist < last then
					last = dist
					lastx = v
				end
			end
		end
	end
	return lastx
end

--[[ Credits to Kert109 (Ninja_Deer) for the Damage function. Fenrier for the Magnitude Damage --not ma fav
function Damage(hit, damage, cooldown, Color1, Color2, HSound, HPitch)
	for i, v in pairs(hit:GetChildren()) do 
		if v:IsA("Humanoid") and hit.Name ~= Character.Name then
			local find = v:FindFirstChild("DebounceHit")
			if not find then
				if v.Parent:findFirstChild("Head") then
					local BillG = Create("BillboardGui"){
						Parent = v.Parent.Head,
						Size = UDim2.new(1, 0, 1, 0),
						Adornee = v.Parent.Head,
						StudsOffset = Vector3.new(math.random(-3, 3), math.random(3, 5), math.random(-3, 3)),
					}
					local TL = Create("TextLabel"){
						Parent = BillG,
						Size = UDim2.new(3, 3, 3, 3),
						BackgroundTransparency = 1,
						Text = tostring(damage).."-",
						TextColor3 = Color1.Color,
						TextStrokeColor3 = Color2.Color,
						TextStrokeTransparency = 0,
						TextXAlignment = Enum.TextXAlignment.Center,
						TextYAlignment = Enum.TextYAlignment.Center,
						FontSize = Enum.FontSize.Size18,
						Font = "ArialBold",
					}
					coroutine.resume(coroutine.create(function()
						swait(1)
						for i = 0, 1, .1 do
							swait(.1)
							BillG.StudsOffset = BillG.StudsOffset + Vector3.new(0, .1, 0)
						end
						BillG:Destroy()
					end))
				end
				v.Health = v.Health - damage
				local bool = Create("BoolValue"){
					Parent = v,
					Name = "DebounceHit",
				}
				if HSound ~= nil and HPitch ~= nil then
					CFuncs["Sound"].Create(HSound, hit, 1, HPitch) 
				end
				game:GetService("Debris"):AddItem(bool, cooldown)
			end
		end
	end
end

function MagnitudeDamage(Part, magni, mindam, maxdam, Color1, Color2, HSound, HPitch)
	for _, c in pairs(workspace:children()) do
		local hum = c:findFirstChild("Humanoid")
		if hum ~= nil then
			local head = c:findFirstChild("Torso")
			if head ~= nil then
				local targ = head.Position - Part.Position
				local mag = targ.magnitude
				if mag <= magni and c.Name ~= Player.Name then 
					Damage(head.Parent, math.random(mindam, maxdam), 0.5, Color1, Color2, HSound, HPitch)
				end
			end
		end
	end
end
]]

function makegui(cframe, text)
	local a = math.random(-10, 10) / 100
	local c = Instance.new("Part")
	c.Transparency = 1
	Instance.new("BodyGyro").Parent = c
	c.Parent = Character
	c.CFrame = CFrame.new(cframe.p + Vector3.new(0, 1.5, 0))
	local f = Instance.new("BodyPosition")
	f.P = 2000
	f.D = 100
	f.maxForce = Vector3.new(math.huge, math.huge, math.huge)
	f.position = c.Position + Vector3.new(0, 3, 0)
	f.Parent = c
	game:GetService("Debris"):AddItem(c, .5 + 6)
	c.CanCollide = false
	c.Parent = workspace
	c.CanCollide = false
	local bg = Instance.new('BillboardGui', c)
	bg.Adornee = c
	bg.Size = UDim2.new(1, 0, 1, 0)
	bg.StudsOffset = Vector3.new(0, 0, 0)
	bg.AlwaysOnTop = false
	local tl = Instance.new('TextLabel', bg)
	tl.BackgroundTransparency = 1
	tl.Size = UDim2.new(1, 0, 1, 0)
	tl.Text = text
	tl.Font = 'SourceSansBold'
	tl.FontSize = 'Size42'
	tl.TextColor3 = BrickColor.new('Bright yellow').Color
	tl.TextStrokeTransparency = 0
	tl.TextScaled = true
	tl.TextWrapped = true
	coroutine.wrap(function()
		wait(2)
		for i = 1, 10 do
			swait()
			c.Transparency = 1
			tl.TextTransparency = tl.TextTransparency + .1
			if tl.TextTransparency == 1 then
			    break
			end
		end
		tl:Destroy()
	end)()
end

Damagefunc=function(hit,minim,maxim,knockback,Type,Property,Delay,KnockbackType,decreaseblock)
        if hit.Parent==nil then
                return
        end
        h=hit.Parent:FindFirstChild("Humanoid")
        for _,v in pairs(hit.Parent:children()) do
        if v:IsA("Humanoid") then
        h=v
        end
        end
        if hit.Parent.Parent:FindFirstChild("Torso")~=nil then
        h=hit.Parent.Parent:FindFirstChild("Humanoid")
        end
        if hit.Parent.className=="Hat" then
        hit=hit.Parent.Parent:findFirstChild("Head")
        end
        if h~=nil and hit.Parent.Name~=Character.Name and hit.Parent:FindFirstChild("Torso")~=nil then
        if hit.Parent:findFirstChild("DebounceHit")~=nil then if hit.Parent.DebounceHit.Value==true then return end end
                local blocked=false
                block=hit.Parent:findFirstChild("Block")
                if block~=nil then
                print(block.className)
                if block.className=="NumberValue" then
                if block.Value>0 then
                blocked=true
                if decreaseblock==nil then
                block.Value=block.Value-1
                end
                end
                end
                if block.className=="IntValue" then
                if block.Value>0 then
                blocked=true
                if decreaseblock~=nil then
                block.Value=block.Value-1
                end
                end
                end
                end
				local D = math.random(minim, maxim)
                if blocked==false then
                h.Health=h.Health-D
				makegui(hit.Parent.Head.CFrame,tostring(math.floor(D+.5)))
                else
                h.Health=h.Health-(D/2)
				makegui(hit.Parent.Head.CFrame,tostring(math.floor(D+.5)))
                end
                if Type=="Knockdown" then
                local humanoid=hit.Parent.Humanoid
                humanoid.PlatformStand=true
                coroutine.resume(coroutine.create(function(Humanoid)
                swait()
                Humanoid.PlatformStand=false
                end),humanoid)
                local angle=(hit.Position-(Property.Position+Vector3.new(0,0,0))).unit
                local bodvol=Instance.new("BodyVelocity")
                bodvol.velocity=angle*knockback
                bodvol.P=5000
                bodvol.maxForce=Vector3.new(8e+003, 8e+003, 8e+003)
                bodvol.Parent=hit
                rl=Instance.new("BodyAngularVelocity")
                rl.P=3000
                rl.maxTorque=Vector3.new(500000,500000,500000)*50000000000000
                rl.angularvelocity=Vector3.new(math.random(-10,10),math.random(-10,10),math.random(-10,10))
                rl.Parent=hit
                game:GetService("Debris"):AddItem(bodvol,.5)
                game:GetService("Debris"):AddItem(rl,.5)
                elseif Type=="Normal" then
				hitpitch = math.random(0.8, 1)
				CFuncs.Sound.Create("rbxassetid://199149221", hit, 1, hitpitch)
                vp=Instance.new("BodyVelocity")
                vp.P=500
                vp.maxForce=Vector3.new(math.huge,0,math.huge)
                if KnockbackType==1 then
                vp.velocity=Property.CFrame.lookVector*knockback+Property.Velocity/1.05
                elseif KnockbackType==2 then
                vp.velocity=Property.CFrame.lookVector*knockback
                end
                if knockback>0 then
                vp.Parent=hit.Parent.Torso
                end
                game:GetService("Debris"):AddItem(vp,.5)
                elseif Type=="Up" then
                local bodyVelocity=Instance.new("BodyVelocity")
                bodyVelocity.velocity=vt(0,60,0)
                bodyVelocity.P=5000
                bodyVelocity.maxForce=Vector3.new(8e+003, 8e+003, 8e+003)
                bodyVelocity.Parent=hit
                game:GetService("Debris"):AddItem(bodyVelocity,1)
                rl=Instance.new("BodyAngularVelocity")
                rl.P=3000
                rl.maxTorque=Vector3.new(500000,500000,500000)*50000000000000
                rl.angularvelocity=Vector3.new(math.random(-30,30),math.random(-30,30),math.random(-30,30))
                rl.Parent=hit
                game:GetService("Debris"):AddItem(rl,.5)
                elseif Type=="Snare" then
				wait()
                bp=Instance.new("BodyPosition")
                bp.P=2000
                bp.D=100
                bp.maxForce=Vector3.new(math.huge,math.huge,math.huge)
                bp.position=hit.Parent.Torso.Position
                bp.Parent=hit.Parent.Torso
                game:GetService("Debris"):AddItem(bp,1)
                elseif Type=="Target" then
				CFuncs.Sound.Create("http://www.roblox.com/asset/?id=199144144",hit,1,math.random(150,200)/100)
                vp=Instance.new("BodyVelocity")
                vp.P=500
                vp.maxForce=Vector3.new(math.huge,0,math.huge)
                if KnockbackType==1 then
                vp.velocity=Property.CFrame.lookVector*knockback+Property.Velocity/1.05
                elseif KnockbackType==2 then
                vp.velocity=Property.CFrame.lookVector*knockback
                end
                if knockback>0 then
                vp.Parent=hit.Parent.Torso
                end
                game:GetService("Debris"):AddItem(vp,.5)
                end
                debounce=Instance.new("BoolValue")
                debounce.Name="DebounceHit"
                debounce.Parent=hit.Parent
                debounce.Value=true
                game:GetService("Debris"):AddItem(debounce,Delay)
                c=Instance.new("ObjectValue")
                c.Name="creator"
                c.Value=Player
                c.Parent=h
                game:GetService("Debris"):AddItem(c,.5)
                CRIT=false
                hitDeb=true
                AttackPos=6
        end
end

function MagniDamage(Part,magni,mindam,maxdam,knock,Type)
  for _,c in pairs(workspace:children()) do
    local hum=c:findFirstChild("Humanoid")
    if hum~=nil then
      local head=c:findFirstChild("Torso")
      if head~=nil then
        local targ=head.Position-Part.Position
        local mag=targ.magnitude
        if mag<=magni and c.Name~=Player.Name then 
          Damagefunc(head,mindam,maxdam,knock,Type,RootPart,.2,1,3,1)
        end
      end
    end
  end
end

EffectModel = Instance.new("Model", Character)
EffectModel.Name = "Effects"

Effects = {
	["Block"] = {
		Create = function(brickcolor, cframe, x1, y1, z1, x3, y3, z3, delay, Type)
			local prt = CFuncs["Part"].Create(EffectModel, "SmoothPlastic", 0, 0, brickcolor, "Effect", Vector3.new())
			prt.Anchored = true
			prt.CFrame = cframe
			local msh = CFuncs["Mesh"].Create("BlockMesh", prt, "", "", Vector3.new(0, 0, 0), Vector3.new(x1, y1, z1))
			game:GetService("Debris"):AddItem(prt, 10)
			if Type == 1 or Type == nil then
				table.insert(Effects, {
					prt,
					"Block1",
					delay,
					x3,
					y3,
					z3,
					msh
				})
			elseif Type == 2 then
				table.insert(Effects, {
					prt,
					"Block2",
					delay,
					x3,
					y3,
					z3,
					msh
				})
			end
		end;
	};
	
	["Sphere"] = {
		Create = function(brickcolor, cframe, x1, y1, z1, x3, y3, z3, delay)
			local prt = CFuncs["Part"].Create(EffectModel, "SmoothPlastic", 0, 0, brickcolor, "Effect", Vector3.new())
			prt.Anchored = true
			prt.CFrame = cframe
			local msh = CFuncs["Mesh"].Create("SpecialMesh", prt, "Sphere", "", Vector3.new(0, 0, 0), Vector3.new(x1, y1, z1))
			game:GetService("Debris"):AddItem(prt, 10)
			table.insert(Effects, {
				prt,
				"Cylinder",
				delay,
				x3,
				y3,
				z3,
				msh
			})
		end;
	};

	["Ring"] = {
		Create = function(brickcolor, cframe, x1, y1, z1, x3, y3, z3, delay)
			local prt = CFuncs["Part"].Create(EffectModel, "SmoothPlastic", 0, 0, brickcolor, "Effect", Vector3.new())
			prt.Anchored = true
			prt.CFrame = cframe
			local msh = CFuncs["Mesh"].Create("CylinderMesh", prt, "", "", Vector3.new(0, 0, 0), Vector3.new(x1, y1, z1))
			game:GetService("Debris"):AddItem(prt, 10)
			table.insert(Effects, {
				prt,
				"Cylinder",
				delay,
				x3,
				y3,
				z3,
				msh
			})
		end;
	};


	["Wave"] = {
		Create = function(brickcolor, cframe, x1, y1, z1, x3, y3, z3, delay)
			local prt = CFuncs["Part"].Create(EffectModel, "SmoothPlastic", 0, 0, brickcolor, "Effect", Vector3.new())
			prt.Anchored = true
			prt.CFrame = cframe
			local msh = CFuncs["Mesh"].Create("SpecialMesh", prt, "FileMesh", "rbxassetid://20329976", Vector3.new(0, 0, 0), Vector3.new(x1, y1, z1))
			game:GetService("Debris"):AddItem(prt, 10)
			table.insert(Effects, {
				prt,
				"Cylinder",
				delay,
				x3,
				y3,
				z3,
				msh
			})
		end;
	};

	["Break"] = {
		Create = function(brickcolor, cframe, x1, y1, z1)
			local prt = CFuncs["Part"].Create(EffectModel, "SmoothPlastic", 0, 0, brickcolor, "Effect", Vector3.new(0.5, 0.5, 0.5))
			prt.Anchored = true
			prt.CFrame = cframe * CFrame.fromEulerAnglesXYZ(math.random(-50, 50), math.random(-50, 50), math.random(-50, 50))
			local msh = CFuncs["Mesh"].Create("SpecialMesh", prt, "Sphere", "", Vector3.new(0, 0, 0), Vector3.new(x1, y1, z1))
			local num = math.random(10, 50) / 1000
			game:GetService("Debris"):AddItem(prt, 10)
			table.insert(Effects, {
				prt,
				"Shatter",
				num,
				prt.CFrame,
				math.random() - math.random(),
				0,
				math.random(50, 100) / 100
			})
		end;
	};
}

m.Name = "Rendier R-C15"
m1 = Instance.new("Model")
m1.Name = "ChainsawPart"
m1.Parent = m
p1 = Instance.new("Part", m1)
p1.BrickColor = BrickColor.new("Dark stone grey")
p1.Material = Enum.Material.Fabric
p1.CFrame = CFrame.new(56.2297325, 2.61383605, -124.294426, -0.509489059, 0.0275912844, -0.860034645, 0.0420910046, 0.999088466, 0.00711741997, 0.859447122, -0.0325734727, -0.510185957)
p1.Anchored = true
p1.CanCollide = false
p1.Size = Vector3.new(4.51804161, 0.693278253, 0.200000003)
p1.BackSurface = Enum.SurfaceType.SmoothNoOutlines
p1.BottomSurface = Enum.SurfaceType.SmoothNoOutlines
p1.FrontSurface = Enum.SurfaceType.SmoothNoOutlines
p1.LeftSurface = Enum.SurfaceType.SmoothNoOutlines
p1.RightSurface = Enum.SurfaceType.SmoothNoOutlines
p1.TopSurface = Enum.SurfaceType.SmoothNoOutlines
b1 = Instance.new("BlockMesh", p1)
b1.Name = "Mesh"
b1.Scale = Vector3.new(1, 1, 0.430899411)
p2 = Instance.new("Part", m1)
p2.BrickColor = BrickColor.new("Medium stone grey")
p2.Material = Enum.Material.SmoothPlastic
p2.CFrame = CFrame.new(55.0224533, 3.140136, -122.251991, 0.860044122, 0.0149191013, -0.5100016, -0.0071210009, 0.999826014, 0.0172394216, 0.510170043, -0.0111949397, 0.86000073)
p2.Anchored = true
p2.CanCollide = false
p2.FormFactor = Enum.FormFactor.Symmetric
p2.Size = Vector3.new(0.200000003, 0.200000003, 0.200000003)
p2.BackSurface = Enum.SurfaceType.SmoothNoOutlines
p2.BottomSurface = Enum.SurfaceType.SmoothNoOutlines
p2.FrontSurface = Enum.SurfaceType.SmoothNoOutlines
p2.LeftSurface = Enum.SurfaceType.SmoothNoOutlines
p2.RightSurface = Enum.SurfaceType.SmoothNoOutlines
p2.TopSurface = Enum.SurfaceType.SmoothNoOutlines
b2 = Instance.new("SpecialMesh", p2)
b2.MeshType = Enum.MeshType.Wedge
b2.Name = "Mesh"
b2.Scale = Vector3.new(0.439431667, 0.450097531, 0.290110558)
p3 = Instance.new("Part", m1)
p3.BrickColor = BrickColor.new("Medium stone grey")
p3.Material = Enum.Material.SmoothPlastic
p3.CFrame = CFrame.new(54.9071884, 2.96719909, -122.060028, -0.860044122, -0.424839824, 0.282551378, 0.0071210009, 0.543735027, 0.839226782, -0.510170043, 0.723784089, -0.464610755)
p3.Anchored = true
p3.CanCollide = false
p3.FormFactor = Enum.FormFactor.Symmetric
p3.Size = Vector3.new(0.200000003, 0.200000003, 0.218862802)
p3.BackSurface = Enum.SurfaceType.SmoothNoOutlines
p3.BottomSurface = Enum.SurfaceType.SmoothNoOutlines
p3.FrontSurface = Enum.SurfaceType.SmoothNoOutlines
p3.LeftSurface = Enum.SurfaceType.SmoothNoOutlines
p3.RightSurface = Enum.SurfaceType.SmoothNoOutlines
p3.TopSurface = Enum.SurfaceType.SmoothNoOutlines
b3 = Instance.new("SpecialMesh", p3)
b3.MeshType = Enum.MeshType.Wedge
b3.Name = "Mesh"
b3.Scale = Vector3.new(0.439431667, 0.671946645, 1)
p4 = Instance.new("Part", m1)
p4.BrickColor = BrickColor.new("Medium stone grey")
p4.Material = Enum.Material.SmoothPlastic
p4.CFrame = CFrame.new(54.8866119, 2.96871805, -122.025368, -0.860044122, -0.499092191, 0.105977185, 0.0071210009, 0.195947051, 0.980588675, -0.510170043, 0.844104111, -0.164969072)
p4.Anchored = true
p4.CanCollide = false
p4.FormFactor = Enum.FormFactor.Symmetric
p4.Size = Vector3.new(0.200000003, 0.200000003, 0.200000003)
p4.BackSurface = Enum.SurfaceType.SmoothNoOutlines
p4.BottomSurface = Enum.SurfaceType.SmoothNoOutlines
p4.FrontSurface = Enum.SurfaceType.SmoothNoOutlines
p4.LeftSurface = Enum.SurfaceType.SmoothNoOutlines
p4.RightSurface = Enum.SurfaceType.SmoothNoOutlines
p4.TopSurface = Enum.SurfaceType.SmoothNoOutlines
b4 = Instance.new("SpecialMesh", p4)
b4.MeshType = Enum.MeshType.Wedge
b4.Name = "Mesh"
b4.Scale = Vector3.new(0.439431667, 0.450097531, 0.290110558)
p5 = Instance.new("Part", m1)
p5.BrickColor = BrickColor.new("Medium stone grey")
p5.Material = Enum.Material.SmoothPlastic
p5.CFrame = CFrame.new(54.9763336, 3.043468, -122.175529, 0.860044122, -0.235676274, -0.452527255, -0.0071210009, 0.881295264, -0.472512484, 0.510170043, 0.409603983, 0.756274521)
p5.Anchored = true
p5.CanCollide = false
p5.FormFactor = Enum.FormFactor.Symmetric
p5.Size = Vector3.new(0.200000003, 0.200000003, 0.200000003)
p5.BackSurface = Enum.SurfaceType.SmoothNoOutlines
p5.BottomSurface = Enum.SurfaceType.SmoothNoOutlines
p5.FrontSurface = Enum.SurfaceType.SmoothNoOutlines
p5.LeftSurface = Enum.SurfaceType.SmoothNoOutlines
p5.RightSurface = Enum.SurfaceType.SmoothNoOutlines
p5.TopSurface = Enum.SurfaceType.SmoothNoOutlines
b5 = Instance.new("SpecialMesh", p5)
b5.MeshType = Enum.MeshType.Wedge
b5.Name = "Mesh"
b5.Scale = Vector3.new(0.439431667, 0.450097531, 0.290110558)
p6 = Instance.new("Part", m1)
p6.BrickColor = BrickColor.new("Medium stone grey")
p6.Material = Enum.Material.SmoothPlastic
p6.CFrame = CFrame.new(54.9500542, 3.01700211, -122.131638, -0.860044122, -0.235676274, 0.452527255, 0.0071210009, 0.881295264, 0.472512484, -0.510170043, 0.409603983, -0.756274521)
p6.Anchored = true
p6.CanCollide = false
p6.FormFactor = Enum.FormFactor.Symmetric
p6.Size = Vector3.new(0.200000003, 0.200000003, 0.200000003)
p6.BackSurface = Enum.SurfaceType.SmoothNoOutlines
p6.BottomSurface = Enum.SurfaceType.SmoothNoOutlines
p6.FrontSurface = Enum.SurfaceType.SmoothNoOutlines
p6.LeftSurface = Enum.SurfaceType.SmoothNoOutlines
p6.RightSurface = Enum.SurfaceType.SmoothNoOutlines
p6.TopSurface = Enum.SurfaceType.SmoothNoOutlines
b6 = Instance.new("SpecialMesh", p6)
b6.MeshType = Enum.MeshType.Wedge
b6.Name = "Mesh"
b6.Scale = Vector3.new(0.439431667, 0.450097531, 0.290110558)
p7 = Instance.new("Part", m1)
p7.BrickColor = BrickColor.new("Medium stone grey")
p7.Material = Enum.Material.SmoothPlastic
p7.CFrame = CFrame.new(55.0177879, 3.10446811, -122.244545, 0.860044122, -0.159023583, -0.484804779, -0.0071210009, 0.946354508, -0.32305178, 0.510170043, 0.281291068, 0.812774241)
p7.Anchored = true
p7.CanCollide = false
p7.FormFactor = Enum.FormFactor.Symmetric
p7.Size = Vector3.new(0.200000003, 0.200000003, 0.218862802)
p7.BackSurface = Enum.SurfaceType.SmoothNoOutlines
p7.BottomSurface = Enum.SurfaceType.SmoothNoOutlines
p7.FrontSurface = Enum.SurfaceType.SmoothNoOutlines
p7.LeftSurface = Enum.SurfaceType.SmoothNoOutlines
p7.RightSurface = Enum.SurfaceType.SmoothNoOutlines
p7.TopSurface = Enum.SurfaceType.SmoothNoOutlines
b7 = Instance.new("SpecialMesh", p7)
b7.MeshType = Enum.MeshType.Wedge
b7.Name = "Mesh"
b7.Scale = Vector3.new(0.439431667, 0.708210409, 1)
p8 = Instance.new("Part", m1)
p8.BrickColor = BrickColor.new("Medium stone grey")
p8.Material = Enum.Material.SmoothPlastic
p8.CFrame = CFrame.new(54.9992714, 2.28340697, -122.224792, -0.860044122, -0.0402459092, -0.508629978, 0.0071210009, -0.997733891, 0.0669058785, -0.510170043, 0.0539200455, 0.858381748)
p8.Anchored = true
p8.CanCollide = false
p8.FormFactor = Enum.FormFactor.Symmetric
p8.Size = Vector3.new(0.200000003, 0.200000003, 0.200000003)
p8.BackSurface = Enum.SurfaceType.SmoothNoOutlines
p8.BottomSurface = Enum.SurfaceType.SmoothNoOutlines
p8.FrontSurface = Enum.SurfaceType.SmoothNoOutlines
p8.LeftSurface = Enum.SurfaceType.SmoothNoOutlines
p8.RightSurface = Enum.SurfaceType.SmoothNoOutlines
p8.TopSurface = Enum.SurfaceType.SmoothNoOutlines
b8 = Instance.new("SpecialMesh", p8)
b8.MeshType = Enum.MeshType.Wedge
b8.Name = "Mesh"
b8.Scale = Vector3.new(0.439431667, 0.450097531, 0.290110558)
p9 = Instance.new("Part", m1)
p9.BrickColor = BrickColor.new("Medium stone grey")
p9.Material = Enum.Material.SmoothPlastic
p9.CFrame = CFrame.new(54.8940048, 2.47456408, -122.044708, 0.860044122, -0.452866614, 0.235023424, -0.0071210009, -0.471241057, -0.88197577, 0.510170043, 0.756864429, -0.40851298)
p9.Anchored = true
p9.CanCollide = false
p9.FormFactor = Enum.FormFactor.Symmetric
p9.Size = Vector3.new(0.200000003, 0.200000003, 0.218862802)
p9.BackSurface = Enum.SurfaceType.SmoothNoOutlines
p9.BottomSurface = Enum.SurfaceType.SmoothNoOutlines
p9.FrontSurface = Enum.SurfaceType.SmoothNoOutlines
p9.LeftSurface = Enum.SurfaceType.SmoothNoOutlines
p9.RightSurface = Enum.SurfaceType.SmoothNoOutlines
p9.TopSurface = Enum.SurfaceType.SmoothNoOutlines
b9 = Instance.new("SpecialMesh", p9)
b9.MeshType = Enum.MeshType.Wedge
b9.Name = "Mesh"
b9.Scale = Vector3.new(0.439431667, 0.671946645, 1)
p10 = Instance.new("Part", m1)
p10.BrickColor = BrickColor.new("Medium stone grey")
p10.Material = Enum.Material.SmoothPlastic
p10.CFrame = CFrame.new(54.9339676, 2.41789889, -122.112823, 0.860044122, -0.283167243, 0.424429625, -0.0071210009, -0.838437319, -0.544951618, 0.510170043, 0.465660095, -0.723109484)
p10.Anchored = true
p10.CanCollide = false
p10.FormFactor = Enum.FormFactor.Symmetric
p10.Size = Vector3.new(0.200000003, 0.200000003, 0.200000003)
p10.BackSurface = Enum.SurfaceType.SmoothNoOutlines
p10.BottomSurface = Enum.SurfaceType.SmoothNoOutlines
p10.FrontSurface = Enum.SurfaceType.SmoothNoOutlines
p10.LeftSurface = Enum.SurfaceType.SmoothNoOutlines
p10.RightSurface = Enum.SurfaceType.SmoothNoOutlines
p10.TopSurface = Enum.SurfaceType.SmoothNoOutlines
b10 = Instance.new("SpecialMesh", p10)
b10.MeshType = Enum.MeshType.Wedge
b10.Name = "Mesh"
b10.Scale = Vector3.new(0.439431667, 0.450097531, 0.290110558)
p11 = Instance.new("Part", m1)
p11.BrickColor = BrickColor.new("Medium stone grey")
p11.Material = Enum.Material.SmoothPlastic
p11.CFrame = CFrame.new(54.9965668, 2.31968904, -122.219719, -0.860044122, -0.210446313, -0.464797288, 0.0071210009, -0.91583699, 0.401487142, -0.510170043, 0.341986835, 0.789158762)
p11.Anchored = true
p11.CanCollide = false
p11.FormFactor = Enum.FormFactor.Symmetric
p11.Size = Vector3.new(0.200000003, 0.200000003, 0.218862802)
p11.BackSurface = Enum.SurfaceType.SmoothNoOutlines
p11.BottomSurface = Enum.SurfaceType.SmoothNoOutlines
p11.FrontSurface = Enum.SurfaceType.SmoothNoOutlines
p11.LeftSurface = Enum.SurfaceType.SmoothNoOutlines
p11.RightSurface = Enum.SurfaceType.SmoothNoOutlines
p11.TopSurface = Enum.SurfaceType.SmoothNoOutlines
b11 = Instance.new("SpecialMesh", p11)
b11.MeshType = Enum.MeshType.Wedge
b11.Name = "Mesh"
b11.Scale = Vector3.new(0.439431667, 0.708210409, 1)
p12 = Instance.new("Part", m1)
p12.BrickColor = BrickColor.new("Medium stone grey")
p12.Material = Enum.Material.SmoothPlastic
p12.CFrame = CFrame.new(54.9586449, 2.38724399, -122.154823, -0.860044122, -0.283167243, -0.424429625, 0.0071210009, -0.838437319, 0.544951618, -0.510170043, 0.465660095, 0.723109484)
p12.Anchored = true
p12.CanCollide = false
p12.FormFactor = Enum.FormFactor.Symmetric
p12.Size = Vector3.new(0.200000003, 0.200000003, 0.200000003)
p12.BackSurface = Enum.SurfaceType.SmoothNoOutlines
p12.BottomSurface = Enum.SurfaceType.SmoothNoOutlines
p12.FrontSurface = Enum.SurfaceType.SmoothNoOutlines
p12.LeftSurface = Enum.SurfaceType.SmoothNoOutlines
p12.RightSurface = Enum.SurfaceType.SmoothNoOutlines
p12.TopSurface = Enum.SurfaceType.SmoothNoOutlines
b12 = Instance.new("SpecialMesh", p12)
b12.MeshType = Enum.MeshType.Wedge
b12.Name = "Mesh"
b12.Scale = Vector3.new(0.439431667, 0.450097531, 0.290110558)
p13 = Instance.new("Part", m1)
p13.BrickColor = BrickColor.new("Medium stone grey")
p13.Material = Enum.Material.SmoothPlastic
p13.CFrame = CFrame.new(54.8734856, 2.47645593, -122.009995, 0.860044122, -0.507617712, 0.0514626093, -0.0071210009, -0.112795986, -0.99359262, 0.510170043, 0.854166985, -0.100624263)
p13.Anchored = true
p13.CanCollide = false
p13.FormFactor = Enum.FormFactor.Symmetric
p13.Size = Vector3.new(0.200000003, 0.200000003, 0.200000003)
p13.BackSurface = Enum.SurfaceType.SmoothNoOutlines
p13.BottomSurface = Enum.SurfaceType.SmoothNoOutlines
p13.FrontSurface = Enum.SurfaceType.SmoothNoOutlines
p13.LeftSurface = Enum.SurfaceType.SmoothNoOutlines
p13.RightSurface = Enum.SurfaceType.SmoothNoOutlines
p13.TopSurface = Enum.SurfaceType.SmoothNoOutlines
b13 = Instance.new("SpecialMesh", p13)
b13.MeshType = Enum.MeshType.Wedge
b13.Name = "Mesh"
b13.Scale = Vector3.new(0.439431667, 0.450097531, 0.290110558)
p14 = Instance.new("Part", m1)
p14.BrickColor = BrickColor.new("Medium stone grey")
p14.Material = Enum.Material.SmoothPlastic
p14.CFrame = CFrame.new(54.8719254, 2.6156919, -122.005417, -0.860044122, -0.495372206, -0.122190587, 0.0071210009, -0.251116991, 0.967930615, -0.510170043, 0.831592858, 0.21949923)
p14.Anchored = true
p14.CanCollide = false
p14.FormFactor = Enum.FormFactor.Symmetric
p14.Size = Vector3.new(0.200000003, 0.200000003, 0.218862802)
p14.BackSurface = Enum.SurfaceType.SmoothNoOutlines
p14.BottomSurface = Enum.SurfaceType.SmoothNoOutlines
p14.FrontSurface = Enum.SurfaceType.SmoothNoOutlines
p14.LeftSurface = Enum.SurfaceType.SmoothNoOutlines
p14.RightSurface = Enum.SurfaceType.SmoothNoOutlines
p14.TopSurface = Enum.SurfaceType.SmoothNoOutlines
b14 = Instance.new("SpecialMesh", p14)
b14.MeshType = Enum.MeshType.Wedge
b14.Name = "Mesh"
b14.Scale = Vector3.new(0.439431667, 0.671946645, 1)
p15 = Instance.new("Part", m1)
p15.BrickColor = BrickColor.new("Medium stone grey")
p15.Material = Enum.Material.SmoothPlastic
p15.CFrame = CFrame.new(54.8571815, 2.58533788, -121.981026, -0.860044122, -0.395395696, -0.322469234, 0.0071210009, -0.641260743, 0.767290056, -0.510170043, 0.6576069, 0.554328203)
p15.Anchored = true
p15.CanCollide = false
p15.FormFactor = Enum.FormFactor.Symmetric
p15.Size = Vector3.new(0.200000003, 0.200000003, 0.200000003)
p15.BackSurface = Enum.SurfaceType.SmoothNoOutlines
p15.BottomSurface = Enum.SurfaceType.SmoothNoOutlines
p15.FrontSurface = Enum.SurfaceType.SmoothNoOutlines
p15.LeftSurface = Enum.SurfaceType.SmoothNoOutlines
p15.RightSurface = Enum.SurfaceType.SmoothNoOutlines
p15.TopSurface = Enum.SurfaceType.SmoothNoOutlines
b15 = Instance.new("SpecialMesh", p15)
b15.MeshType = Enum.MeshType.Wedge
b15.Name = "Mesh"
b15.Scale = Vector3.new(0.439431667, 0.450097531, 0.290110558)
p16 = Instance.new("Part", m1)
p16.BrickColor = BrickColor.new("Medium stone grey")
p16.Material = Enum.Material.SmoothPlastic
p16.CFrame = CFrame.new(54.87994, 2.76919603, -122.016891, 0.860044122, -0.508620203, -0.0403693318, -0.0071210009, 0.0671479851, -0.997717619, 0.510170043, 0.858368635, 0.0541283414)
p16.Anchored = true
p16.CanCollide = false
p16.FormFactor = Enum.FormFactor.Symmetric
p16.Size = Vector3.new(0.200000003, 0.200000003, 0.200000003)
p16.BackSurface = Enum.SurfaceType.SmoothNoOutlines
p16.BottomSurface = Enum.SurfaceType.SmoothNoOutlines
p16.FrontSurface = Enum.SurfaceType.SmoothNoOutlines
p16.LeftSurface = Enum.SurfaceType.SmoothNoOutlines
p16.RightSurface = Enum.SurfaceType.SmoothNoOutlines
p16.TopSurface = Enum.SurfaceType.SmoothNoOutlines
b16 = Instance.new("SpecialMesh", p16)
b16.MeshType = Enum.MeshType.Wedge
b16.Name = "Mesh"
b16.Scale = Vector3.new(0.439431667, 0.450097531, 0.290110558)
p17 = Instance.new("Part", m1)
p17.BrickColor = BrickColor.new("Medium stone grey")
p17.Material = Enum.Material.SmoothPlastic
p17.CFrame = CFrame.new(54.8725777, 2.89887309, -122.002678, 0.860044122, -0.388037682, -0.331286818, -0.0071210009, 0.640110016, -0.768250346, 0.510170043, 0.663088202, 0.547759652)
p17.Anchored = true
p17.CanCollide = false
p17.FormFactor = Enum.FormFactor.Symmetric
p17.Size = Vector3.new(0.200000003, 0.200000003, 0.200000003)
p17.BackSurface = Enum.SurfaceType.SmoothNoOutlines
p17.BottomSurface = Enum.SurfaceType.SmoothNoOutlines
p17.FrontSurface = Enum.SurfaceType.SmoothNoOutlines
p17.LeftSurface = Enum.SurfaceType.SmoothNoOutlines
p17.RightSurface = Enum.SurfaceType.SmoothNoOutlines
p17.TopSurface = Enum.SurfaceType.SmoothNoOutlines
b17 = Instance.new("SpecialMesh", p17)
b17.MeshType = Enum.MeshType.Wedge
b17.Name = "Mesh"
b17.Scale = Vector3.new(0.439431667, 0.450097531, 0.290110558)
p18 = Instance.new("Part", m1)
p18.BrickColor = BrickColor.new("Medium stone grey")
p18.Material = Enum.Material.SmoothPlastic
p18.CFrame = CFrame.new(54.8772087, 2.71179509, -122.013039, -0.860044122, -0.508620203, 0.0403693318, 0.0071210009, 0.0671479851, 0.997717619, -0.510170043, 0.858368635, -0.0541283414)
p18.Anchored = true
p18.CanCollide = false
p18.FormFactor = Enum.FormFactor.Symmetric
p18.Size = Vector3.new(0.200000003, 0.200000003, 0.200000003)
p18.BackSurface = Enum.SurfaceType.SmoothNoOutlines
p18.BottomSurface = Enum.SurfaceType.SmoothNoOutlines
p18.FrontSurface = Enum.SurfaceType.SmoothNoOutlines
p18.LeftSurface = Enum.SurfaceType.SmoothNoOutlines
p18.RightSurface = Enum.SurfaceType.SmoothNoOutlines
p18.TopSurface = Enum.SurfaceType.SmoothNoOutlines
b18 = Instance.new("SpecialMesh", p18)
b18.MeshType = Enum.MeshType.Wedge
b18.Name = "Mesh"
b18.Scale = Vector3.new(0.439431667, 0.450097531, 0.290110558)
p19 = Instance.new("Part", m1)
p19.BrickColor = BrickColor.new("Medium stone grey")
p19.Material = Enum.Material.SmoothPlastic
p19.CFrame = CFrame.new(54.8837662, 2.86966991, -122.022057, 0.860044122, -0.477430195, -0.179957286, -0.0071210009, 0.341439098, -0.939876974, 0.510170043, 0.809617102, 0.290252894)
p19.Anchored = true
p19.CanCollide = false
p19.FormFactor = Enum.FormFactor.Symmetric
p19.Size = Vector3.new(0.200000003, 0.200000003, 0.218862802)
p19.BackSurface = Enum.SurfaceType.SmoothNoOutlines
p19.BottomSurface = Enum.SurfaceType.SmoothNoOutlines
p19.FrontSurface = Enum.SurfaceType.SmoothNoOutlines
p19.LeftSurface = Enum.SurfaceType.SmoothNoOutlines
p19.RightSurface = Enum.SurfaceType.SmoothNoOutlines
p19.TopSurface = Enum.SurfaceType.SmoothNoOutlines
b19 = Instance.new("SpecialMesh", p19)
b19.MeshType = Enum.MeshType.Wedge
b19.Name = "Mesh"
b19.Scale = Vector3.new(0.439431667, 0.708210409, 1)
p20 = Instance.new("Part", m1)
p20.BrickColor = BrickColor.new("Medium stone grey")
p20.Material = Enum.Material.SmoothPlastic
p20.CFrame = CFrame.new(57.3386078, 3.11431193, -126.156616, 0.860044122, 0.00979429111, -0.510125756, -0.0071210009, 0.999948859, 0.00719315652, 0.510170043, -0.00255382597, 0.860069871)
p20.Anchored = true
p20.CanCollide = false
p20.FormFactor = Enum.FormFactor.Symmetric
p20.Size = Vector3.new(0.200000003, 0.200000003, 0.218862802)
p20.BackSurface = Enum.SurfaceType.SmoothNoOutlines
p20.BottomSurface = Enum.SurfaceType.SmoothNoOutlines
p20.FrontSurface = Enum.SurfaceType.SmoothNoOutlines
p20.LeftSurface = Enum.SurfaceType.SmoothNoOutlines
p20.RightSurface = Enum.SurfaceType.SmoothNoOutlines
p20.TopSurface = Enum.SurfaceType.SmoothNoOutlines
b20 = Instance.new("SpecialMesh", p20)
b20.MeshType = Enum.MeshType.Wedge
b20.Name = "Mesh"
b20.Scale = Vector3.new(0.439431667, 0.708210409, 1)
p21 = Instance.new("Part", m1)
p21.BrickColor = BrickColor.new("Mid gray")
p21.Material = Enum.Material.SmoothPlastic
p21.CFrame = CFrame.new(56.2395134, 3.00864005, -124.305328, -0.510140181, 0.00978693645, -0.860035598, 0.0071870028, 0.999948859, 0.00711605046, 0.860061288, -0.00255089509, -0.510184467)
p21.Anchored = true
p21.CanCollide = false
p21.Size = Vector3.new(4.51974726, 0.200000003, 0.200000003)
p21.BackSurface = Enum.SurfaceType.SmoothNoOutlines
p21.BottomSurface = Enum.SurfaceType.SmoothNoOutlines
p21.FrontSurface = Enum.SurfaceType.SmoothNoOutlines
p21.LeftSurface = Enum.SurfaceType.SmoothNoOutlines
p21.RightSurface = Enum.SurfaceType.SmoothNoOutlines
p21.TopSurface = Enum.SurfaceType.SmoothNoOutlines
b21 = Instance.new("BlockMesh", p21)
b21.Name = "Mesh"
b21.Scale = Vector3.new(1, 0.511959314, 0.435165763)
p22 = Instance.new("Part", m1)
p22.BrickColor = BrickColor.new("Medium stone grey")
p22.Material = Enum.Material.SmoothPlastic
p22.CFrame = CFrame.new(57.2618408, 3.09086394, -126.02758, -0.860044122, 0.00979429111, 0.510125756, 0.0071210009, 0.999948859, -0.00719315652, -0.510170043, -0.00255382597, -0.860069871)
p22.Anchored = true
p22.CanCollide = false
p22.FormFactor = Enum.FormFactor.Symmetric
p22.Size = Vector3.new(0.200000003, 0.200000003, 0.200000003)
p22.BackSurface = Enum.SurfaceType.SmoothNoOutlines
p22.BottomSurface = Enum.SurfaceType.SmoothNoOutlines
p22.FrontSurface = Enum.SurfaceType.SmoothNoOutlines
p22.LeftSurface = Enum.SurfaceType.SmoothNoOutlines
p22.RightSurface = Enum.SurfaceType.SmoothNoOutlines
p22.TopSurface = Enum.SurfaceType.SmoothNoOutlines
b22 = Instance.new("SpecialMesh", p22)
b22.MeshType = Enum.MeshType.Wedge
b22.Name = "Mesh"
b22.Scale = Vector3.new(0.439431667, 0.450097531, 0.290110558)
p23 = Instance.new("Part", m1)
p23.BrickColor = BrickColor.new("Medium stone grey")
p23.Material = Enum.Material.SmoothPlastic
p23.CFrame = CFrame.new(57.2911835, 3.08957505, -126.077118, 0.860044122, 0.00979429111, -0.510125756, -0.0071210009, 0.999948859, 0.00719315652, 0.510170043, -0.00255382597, 0.860069871)
p23.Anchored = true
p23.CanCollide = false
p23.FormFactor = Enum.FormFactor.Symmetric
