Player=game:GetService("Players").LocalPlayer
Character=Player.Character 
PlayerGui=Player.PlayerGui
Backpack=Player.Backpack 
Torso=Character.Torso 
Head=Character.Head 
Humanoid=Character.Humanoid
m=Instance.new('Model',Character)
LeftArm=Character["Left Arm"] 
LeftLeg=Character["Left Leg"] 
RightArm=Character["Right Arm"] 
RightLeg=Character["Right Leg"] 
LS=Torso["Left Shoulder"] 
LH=Torso["Left Hip"] 
RS=Torso["Right Shoulder"] 
RH=Torso["Right Hip"] 
Face = Head.face
Neck=Torso.Neck
it=Instance.new
attacktype=1
vt=Vector3.new
cf=CFrame.new
euler=CFrame.fromEulerAnglesXYZ
angles=CFrame.Angles
cloaked=false
necko=cf(0, 1, 0, -1, -0, -0, 0, 0, 1, 0, 1, 0)
necko2=cf(0, -0.5, 0, -1, -0, -0, 0, 0, 1, 0, 1, 0)
LHC0=cf(-1,-1,0,-0,-0,-1,0,1,0,1,0,0)
LHC1=cf(-0.5,1,0,-0,-0,-1,0,1,0,1,0,0)
RHC0=cf(1,-1,0,0,0,1,0,1,0,-1,-0,-0)
RHC1=cf(0.5,1,0,0,0,1,0,1,0,-1,-0,-0)
RootPart=Character.HumanoidRootPart
RootJoint=RootPart.RootJoint
RootCF=euler(-1.57,0,3.14)
attack = false 
attackdebounce = false 
deb=false
equipped=true
hand=false
MMouse=nil
combo=0
mana=0
trispeed=.2
attackmode='none'
local idle=0
local Anim="Idle"
local Effects={}
local gun=false
local shoot=false
player=nil 
mana=0

mouse=Player:GetMouse()
--save shoulders 
RSH, LSH=nil, nil 
--welds 
RW, LW=Instance.new("Weld"), Instance.new("Weld") 
RW.Name="Right Shoulder" LW.Name="Left Shoulder"
LH=Torso["Left Hip"]
RH=Torso["Right Hip"]
TorsoColor=Torso.BrickColor
function NoOutline(Part)
Part.TopSurface,Part.BottomSurface,Part.LeftSurface,Part.RightSurface,Part.FrontSurface,Part.BackSurface = 10,10,10,10,10,10
end
player=Player 
ch=Character
RSH=ch.Torso["Right Shoulder"] 
LSH=ch.Torso["Left Shoulder"] 
-- 
RSH.Parent=nil 
LSH.Parent=nil 
-- 
RW.Name="Right Shoulder"
RW.Part0=ch.Torso 
RW.C0=cf(1.5, 0.5, 0) --* CFrame.fromEulerAnglesXYZ(1.3, 0, -0.5) 
RW.C1=cf(0, 0.5, 0) 
RW.Part1=ch["Right Arm"] 
RW.Parent=ch.Torso 
-- 
LW.Name="Left Shoulder"
LW.Part0=ch.Torso 
LW.C0=cf(-1.5, 0.5, 0) --* CFrame.fromEulerAnglesXYZ(1.7, 0, 0.8) 
LW.C1=cf(0, 0.5, 0) 
LW.Part1=ch["Left Arm"] 
LW.Parent=ch.Torso 

	Player=game:GetService('Players').LocalPlayer
	Character=Player.Character
	Mouse=Player:GetMouse()
	m=Instance.new('Model',Character)


	local function weldBetween(a, b)
	    local weldd = Instance.new("ManualWeld")
	    weldd.Part0 = a
	    weldd.Part1 = b
	    weldd.C0 = CFrame.new()
	    weldd.C1 = b.CFrame:inverse() * a.CFrame
	    weldd.Parent = a
	    return weldd
	end
	
	function swait(num)
    if num==0 or num==nil then
    game:service'RunService'.Stepped:wait(0)
    else
    for i=0,num do
    game:service'RunService'.Stepped:wait(0)
    end
    end
	    end
	
	function nooutline(part)
		part.TopSurface,part.BottomSurface,part.LeftSurface,part.RightSurface,part.FrontSurface,part.BackSurface = 10,10,10,10,10,10
	end
	
	function part(formfactor,parent,material,reflectance,transparency,brickcolor,name,size)
		local fp=it("Part")
		fp.formFactor=formfactor
		fp.Parent=parent
		fp.Reflectance=reflectance
		fp.Transparency=transparency
		fp.CanCollide=false
		fp.Locked=true
		fp.BrickColor=BrickColor.new(tostring(brickcolor))
		fp.Name=name
		fp.Size=size
		fp.Position=Character.Torso.Position
		nooutline(fp)
		fp.Material=material
		fp:BreakJoints()
		return fp
	end
	
	function mesh(Mesh,part,meshtype,meshid,offset,scale)
		local mesh=it(Mesh)
		mesh.Parent=part
		if Mesh=="SpecialMesh" then
			mesh.MeshType=meshtype
			mesh.MeshId=meshid
		end
		mesh.Offset=offset
		mesh.Scale=scale
		return mesh
	end
	
	function weld(parent,part0,part1,c0,c1)
		local weld=it("Weld")
		weld.Parent=parent
		weld.Part0=part0
		weld.Part1=part1
		weld.C0=c0
		weld.C1=c1
		return weld
	end
	
	
local function CFrameFromTopBack(at, top, back)
local right = top:Cross(back)
return CFrame.new(at.x, at.y, at.z,
right.x, top.x, back.x,
right.y, top.y, back.y,
right.z, top.z, back.z)
end

function Triangle(a, b, c)
local edg1 = (c-a):Dot((b-a).unit)
local edg2 = (a-b):Dot((c-b).unit)
local edg3 = (b-c):Dot((a-c).unit)
if edg1 <= (b-a).magnitude and edg1 >= 0 then
a, b, c = a, b, c
elseif edg2 <= (c-b).magnitude and edg2 >= 0 then
a, b, c = b, c, a
elseif edg3 <= (a-c).magnitude and edg3 >= 0 then
a, b, c = c, a, b
else
assert(false, "unreachable")
end
 
local len1 = (c-a):Dot((b-a).unit)
local len2 = (b-a).magnitude - len1
local width = (a + (b-a).unit*len1 - c).magnitude
 
local maincf = CFrameFromTopBack(a, (b-a):Cross(c-b).unit, -(b-a).unit)
 
local list = {}

local Color = BrickColor.new("Dark grey")
 
if len1 > 0.01 then
local w1 = Instance.new('WedgePart', m)
game:GetService("Debris"):AddItem(w1,5)
w1.Material = "SmoothPlastic"
w1.FormFactor = 'Custom'
w1.BrickColor = BrickColor.new(Color)
w1.Transparency = 0
w1.Reflectance = 0
w1.Material = "SmoothPlastic"
w1.CanCollide = false
NoOutline(w1)
local sz = Vector3.new(0.2, width, len1)
w1.Size = sz
local sp = Instance.new("SpecialMesh",w1)
sp.MeshType = "Wedge"
sp.Scale = Vector3.new(0,1,1) * sz/w1.Size
w1:BreakJoints()
w1.Anchored = true
w1.Parent = workspace
w1.Transparency = 0.7
table.insert(Effects,{w1,"Disappear",.01})
w1.CFrame = maincf*CFrame.Angles(math.pi,0,math.pi/2)*CFrame.new(0,width/2,len1/2)
table.insert(list,w1)
end
 
if len2 > 0.01 then
local w2 = Instance.new('WedgePart', m)
game:GetService("Debris"):AddItem(w2,5)
w2.Material = "SmoothPlastic"
w2.FormFactor = 'Custom'
w2.BrickColor = BrickColor.new(Color)
w2.Transparency = 0
w2.Reflectance = 0
w2.Material = "SmoothPlastic"
w2.CanCollide = false
NoOutline(w2)
local sz = Vector3.new(0.2, width, len2)
w2.Size = sz
local sp = Instance.new("SpecialMesh",w2)
sp.MeshType = "Wedge"
sp.Scale = Vector3.new(0,1,1) * sz/w2.Size
w2:BreakJoints()
w2.Anchored = true
w2.Parent = workspace
w2.Transparency = 0.7
table.insert(Effects,{w2,"Disappear",.01})
w2.CFrame = maincf*CFrame.Angles(math.pi,math.pi,-math.pi/2)*CFrame.new(0,width/2,-len1 - len2/2)
table.insert(list,w2)
end
return unpack(list)
end
	
	
so = function(id,par,vol,pit) 
coroutine.resume(coroutine.create(function()
local sou = Instance.new("Sound",par or workspace)
sou.Volume=vol
sou.Pitch=pit or 1
sou.SoundId=id
swait() 
sou:play() 
game:GetService("Debris"):AddItem(sou,6)
end))
end
 
function clerp(a,b,t) 
local qa = {QuaternionFromCFrame(a)}
local qb = {QuaternionFromCFrame(b)} 
local ax, ay, az = a.x, a.y, a.z 
local bx, by, bz = b.x, b.y, b.z
local _t = 1-t
return QuaternionToCFrame(_t*ax + t*bx, _t*ay + t*by, _t*az + t*bz,QuaternionSlerp(qa, qb, t)) 
end 
 
function QuaternionFromCFrame(cf) 
local mx, my, mz, m00, m01, m02, m10, m11, m12, m20, m21, m22 = cf:components() 
local trace = m00 + m11 + m22 
if trace > 0 then 
local s = math.sqrt(1 + trace) 
local recip = 0.5/s 
return (m21-m12)*recip, (m02-m20)*recip, (m10-m01)*recip, s*0.5 
else 
local i = 0 
if m11 > m00 then
i = 1
end
if m22 > (i == 0 and m00 or m11) then 
i = 2 
end 
if i == 0 then 
local s = math.sqrt(m00-m11-m22+1) 
local recip = 0.5/s 
return 0.5*s, (m10+m01)*recip, (m20+m02)*recip, (m21-m12)*recip 
elseif i == 1 then 
local s = math.sqrt(m11-m22-m00+1) 
local recip = 0.5/s 
return (m01+m10)*recip, 0.5*s, (m21+m12)*recip, (m02-m20)*recip 
elseif i == 2 then 
local s = math.sqrt(m22-m00-m11+1) 
local recip = 0.5/s return (m02+m20)*recip, (m12+m21)*recip, 0.5*s, (m10-m01)*recip 
end 
end 
end
 
function QuaternionToCFrame(px, py, pz, x, y, z, w) 
local xs, ys, zs = x + x, y + y, z + z 
local wx, wy, wz = w*xs, w*ys, w*zs 
local xx = x*xs 
local xy = x*ys 
local xz = x*zs 
local yy = y*ys 
local yz = y*zs 
local zz = z*zs 
return CFrame.new(px, py, pz,1-(yy+zz), xy - wz, xz + wy,xy + wz, 1-(xx+zz), yz - wx, xz - wy, yz + wx, 1-(xx+yy)) 
end
 
function QuaternionSlerp(a, b, t) 
local cosTheta = a[1]*b[1] + a[2]*b[2] + a[3]*b[3] + a[4]*b[4] 
local startInterp, finishInterp; 
if cosTheta >= 0.0001 then 
if (1 - cosTheta) > 0.0001 then 
local theta = math.acos(cosTheta) 
local invSinTheta = 1/math.sin(theta) 
startInterp = math.sin((1-t)*theta)*invSinTheta 
finishInterp = math.sin(t*theta)*invSinTheta  
else 
startInterp = 1-t 
finishInterp = t 
end 
else 
if (1+cosTheta) > 0.0001 then 
local theta = math.acos(-cosTheta) 
local invSinTheta = 1/math.sin(theta) 
startInterp = math.sin((t-1)*theta)*invSinTheta 
finishInterp = math.sin(t*theta)*invSinTheta 
else 
startInterp = t-1 
finishInterp = t 
end 
end 
return a[1]*startInterp + b[1]*finishInterp, a[2]*startInterp + b[2]*finishInterp, a[3]*startInterp + b[3]*finishInterp, a[4]*startInterp + b[4]*finishInterp 
end

--Example: Torso.Weld.C0 = clerp(Torso.Weld.C0, CFrame.new(0, 0, 0) * CFrame.Angles(math.rad(0), math.rad(0), math.rad(0)), 0.4)


function rayCast(Pos, Dir, Max, Ignore)  -- Origin Position , Direction, MaxDistance , IgnoreDescendants
return game:service("Workspace"):FindPartOnRay(Ray.new(Pos, Dir.unit * (Max or 999.999)), Ignore) 
end 

Damagefunc=function(hit,minim,maxim,knockback,Type,Property,Delay,KnockbackType,decreaseblock)
        if hit.Parent==nil then
                return
        end
        h=hit.Parent:FindFirstChild("Humanoid")
        for _,v in pairs(hit.Parent:children()) do
        if v:IsA("Humanoid") then
        h=v
        end
        end
        if hit.Parent.Parent:FindFirstChild("Torso")~=nil then
        h=hit.Parent.Parent:FindFirstChild("Humanoid")
        end
        if hit.Parent.className=="Hat" then
        hit=hit.Parent.Parent:findFirstChild("Head")
        end
        if h~=nil and hit.Parent.Name~=Character.Name and hit.Parent:FindFirstChild("Torso")~=nil then
        if hit.Parent:findFirstChild("DebounceHit")~=nil then if hit.Parent.DebounceHit.Value==true then return end end
        --[[                if game.Players:GetPlayerFromCharacter(hit.Parent)~=nil then
                        return
                end]]
--                        hs(hit,1.2) 
                        c=Instance.new("ObjectValue")
                        c.Name="creator"
                        c.Value=game:service("Players").LocalPlayer
                        c.Parent=h
                        game:GetService("Debris"):AddItem(c,.5)
                Damage=math.random(minim,maxim)
--                h:TakeDamage(Damage)
                blocked=false
                block=hit.Parent:findFirstChild("Block")
                if block~=nil then
                print(block.className)
                if block.className=="NumberValue" then
                if block.Value>0 then
                blocked=true
                if decreaseblock==nil then
                block.Value=block.Value-1
                end
                end
                end
                if block.className=="IntValue" then
                if block.Value>0 then
                blocked=true
                if decreaseblock~=nil then
                block.Value=block.Value-1
                end
                end
                end
                end
                if blocked==false then
--                h:TakeDamage(Damage)
                h.Health=h.Health-Damage
                showDamage(hit.Parent,Damage,.5,BrickColor.new("New Yeller"))
                else
                h.Health=h.Health-(Damage/2)
                showDamage(hit.Parent,Damage/2,.5,BrickColor.new("Bright blue"))
                end
                if Type=="Knockdown" then
                hum=hit.Parent.Humanoid
hum.PlatformStand=true
coroutine.resume(coroutine.create(function(HHumanoid)
swait(1)
HHumanoid.PlatformStand=false
end),hum)
                local angle=(hit.Position-(Property.Position+Vector3.new(0,0,0))).unit
--hit.CFrame=CFrame.new(hit.Position,Vector3.new(angle.x,hit.Position.y,angle.z))*CFrame.fromEulerAnglesXYZ(math.pi/4,0,0)
local bodvol=Instance.new("BodyVelocity")
bodvol.velocity=angle*knockback
bodvol.P=5000
bodvol.maxForce=Vector3.new(8e+003, 8e+003, 8e+003)
bodvol.Parent=hit
rl=Instance.new("BodyAngularVelocity")
rl.P=3000
rl.maxTorque=Vector3.new(500000,500000,500000)*50000000000000
rl.angularvelocity=Vector3.new(math.random(-10,10),math.random(-10,10),math.random(-10,10))
rl.Parent=hit
game:GetService("Debris"):AddItem(bodvol,.5)
game:GetService("Debris"):AddItem(rl,.5)
                elseif Type=="Normal" then
                vp=Instance.new("BodyVelocity")
                vp.P=500
                vp.maxForce=Vector3.new(math.huge,0,math.huge)
--                vp.velocity=Character.Torso.CFrame.lookVector*Knockback
                if KnockbackType==1 then
                vp.velocity=Property.CFrame.lookVector*knockback+Property.Velocity/1.05
                elseif KnockbackType==2 then
                vp.velocity=Property.CFrame.lookVector*knockback
                end
                if knockback>0 then
                        vp.Parent=hit.Parent.Torso
                end
                game:GetService("Debris"):AddItem(vp,.5)
                elseif Type=="Up" then
                local bodyVelocity=Instance.new("BodyVelocity")
                bodyVelocity.velocity=vt(0,60,0)
                bodyVelocity.P=5000
                bodyVelocity.maxForce=Vector3.new(8e+003, 8e+003, 8e+003)
                bodyVelocity.Parent=hit
                game:GetService("Debris"):AddItem(bodyVelocity,1)
                rl=Instance.new("BodyAngularVelocity")
                rl.P=3000
                rl.maxTorque=Vector3.new(500000,500000,500000)*50000000000000
                rl.angularvelocity=Vector3.new(math.random(-30,30),math.random(-30,30),math.random(-30,30))
                rl.Parent=hit
                game:GetService("Debris"):AddItem(rl,.5)
                elseif Type=="Snare" then
                bp=Instance.new("BodyPosition")
                bp.P=2000
                bp.D=100
                bp.maxForce=Vector3.new(math.huge,math.huge,math.huge)
                bp.position=hit.Parent.Torso.Position
                bp.Parent=hit.Parent.Torso
                game:GetService("Debris"):AddItem(bp,1)
                elseif Type=="Target" then
                if Targetting==false then
                ZTarget=hit.Parent.Torso
                coroutine.resume(coroutine.create(function(Part) 
                so("http://www.roblox.com/asset/?id=15666462",Part,1,1.5) 
                swait(5)
                so("http://www.roblox.com/asset/?id=15666462",Part,1,1.5) 
                end),ZTarget)
                TargHum=ZTarget.Parent:findFirstChild("Humanoid")
                targetgui=Instance.new("BillboardGui")
                targetgui.Parent=ZTarget
                targetgui.Size=UDim2.new(10,100,10,100)
                targ=Instance.new("ImageLabel")
                targ.Parent=targetgui
                targ.BackgroundTransparency=1
                targ.Image="rbxassetid://4834067"
                targ.Size=UDim2.new(1,0,1,0)
                cam.CameraType="Scriptable"
                cam.CoordinateFrame=CFrame.new(Head.CFrame.p,ZTarget.Position)
                dir=Vector3.new(cam.CoordinateFrame.lookVector.x,0,cam.CoordinateFrame.lookVector.z)
                workspace.CurrentCamera.CoordinateFrame=CFrame.new(Head.CFrame.p,ZTarget.Position)
                Targetting=true
                RocketTarget=ZTarget
                for i=1,Property do
                --while Targetting==true and Humanoid.Health>0 and Character.Parent~=nil do
                if Humanoid.Health>0 and Character.Parent~=nil and TargHum.Health>0 and TargHum.Parent~=nil and Targetting==true then
                swait()
                end
                --workspace.CurrentCamera.CoordinateFrame=CFrame.new(Head.CFrame.p,Head.CFrame.p+rmdir*100)
                cam.CoordinateFrame=CFrame.new(Head.CFrame.p,ZTarget.Position)
                dir=Vector3.new(cam.CoordinateFrame.lookVector.x,0,cam.CoordinateFrame.lookVector.z)
                cam.CoordinateFrame=CFrame.new(Head.CFrame.p,ZTarget.Position)*cf(0,5,10)*euler(-0.3,0,0)
                end
                Targetting=false
                RocketTarget=nil
                targetgui.Parent=nil
                cam.CameraType="Custom"
                end
                end
                        debounce=Instance.new("BoolValue")
                        debounce.Name="DebounceHit"
                        debounce.Parent=hit.Parent
                        debounce.Value=true
                        game:GetService("Debris"):AddItem(debounce,Delay)
                        c=Instance.new("ObjectValue")
                        c.Name="creator"
                        c.Value=Player
                        c.Parent=h
                        game:GetService("Debris"):AddItem(c,.5)
                CRIT=false
                hitDeb=true
                AttackPos=6
        end
end
 
showDamage=function(Char,Dealt,du,Color)
        m=Instance.new("Model")
        m.Name=tostring(Dealt)
        h=Instance.new("Humanoid")
        h.Health=0
        h.MaxHealth=0
        h.Parent=m
        c=Instance.new("Part")
        c.Transparency=0
        c.BrickColor=Color
        c.Name="Head"
        c.TopSurface=0
        c.BottomSurface=0
        c.formFactor="Plate"
        c.Size=Vector3.new(1,.4,1)
        ms=Instance.new("CylinderMesh")
        ms.Scale=Vector3.new(.8,.8,.8)
        if CRIT==true then
                ms.Scale=Vector3.new(1,1.25,1)
        end
        ms.Parent=c
        c.Reflectance=0
        Instance.new("BodyGyro").Parent=c
        c.Parent=m
        if Char:findFirstChild("Head")~=nil then
        c.CFrame=CFrame.new(Char["Head"].CFrame.p+Vector3.new(0,1.5,0))
        elseif Char.Parent:findFirstChild("Head")~=nil then
        c.CFrame=CFrame.new(Char.Parent["Head"].CFrame.p+Vector3.new(0,1.5,0))
        end
        f=Instance.new("BodyPosition")
        f.P=2000
        f.D=100
        f.maxForce=Vector3.new(math.huge,math.huge,math.huge)
        f.position=c.Position+Vector3.new(0,3,0)
        f.Parent=c
        game:GetService("Debris"):AddItem(m,.5+du)
        c.CanCollide=false
        m.Parent=workspace
        c.CanCollide=false
end

Player=game:GetService('Players').LocalPlayer
Character=Player.Character
Mouse=Player:GetMouse()
m=Instance.new('Model',Character)
it=Instance.new
function nooutline(part)
	part.TopSurface,part.BottomSurface,part.LeftSurface,part.RightSurface,part.FrontSurface,part.BackSurface = 10,10,10,10,10,10
end
function part(formfactor,parent,material,reflectance,transparency,brickcolor,name,size)
	local fp=it("Part")
	fp.formFactor=formfactor
	fp.Parent=parent
	fp.Reflectance=reflectance
	fp.Transparency=transparency
	fp.CanCollide=false
	fp.Locked=true
	fp.BrickColor=BrickColor.new(tostring(brickcolor))
	fp.Name=name
	fp.Size=size
	fp.Position=Character.Torso.Position
	nooutline(fp)
	fp.Material=material
	fp:BreakJoints()
	return fp
end
function mesh(Mesh,part,meshtype,meshid,offset,scale)
	local mesh=it(Mesh)
	mesh.Parent=part
	if Mesh=="SpecialMesh" then
		mesh.MeshType=meshtype
		mesh.MeshId=meshid
	end
	mesh.Offset=offset
	mesh.Scale=scale
	return mesh
end
function weld(parent,part0,part1,c0,c1)
	local weld=it("Weld")
	weld.Parent=parent
	weld.Part0=part0
	weld.Part1=part1
	weld.C0=c0
	weld.C1=c1
	return weld
end

Player=game:GetService('Players').LocalPlayer
Character=Player.Character
Mouse=Player:GetMouse()
m=Instance.new('Model',Character)
it=Instance.new
function nooutline(part)
	part.TopSurface,part.BottomSurface,part.LeftSurface,part.RightSurface,part.FrontSurface,part.BackSurface = 10,10,10,10,10,10
end
function part(formfactor,parent,material,reflectance,transparency,brickcolor,name,size)
	local fp=it("Part")
	fp.formFactor=formfactor
	fp.Parent=parent
	fp.Reflectance=reflectance
	fp.Transparency=transparency
	fp.CanCollide=false
	fp.Locked=true
	fp.BrickColor=BrickColor.new(tostring(brickcolor))
	fp.Name=name
	fp.Size=size
	fp.Position=Character.Torso.Position
	nooutline(fp)
	fp.Material=material
	fp:BreakJoints()
	return fp
end
function mesh(Mesh,part,meshtype,meshid,offset,scale)
	local mesh=it(Mesh)
	mesh.Parent=part
	if Mesh=="SpecialMesh" then
		mesh.MeshType=meshtype
		mesh.MeshId=meshid
	end
	mesh.Offset=offset
	mesh.Scale=scale
	return mesh
end
function weld(parent,part0,part1,c0,c1)
	local weld=it("Weld")
	weld.Parent=parent
	weld.Part0=part0
	weld.Part1=part1
	weld.C0=c0
	weld.C1=c1
	return weld
end

Player=game:GetService('Players').LocalPlayer
Character=Player.Character
Mouse=Player:GetMouse()
m=Instance.new('Model',Character)
it=Instance.new
function nooutline(part)
	part.TopSurface,part.BottomSurface,part.LeftSurface,part.RightSurface,part.FrontSurface,part.BackSurface = 10,10,10,10,10,10
end
function part(formfactor,parent,material,reflectance,transparency,brickcolor,name,size)
	local fp=it("Part")
	fp.formFactor=formfactor
	fp.Parent=parent
	fp.Reflectance=reflectance
	fp.Transparency=transparency
	fp.CanCollide=false
	fp.Locked=true
	fp.BrickColor=BrickColor.new(tostring(brickcolor))
	fp.Name=name
	fp.Size=size
	fp.Position=Character.Torso.Position
	nooutline(fp)
	fp.Material=material
	fp:BreakJoints()
	return fp
end
function mesh(Mesh,part,meshtype,meshid,offset,scale)
	local mesh=it(Mesh)
	mesh.Parent=part
	if Mesh=="SpecialMesh" then
		mesh.MeshType=meshtype
		mesh.MeshId=meshid
	end
	mesh.Offset=offset
	mesh.Scale=scale
	return mesh
end
function weld(parent,part0,part1,c0,c1)
	local weld=it("Weld")
	weld.Parent=parent
	weld.Part0=part0
	weld.Part1=part1
	weld.C0=c0
	weld.C1=c1
	return weld
end

Handle=part(Enum.FormFactor.Custom,m,Enum.Material.Plastic,0,0,"Dark stone grey","Handle",Vector3.new(0.432347655, 1.46774554, 0.432347715))
HandleWeld=weld(m,Character["Right Arm"],Handle,CFrame.new(0, 0, 0, 1, 0, 0, 0, 0.999994874, 0, 0, 0, 1),CFrame.new(-0.0238761902, -0.643738747, 0.951609612, 1, -3.93950415e-007, -7.33235552e-008, -1.83752363e-007, -0.500038326, -0.866003275, 2.00045037e-007, 0.866004765, -0.500039279))
mesh("BlockMesh",Handle,"","",Vector3.new(0, 0, 0),Vector3.new(0.453915209, 0.435486168, 0.907830358))
Part=part(Enum.FormFactor.Custom,m,Enum.Material.Plastic,0,0,"Dark stone grey","Part",Vector3.new(2.84561348, 0.432347715, 0.432347715))
Partweld=weld(m,Handle,Part,CFrame.new(0, 0, 0, 1, -3.93950415e-007, -7.33235552e-008, -1.83752363e-007, -0.500038326, -0.866003275, 2.00045037e-007, 0.866004765, -0.500039279),CFrame.new(-6.38579845, -0.147186279, 1.96928692, -3.60331796e-007, -1.00000119, 5.87999821e-005, 1, -4.89164961e-007, -1.08895435e-007, 9.46928367e-008, 5.73694706e-005, 1.00000048))
mesh("SpecialMesh",Part,Enum.MeshType.Wedge,"",Vector3.new(0, 0, 0),Vector3.new(1, 0.226958096, 0.226957589))
Part=part(Enum.FormFactor.Custom,m,Enum.Material.Plastic,0,0,"Dark stone grey","Part",Vector3.new(2.84561348, 0.432347715, 0.432347715))
Partweld=weld(m,Handle,Part,CFrame.new(0, 0, 0, 1, -3.93950415e-007, -7.33235552e-008, -1.83752363e-007, -0.500038326, -0.866003275, 2.00045037e-007, 0.866004765, -0.500039279),CFrame.new(-6.38580227, -1.4786582, -0.0490608215, -3.17553969e-007, -1.00000119, 5.87999821e-005, 2.45077985e-008, -5.73694706e-005, -1.00000048, 1, -4.46380227e-007, 1.03026991e-008))
mesh("SpecialMesh",Part,Enum.MeshType.Wedge,"",Vector3.new(0, 0, 0),Vector3.new(1, 0.226958096, 0.226957589))
Part=part(Enum.FormFactor.Symmetric,m,Enum.Material.Plastic,0,0,"Dark stone grey","Part",Vector3.new(0.490622938, 1.07937324, 1.37374437))
Partweld=weld(m,Handle,Part,CFrame.new(0, 0, 0, 1, -3.93950415e-007, -7.33235552e-008, -1.83752363e-007, -0.500038326, -0.866003275, 2.00045037e-007, 0.866004765, -0.500039279),CFrame.new(0.0490570068, -0.791760921, 0.547310829, 1, -4.46891647e-007, -4.92917671e-008, -3.50839642e-008, -4.87565994e-005, -1.00000048, 3.18062291e-007, 1.00000119, -5.02169132e-005))
Part=part(Enum.FormFactor.Custom,m,Enum.Material.Plastic,0,0,"Dark stone grey","Part",Vector3.new(0.432347655, 0.432347715, 2.84561276))
Partweld=weld(m,Handle,Part,CFrame.new(0, 0, 0, 1, -3.93950415e-007, -7.33235552e-008, -1.83752363e-007, -0.500038326, -0.866003275, 2.00045037e-007, 0.866004765, -0.500039279),CFrame.new(-0.0490608215, -1.96923208, 6.3858161, 1, -4.46891647e-007, -4.92917671e-008, -3.50839642e-008, -4.87565994e-005, -1.00000048, 3.18062291e-007, 1.00000119, -5.02169132e-005))
mesh("BlockMesh",Part,"","",Vector3.new(0, 0, 0),Vector3.new(0.226957604, 0.226958096, 1))
Part=part(Enum.FormFactor.Custom,m,Enum.Material.Plastic,0,0,"Dark stone grey","Part",Vector3.new(0.432347655, 0.432347715, 1.668118))
Partweld=weld(m,Handle,Part,CFrame.new(0, 0, 0, 1, -3.93950415e-007, -7.33235552e-008, -1.83752363e-007, -0.500038326, -0.866003275, 2.00045037e-007, 0.866004765, -0.500039279),CFrame.new(0.665903091, 1.19417429, 7.27876043, -0.707097769, 3.49879265e-005, 0.707116127, 0.707115829, 3.41534615e-005, 0.707098126, 4.43859108e-007, 1.00000119, -5.03361225e-005))
mesh("BlockMesh",Part,"","",Vector3.new(0, 0, 0),Vector3.new(0.226957604, 0.226958096, 1))
Part=part(Enum.FormFactor.Custom,m,Enum.Material.Plastic,0,0,"Dark stone grey","Part",Vector3.new(0.490622938, 0.432347715, 0.432347715))
Partweld=weld(m,Handle,Part,CFrame.new(0, 0, 0, 1, -3.93950415e-007, -7.33235552e-008, -1.83752363e-007, -0.500038326, -0.866003275, 2.00045037e-007, 0.866004765, -0.500039279),CFrame.new(-0.0490589142, -0.483884811, 0.00761604309, -1, 4.46888748e-007, -1.03144195e-008, -2.45221941e-008, 4.87565994e-005, 1.00000048, 3.18062263e-007, 1.00000119, -5.02169132e-005))
mesh("SpecialMesh",Part,Enum.MeshType.Wedge,"",Vector3.new(0, 0, 0),Vector3.new(1, 0.680874228, 0.680872738))
Part=part(Enum.FormFactor.Custom,m,Enum.Material.Plastic,0,0,"Dark stone grey","Part",Vector3.new(0.490622938, 0.432347715, 1.7662425))
Partweld=weld(m,Handle,Part,CFrame.new(0, 0, 0, 1, -3.93950415e-007, -7.33235552e-008, -1.83752363e-007, -0.500038326, -0.866003275, 2.00045037e-007, 0.866004765, -0.500039279),CFrame.new(0.0490589142, 1.02356577, -1.61146116, 1, -4.46891647e-007, -4.92917671e-008, -3.50839642e-008, -4.87565994e-005, -1.00000048, 3.18062291e-007, 1.00000119, -5.02169132e-005))
mesh("BlockMesh",Part,"","",Vector3.new(0, 0, 0),Vector3.new(1, 0.907832682, 1))
Part=part(Enum.FormFactor.Custom,m,Enum.Material.Plastic,0,0,"Dark stone grey","Part",Vector3.new(0.432347655, 0.432347715, 0.432347715))
Partweld=weld(m,Handle,Part,CFrame.new(0, 0, 0, 1, -3.93950415e-007, -7.33235552e-008, -1.83752363e-007, -0.500038326, -0.866003275, 2.00045037e-007, 0.866004765, -0.500039279),CFrame.new(-0.441556931, 1.57671928, 8.05396271, -1, 4.46891647e-007, 4.92917671e-008, 3.50839642e-008, 4.87565994e-005, 1.00000048, 3.18062291e-007, 1.00000119, -5.02169132e-005))
mesh("BlockMesh",Part,"","",Vector3.new(0, 0, 0),Vector3.new(0.680872858, 0.226958096, 0.226957589))
Part=part(Enum.FormFactor.Custom,m,Enum.Material.Plastic,0,0,"Dark stone grey","Part",Vector3.new(0.432347655, 1.17749763, 0.432347715))
Partweld=weld(m,Handle,Part,CFrame.new(0, 0, 0, 1, -3.93950415e-007, -7.33235552e-008, -1.83752363e-007, -0.500038326, -0.866003275, 2.00045037e-007, 0.866004765, -0.500039279),CFrame.new(0.0490570068, -0.742664337, 5.35547161, 1, -4.46891647e-007, -4.92917671e-008, -3.50839642e-008, -4.87565994e-005, -1.00000048, 3.18062291e-007, 1.00000119, -5.02169132e-005))
mesh("BlockMesh",Part,"","",Vector3.new(0, 0, 0),Vector3.new(0.680872858, 1, 0.907830358))
Part=part(Enum.FormFactor.Custom,m,Enum.Material.Plastic,0,0,"Dark stone grey","Part",Vector3.new(0.432347655, 0.432347715, 2.84561276))
Partweld=weld(m,Handle,Part,CFrame.new(0, 0, 0, 1, -3.93950415e-007, -7.33235552e-008, -1.83752363e-007, -0.500038326, -0.866003275, 2.00045037e-007, 0.866004765, -0.500039279),CFrame.new(-0.0490608215, -1.96928167, 0.694499969, 1, -4.46891647e-007, -4.92917671e-008, -3.50839642e-008, -4.87565994e-005, -1.00000048, 3.18062291e-007, 1.00000119, -5.02169132e-005))
mesh("BlockMesh",Part,"","",Vector3.new(0, 0, 0),Vector3.new(0.226957604, 0.226958096, 1))
Part=part(Enum.FormFactor.Custom,m,Enum.Material.Plastic,0,0,"Dark stone grey","Part",Vector3.new(0.432347655, 0.432347715, 2.45311451))
Partweld=weld(m,Handle,Part,CFrame.new(0, 0, 0, 1, -3.93950415e-007, -7.33235552e-008, -1.83752363e-007, -0.500038326, -0.866003275, 2.00045037e-007, 0.866004765, -0.500039279),CFrame.new(-0.245313644, -1.96931839, -1.95488787, 1, -4.46891647e-007, -4.92917671e-008, -3.50839642e-008, -4.87565994e-005, -1.00000048, 3.18062291e-007, 1.00000119, -5.02169132e-005))
mesh("BlockMesh",Part,"","",Vector3.new(0, 0, 0),Vector3.new(0.226957604, 0.226958096, 1))
Part=part(Enum.FormFactor.Custom,m,Enum.Material.Plastic,0,0,"Dark stone grey","Part",Vector3.new(0.432347655, 0.432347715, 1.668118))
Partweld=weld(m,Handle,Part,CFrame.new(0, 0, 0, 1, -3.93950415e-007, -7.33235552e-008, -1.83752363e-007, -0.500038326, -0.866003275, 2.00045037e-007, 0.866004765, -0.500039279),CFrame.new(-0.539680481, 1.67485046, 7.26895666, -1, 4.46891647e-007, 4.92917671e-008, 3.50839642e-008, 4.87565994e-005, 1.00000048, 3.18062291e-007, 1.00000119, -5.02169132e-005))
mesh("BlockMesh",Part,"","",Vector3.new(0, 0, 0),Vector3.new(0.226957604, 0.226958096, 1))
Part=part(Enum.FormFactor.Custom,m,Enum.Material.Plastic,0,0,"Dark stone grey","Part",Vector3.new(2.84561348, 0.432347715, 0.432347715))
Partweld=weld(m,Handle,Part,CFrame.new(0, 0, 0, 1, -3.93950415e-007, -7.33235552e-008, -1.83752363e-007, -0.500038326, -0.866003275, 2.00045037e-007, 0.866004765, -0.500039279),CFrame.new(-6.38580036, 0.0490589142, -1.87116051, -2.90589298e-007, -1.00000119, 5.87999821e-005, -1, 4.19412089e-007, -6.991894e-008, 8.41255599e-008, -5.73694706e-005, -1.00000048))
mesh("SpecialMesh",Part,Enum.MeshType.Wedge,"",Vector3.new(0, 0, 0),Vector3.new(1, 0.226958096, 0.226957589))
Part=part(Enum.FormFactor.Custom,m,Enum.Material.Neon,0,0,"Lily white","Part",Vector3.new(0.490622938, 0.432347715, 0.432347715))
Partweld=weld(m,Handle,Part,CFrame.new(0, 0, 0, 1, -3.93950415e-007, -7.33235552e-008, -1.83752363e-007, -0.500038326, -0.866003275, 2.00045037e-007, 0.866004765, -0.500039279),CFrame.new(-0.0490570068, 1.57762623, -1.18428707, -1, 5.03652586e-007, -9.78606565e-008, 3.74831302e-007, 1.00000119, -5.90085983e-005, 1.12062189e-007, -5.75780869e-005, -1.00000048))
mesh("SpecialMesh",Part,Enum.MeshType.Wedge,"",Vector3.new(0, 0, 0),Vector3.new(1, 0.680874228, 0.680872738))
Part=part(Enum.FormFactor.Custom,m,Enum.Material.Plastic,0,0,"Dark stone grey","Part",Vector3.new(0.432347655, 0.432347715, 2.84561276))
Partweld=weld(m,Handle,Part,CFrame.new(0, 0, 0, 1, -3.93950415e-007, -7.33235552e-008, -1.83752363e-007, -0.500038326, -0.866003275, 2.00045037e-007, 0.866004765, -0.500039279),CFrame.new(0.0490570068, -1.96923208, 6.3858161, 1, -4.46891647e-007, -4.92917671e-008, -3.50839642e-008, -4.87565994e-005, -1.00000048, 3.18062291e-007, 1.00000119, -5.02169132e-005))
mesh("BlockMesh",Part,"","",Vector3.new(0, 0, 0),Vector3.new(0.226957604, 0.226958096, 1))
Part=part(Enum.FormFactor.Custom,m,Enum.Material.Plastic,0,0,"Dark stone grey","Part",Vector3.new(2.84561348, 0.432347715, 0.432347715))
Partweld=weld(m,Handle,Part,CFrame.new(0, 0, 0, 1, -3.93950415e-007, -7.33235552e-008, -1.83752363e-007, -0.500038326, -0.866003275, 2.00045037e-007, 0.866004765, -0.500039279),CFrame.new(-0.694484234, -0.147184372, 1.96928787, -3.60331796e-007, -1.00000119, 5.87999821e-005, 1, -4.89164961e-007, -1.08895435e-007, 9.46928367e-008, 5.73694706e-005, 1.00000048))
mesh("SpecialMesh",Part,Enum.MeshType.Wedge,"",Vector3.new(0, 0, 0),Vector3.new(1, 0.226958096, 0.226957589))
Part=part(Enum.FormFactor.Custom,m,Enum.Material.Plastic,0,0,"Dark stone grey","Part",Vector3.new(0.432347655, 0.432347715, 2.55123901))
Partweld=weld(m,Handle,Part,CFrame.new(0, 0, 0, 1, -3.93950415e-007, -7.33235552e-008, -1.83752363e-007, -0.500038326, -0.866003275, 2.00045037e-007, 0.866004765, -0.500039279),CFrame.new(1.03910494, -0.382684708, 7.51424408, -2.45105412e-008, 4.87565994e-005, 1.00000048, 1, -4.46888748e-007, 1.03027666e-008, 3.18062291e-007, 1.00000119, -5.02169132e-005))
mesh("BlockMesh",Part,"","",Vector3.new(0, 0, 0),Vector3.new(0.226957604, 0.453916222, 1))
Part=part(Enum.FormFactor.Custom,m,Enum.Material.Plastic,0,0,"Dark stone grey","Part",Vector3.new(2.84561348, 0.432347715, 0.432347715))
Partweld=weld(m,Handle,Part,CFrame.new(0, 0, 0, 1, -3.93950415e-007, -7.33235552e-008, -1.83752363e-007, -0.500038326, -0.866003275, 2.00045037e-007, 0.866004765, -0.500039279),CFrame.new(-6.38579798, -1.9692874, 0.2453022, -3.17553969e-007, -1.00000119, 5.87999821e-005, 2.45077985e-008, -5.73694706e-005, -1.00000048, 1, -4.46380227e-007, 1.03026991e-008))
mesh("SpecialMesh",Part,Enum.MeshType.Wedge,"",Vector3.new(0, 0, 0),Vector3.new(1, 0.226958096, 0.226957589))
Part=part(Enum.FormFactor.Custom,m,Enum.Material.Plastic,0,0,"Dark stone grey","Part",Vector3.new(0.432347655, 0.432347715, 0.432347715))
Partweld=weld(m,Handle,Part,CFrame.new(0, 0, 0, 1, -3.93950415e-007, -7.33235552e-008, -1.83752363e-007, -0.500038326, -0.866003275, 2.00045037e-007, 0.866004765, -0.500039279),CFrame.new(0.34344101, -2.50901222, 1.22480965, 1, -4.46891647e-007, -4.92917671e-008, -3.50839642e-008, -4.87565994e-005, -1.00000048, 3.18062291e-007, 1.00000119, -5.02169132e-005))
mesh("BlockMesh",Part,"","",Vector3.new(0, 0, 0),Vector3.new(0.226957604, 0.453916222, 0.680872798))
Part=part(Enum.FormFactor.Custom,m,Enum.Material.Plastic,0,0,"Dark stone grey","Part",Vector3.new(0.432347655, 0.432347715, 0.432347715))
Partweld=weld(m,Handle,Part,CFrame.new(0, 0, 0, 1, -3.93950415e-007, -7.33235552e-008, -1.83752363e-007, -0.500038326, -0.866003275, 2.00045037e-007, 0.866004765, -0.500039279),CFrame.new(-0.0490589142, -2.75432682, -1.02857161, -1, 5.93067284e-007, 5.20292858e-008, -3.78288192e-008, -4.87565994e-005, -1.00000048, -4.64237644e-007, -1.00000119, 5.02169132e-005))
mesh("SpecialMesh",Part,Enum.MeshType.Wedge,"",Vector3.new(0, 0, 0),Vector3.new(0.680872858, 0.226958096, 0.226957589))
Part=part(Enum.FormFactor.Custom,m,Enum.Material.Plastic,0,0.5,"Toothpaste","Part",Vector3.new(0.432347655, 0.432347715, 0.432347715))
Partweld=weld(m,Handle,Part,CFrame.new(0, 0, 0, 1, -3.93950415e-007, -7.33235552e-008, -1.83752363e-007, -0.500038326, -0.866003275, 2.00045037e-007, 0.866004765, -0.500039279),CFrame.new(-2.50904942, 0.245313644, -0.541429996, -9.46957712e-008, -4.87565994e-005, -1.00000048, -1, 4.46894546e-007, 1.08903606e-007, 3.18062291e-007, 1.00000119, -5.02169132e-005))
mesh("BlockMesh",Part,"","",Vector3.new(0, 0, 0),Vector3.new(0.453915209, 0.680874527, 0.226957589))
Part=part(Enum.FormFactor.Custom,m,Enum.Material.Plastic,0,0,"Dark stone grey","Part",Vector3.new(0.432347655, 0.432347715, 2.84561276))
Partweld=weld(m,Handle,Part,CFrame.new(0, 0, 0, 1, -3.93950415e-007, -7.33235552e-008, -1.83752363e-007, -0.500038326, -0.866003275, 2.00045037e-007, 0.866004765, -0.500039279),CFrame.new(0.343439102, -1.5767169, 6.38582945, 1, -4.46891647e-007, -4.92917671e-008, -3.50839642e-008, -4.87565994e-005, -1.00000048, 3.18062291e-007, 1.00000119, -5.02169132e-005))
mesh("BlockMesh",Part,"","",Vector3.new(0, 0, 0),Vector3.new(0.226957604, 0.226958096, 1))
Part=part(Enum.FormFactor.Custom,m,Enum.Material.Plastic,0,0,"Dark stone grey","Part",Vector3.new(0.432347655, 0.432347715, 0.432347715))
Partweld=weld(m,Handle,Part,CFrame.new(0, 0, 0, 1, -3.93950415e-007, -7.33235552e-008, -1.83752363e-007, -0.500038326, -0.866003275, 2.00045037e-007, 0.866004765, -0.500039279),CFrame.new(0.0490589142, 3.49106264, 1.18428373, 1, -3.28492746e-007, -2.35756062e-007, 1.99652547e-007, 1.00000119, -5.87999821e-005, 2.21543942e-007, 5.73694706e-005, 1.00000048))
mesh("CylinderMesh",Part,"","",Vector3.new(0, 0, 0),Vector3.new(0.680872858, 0.45391649, 0.680872858))
Part=part(Enum.FormFactor.Custom,m,Enum.Material.Plastic,0,0,"Dark stone grey","Part",Vector3.new(0.432347655, 0.432347715, 2.55123901))
Partweld=weld(m,Handle,Part,CFrame.new(0, 0, 0, 1, -3.93950415e-007, -7.33235552e-008, -1.83752363e-007, -0.500038326, -0.866003275, 2.00045037e-007, 0.866004765, -0.500039279),CFrame.new(-0.147186279, -2.50899839, 1.27389431, 1, -4.46891647e-007, -4.92917671e-008, -3.50839642e-008, -4.87565994e-005, -1.00000048, 3.18062291e-007, 1.00000119, -5.02169132e-005))
mesh("BlockMesh",Part,"","",Vector3.new(0, 0, 0),Vector3.new(0.226957604, 0.453916222, 1))
Part=part(Enum.FormFactor.Custom,m,Enum.Material.Plastic,0,0,"Dark stone grey","Part",Vector3.new(2.84561348, 0.432347715, 0.432347715))
Partweld=weld(m,Handle,Part,CFrame.new(0, 0, 0, 1, -3.93950415e-007, -7.33235552e-008, -1.83752363e-007, -0.500038326, -0.866003275, 2.00045037e-007, 0.866004765, -0.500039279),CFrame.new(-6.38580227, 1.47865772, 0.245313644, -3.18063314e-007, -1.00000119, 5.87999821e-005, 3.50953684e-008, 5.73694706e-005, 1.00000048, -1, 4.46892955e-007, 4.9300418e-008))
mesh("SpecialMesh",Part,Enum.MeshType.Wedge,"",Vector3.new(0, 0, 0),Vector3.new(1, 0.226958096, 0.226957589))
Part=part(Enum.FormFactor.Custom,m,Enum.Material.Plastic,0,0,"Dark stone grey","Part",Vector3.new(0.432347655, 0.432347715, 2.84561276))
Partweld=weld(m,Handle,Part,CFrame.new(0, 0, 0, 1, -3.93950415e-007, -7.33235552e-008, -1.83752363e-007, -0.500038326, -0.866003275, 2.00045037e-007, 0.866004765, -0.500039279),CFrame.new(0.343439102, -1.77297306, 6.38581324, 1, -4.46891647e-007, -4.92917671e-008, -3.50839642e-008, -4.87565994e-005, -1.00000048, 3.18062291e-007, 1.00000119, -5.02169132e-005))
mesh("BlockMesh",Part,"","",Vector3.new(0, 0, 0),Vector3.new(0.226957604, 0.226958096, 1))
Part=part(Enum.FormFactor.Custom,m,Enum.Material.Plastic,0,0,"Dark stone grey","Part",Vector3.new(0.432347655, 0.432347715, 1.177495))
Partweld=weld(m,Handle,Part,CFrame.new(0, 0, 0, 1, -3.93950415e-007, -7.33235552e-008, -1.83752363e-007, -0.500038326, -0.866003275, 2.00045037e-007, 0.866004765, -0.500039279),CFrame.new(0.2453022, -1.13522863, -1.61146402, 1, -4.46891647e-007, -4.92917671e-008, -3.50839642e-008, -4.87565994e-005, -1.00000048, 3.18062291e-007, 1.00000119, -5.02169132e-005))
mesh("BlockMesh",Part,"","",Vector3.new(0, 0, 0),Vector3.new(0.226957604, 0.907832682, 1))
Part=part(Enum.FormFactor.Custom,m,Enum.Material.Neon,0,0,"Bright red","Part",Vector3.new(0.432347655, 0.432347715, 0.432347715))
Partweld=weld(m,Handle,Part,CFrame.new(0, 0, 0, 1, -3.93950415e-007, -7.33235552e-008, -1.83752363e-007, -0.500038326, -0.866003275, 2.00045037e-007, 0.866004765, -0.500039279),CFrame.new(-3.1966908, -0.245315552, 0.889906406, -3.18063314e-007, -1.00000119, 5.87999821e-005, 1, -4.46892955e-007, -4.92917493e-008, 3.50866856e-008, 5.73694706e-005, 1.00000048))
mesh("CylinderMesh",Part,"","",Vector3.new(0, 0, 0),Vector3.new(0.453915119, 0.226958096, 0.680872738))
Part=part(Enum.FormFactor.Custom,m,Enum.Material.Plastic,0,0,"Dark stone grey","Part",Vector3.new(0.432347655, 0.432347715, 0.432347715))
Partweld=weld(m,Handle,Part,CFrame.new(0, 0, 0, 1, -3.93950415e-007, -7.33235552e-008, -1.83752363e-007, -0.500038326, -0.866003275, 2.00045037e-007, 0.866004765, -0.500039279),CFrame.new(-1.54163361, -1.13123608, 8.05396271, 0.707097888, -3.48687172e-005, -0.707116067, -0.70711571, -3.42428684e-005, -0.707098246, 3.17420216e-007, 1.00000119, -5.03361225e-005))
mesh("BlockMesh",Part,"","",Vector3.new(0, 0, 0),Vector3.new(0.680872858, 0.226958096, 0.226957589))
Part=part(Enum.FormFactor.Custom,m,Enum.Material.Neon,0,0,"Toothpaste","Part",Vector3.new(0.432347655, 0.432347715, 0.432347715))
Partweld=weld(m,Handle,Part,CFrame.new(0, 0, 0, 1, -3.93950415e-007, -7.33235552e-008, -1.83752363e-007, -0.500038326, -0.866003275, 2.00045037e-007, 0.866004765, -0.500039279),CFrame.new(-3.19669485, -0.245315552, 0.595514774, -3.18063314e-007, -1.00000119, 5.87999821e-005, 1, -4.46892955e-007, -4.92917493e-008, 3.50866856e-008, 5.73694706e-005, 1.00000048))
mesh("CylinderMesh",Part,"","",Vector3.new(0, 0, 0),Vector3.new(0.453915119, 0.226958096, 0.680872738))
Part=part(Enum.FormFactor.Custom,m,Enum.Material.Plastic,0,0,"Dark stone grey","Part",Vector3.new(2.55123925, 0.432347715, 0.432347715))
